7.245923186529999727e-02
7.139836406089999921e-02
7.176163614369999999e-02
7.074267498179999392e-02
7.005028923299999599e-02
6.949541052049999779e-02
8.052977357179999518e-02
7.569273367090000038e-02
7.331238103209999912e-02
9.656842961709999340e-02
8.715058228909999816e-02
8.214473171149999642e-02
7.897590462240000608e-02
7.675667307609999879e-02
7.509589180600000080e-02
7.558085408299999863e-02
7.366727066360000131e-02
7.237917561529999544e-02
7.290451740589999619e-02
7.231022989490000497e-02
7.246392715749999658e-02
7.104593711939999334e-02
7.014088620960000353e-02
6.944497162920000577e-02
7.126262925329999998e-02
6.975480822440000006e-02
6.999125451000000331e-02
7.196038367069999830e-02
7.251939133859999775e-02
7.455821336579999958e-02
7.574917725599999985e-02
9.613950043350000252e-02
9.336593703459999949e-02
1.394454562949999921e-01
1.214246997720000026e-01
1.212156330819999933e-01
1.115849218219999994e-01
1.059583504689999983e-01
1.036829586389999974e-01
1.233118604990000033e-01
1.257353996189999878e-01
1.148262337139999978e-01
1.072841610529999962e-01
1.046410703520000013e-01
1.093138896120000036e-01
1.044994680609999949e-01
1.012667237309999996e-01
9.892982511690000258e-02
1.017406996409999931e-01
9.852982296159999709e-02
9.647550435610000030e-02
9.680171828960000557e-02
9.486763143840000467e-02
9.351764039040000309e-02
9.597867847160000687e-02
9.552928954999999334e-02
1.026349161239999974e-01
9.654173413170000217e-02
9.521507696559999845e-02
9.788021449240000282e-02
9.413832791170000103e-02
9.334530909480000249e-02
9.161865311160000136e-02
9.040462663480000605e-02
8.949576169030000472e-02
8.877307452659999321e-02
8.815464633679999384e-02
8.761209010869999703e-02
8.700540743100000640e-02
8.657116407430000271e-02
9.276188780140000312e-02
9.096752251320000537e-02
8.921552816140000675e-02
8.807224092540000271e-02
8.725192008649999831e-02
8.659887582290000385e-02
9.113273408340000215e-02
1.021659163519999941e-01
9.795685230280000433e-02
9.686232124940000188e-02
9.333759060540000596e-02
9.299746460989999353e-02
9.079399522660000499e-02
8.935930856229999664e-02
8.829843874420000016e-02
1.049597440049999941e-01
1.003121929130000034e-01
9.593047189400000230e-02
9.326350312089999595e-02
9.141360472859999531e-02
9.001642577019999814e-02
8.892780861219999611e-02
2.624674328889999853e-01
2.102410263710000060e-01
1.788934807670000127e-01
1.597013397679999946e-01
1.466711255379999912e-01
1.372502433080000084e-01
1.301023320149999885e-01
1.244817633889999942e-01
1.205926119049999939e-01
1.268201086459999904e-01
1.201343483160000059e-01
1.156771747240000064e-01
1.122915596760000051e-01
1.095470789589999966e-01
1.072449641340000037e-01
1.052706849880000045e-01
1.035483053570000062e-01
1.069528299170000030e-01
1.037594970740000067e-01
1.016836527860000006e-01
1.000922083539999979e-01
9.992424031589999811e-02
9.839777001640000187e-02
9.719486063460000547e-02
9.617177708009999604e-02
9.702415896719999988e-02
9.698428512380000144e-02
9.828843522050000059e-02
1.163789791520000033e-01
1.086426087919999950e-01
1.034128755899999946e-01
1.141129667419999993e-01
1.063296620000000053e-01
1.023806343630000032e-01
1.017676028689999956e-01
1.004329847329999970e-01
1.035577192480000019e-01
9.989025870150000652e-02
1.084193557350000003e-01
1.028604927139999958e-01
9.968901491150000682e-02
9.982107636390000205e-02
9.733775671239999761e-02
9.561572825030000000e-02
9.428797523939999592e-02
9.440800040050000008e-02
9.297864515230000459e-02
9.198228388239999831e-02
9.115722940319999357e-02
1.007299637499999984e-01
1.135086543609999943e-01
1.060894405079999964e-01
1.010399521650000021e-01
9.794138616139999587e-02
9.579082240170000428e-02
9.417600871789999495e-02
9.495721993880000544e-02
9.299725880900000519e-02
9.632703983290000216e-02
9.336987500009999441e-02
9.173201382479999333e-02
9.058426917020000191e-02
9.057241944589999871e-02
8.978057532039999955e-02
8.910184232949999728e-02
8.850624405130000372e-02
8.921066197429999844e-02
8.865831585639999401e-02
8.814611147909999500e-02
8.767806414169999896e-02
8.724649136859999321e-02
8.685174319570000689e-02
9.325646740239999788e-02
9.048927257369999977e-02
8.900097924850000619e-02
8.801358738030000406e-02
8.859542050499999433e-02
8.631069799109999940e-02
8.558529192720000511e-02
8.501417837470000294e-02
1.432311140070000044e-01
1.191447167629999943e-01
1.085703246640000036e-01
1.026910957250000006e-01
9.891045356199999750e-02
1.025223174340000043e-01
1.000670410880000055e-01
9.674520856809999680e-02
9.452320305559999691e-02
9.987687881340000240e-02
9.729457142109999845e-02
9.446279569029999990e-02
9.260810393950000274e-02
9.468003525920000440e-02
9.247363312499999599e-02
9.238517566829999861e-02
9.077695600169999324e-02
9.146981463959999448e-02
8.994063662930000536e-02
9.050779885109999645e-02
9.051745150350000435e-02
1.906815467309999901e-01
1.568263473610000125e-01
2.263882844160000074e-01
2.437803371020000054e-01
1.970799855310000070e-01
1.688258658909999876e-01
1.535789557889999934e-01
1.470233602619999969e-01
1.453213354700000071e-01
1.410752054240000108e-01
2.305583124149999941e-01
1.780666540699999967e-01
1.546643992989999994e-01
2.299478978779999905e-01
1.801604848280000115e-01
1.714222163490000117e-01
1.534848132180000047e-01
1.429239537670000115e-01
1.335623054029999868e-01
1.272850987470000028e-01
1.224037101020000046e-01
1.184598564490000061e-01
1.182129275179999994e-01
1.144277925940000024e-01
1.115085354989999999e-01
1.091176154290000033e-01
1.109661486859999935e-01
1.079953105820000009e-01
1.122513929600000016e-01
1.174673344620000004e-01
1.180648146659999953e-01
1.123162409570000048e-01
1.086184631299999953e-01
1.082436581180000051e-01
1.052234492139999950e-01
1.030821861729999955e-01
1.013805041429999970e-01
1.016929679539999992e-01
9.981619662189999964e-02
9.925350808419999837e-02
9.775472839250000379e-02
9.792732029289999418e-02
9.660212882299999693e-02
9.554691334060000374e-02
9.464722413529999545e-02
9.384066809339999815e-02
9.312519462889999600e-02
1.018092117970000043e-01
9.758887171789999704e-02
1.112004326680000044e-01
1.054580057970000012e-01
9.983559636439999496e-02
1.007344356079999947e-01
9.663293059300000210e-02
9.817426401359999333e-02
1.024646112509999957e-01
9.746248618199999936e-02
9.833223979129999959e-02
9.810643337640000128e-02
9.503451299199999758e-02
9.304868866800000693e-02
9.944869306280000598e-02
9.532597809230000663e-02
9.461198361589999439e-02
9.245216578150000641e-02
9.100856734550000215e-02
9.806257876540000473e-02
9.380691390209999758e-02
9.154741423779999554e-02
9.203916396160000124e-02
9.047676657129999356e-02
8.936307819609999592e-02
1.222192908760000030e-01
1.088267955599999948e-01
1.133348566669999946e-01
1.300332738349999906e-01
1.148447466619999940e-01
1.706518999540000137e-01
1.437394626619999949e-01
1.326519927279999900e-01
1.278651583479999965e-01
2.779460331170000020e-01
2.607135499389999778e-01
2.168614604740000118e-01
1.906951266720000038e-01
1.797303973959999968e-01
1.643692231570000051e-01
1.535181955619999983e-01
1.460220787909999873e-01
1.410844531110000133e-01
1.503856763210000003e-01
1.389623920839999915e-01
1.315088278190000015e-01
1.262588674269999878e-01
1.317692307899999971e-01
1.235296962400000004e-01
1.196242438779999973e-01
1.150628982369999997e-01
1.117712832709999993e-01
1.091293137939999963e-01
1.069162856519999955e-01
1.114494704640000000e-01
1.075845123229999950e-01
1.052113785149999953e-01
1.032726817049999940e-01
1.016632642220000049e-01
1.028662234119999963e-01
1.028525582239999958e-01
1.008421011659999950e-01
9.910632715650000146e-02
9.932678180560000625e-02
1.083402899219999965e-01
1.051614821219999940e-01
1.017551527379999959e-01
1.026898411959999979e-01
1.011955862510000026e-01
1.050519313709999958e-01
1.010746732719999957e-01
1.018369699329999961e-01
9.886158215109999703e-02
1.065867811790000008e-01
1.014855681730000014e-01
9.830475584610000317e-02
9.618347592840000015e-02
9.466774373939999820e-02
1.030455365340000040e-01
9.825296527709999339e-02
9.867488244920000207e-02
9.598611620159999691e-02
9.786582841910000663e-02
9.534605037750000511e-02
1.052107516700000051e-01
9.897735703099999616e-02
9.593486575460000165e-02
9.541660998720000175e-02
1.041382662880000060e-01
9.885822929410000015e-02
9.928445978470000488e-02
1.057115046919999968e-01
1.049754952209999981e-01
1.095108383759999943e-01
1.028160347300000055e-01
1.024927562839999945e-01
1.017428594870000008e-01
9.878455174509999381e-02
9.693721276790000230e-02
1.004093189350000054e-01
9.708956710379999799e-02
1.055622148269999977e-01
9.970594429720000540e-02
9.659951890970000510e-02
9.869815210479999934e-02
9.946427599710000456e-02
1.011030669289999934e-01
9.679906162670000314e-02
9.447969837889999556e-02
9.285211739609999793e-02
9.320044794739999749e-02
9.150722867619999479e-02
9.036850241299999864e-02
8.945452607150000679e-02
8.886476858290000280e-02
8.816527198439999546e-02
8.907281454109999830e-02
8.790927113349999988e-02
8.715377756599999859e-02
8.840748171890000506e-02
8.717730807399999560e-02
8.745329414970000326e-02
8.725996948130000652e-02
8.907231670769999443e-02
3.204458565050000152e-01
2.428420910369999963e-01
1.956480807759999885e-01
1.694778128649999938e-01
1.527724329719999941e-01
1.418497935209999949e-01
1.400446593770000026e-01
1.305304945790000115e-01
1.240612355719999949e-01
1.224752548529999957e-01
1.189426907000000061e-01
1.145175964940000068e-01
1.111721218439999936e-01
1.084525491649999951e-01
1.061691101190000014e-01
1.042017754230000065e-01
1.024801547050000067e-01
1.009555624259999979e-01
9.959251653370000679e-02
1.294798499619999876e-01
1.181384949000000018e-01
1.147534776920000055e-01
1.096458622470000005e-01
1.061653592159999965e-01
1.035493197139999988e-01
1.014547408689999985e-01
9.973845363909999984e-02
1.043670838820000002e-01
1.005725390579999962e-01
9.840015018620000553e-02
1.016335073900000024e-01
9.861118876690000423e-02
9.671448169290000618e-02
9.530282112990000332e-02
9.416155284100000133e-02
9.319436040949999334e-02
9.475817960370000459e-02
9.509115418300000122e-02
1.413464239610000006e-01
1.336809201780000123e-01
1.196656846659999995e-01
1.118461962709999952e-01
1.083054724719999945e-01
1.042011306600000020e-01
1.040395270449999965e-01
1.051542741450000040e-01
1.104247750070000006e-01
1.043301826059999937e-01
1.013800988779999940e-01
9.855138877289999766e-02
9.904573994720000663e-02
9.919688427299999667e-02
9.831794784210000360e-02
9.569272031889999863e-02
9.398006521089999343e-02
9.147008188270000506e-02
9.144755842639999688e-02
9.054463508670000660e-02
8.975644063679999451e-02
8.905575776540000654e-02
9.045605583849999909e-02
8.908383123040000684e-02
8.823107582469999488e-02
8.756574362039999671e-02
8.700141870239999631e-02
9.930805304379999865e-02
9.559155710529999850e-02
9.259604038469999854e-02
9.069735966880000666e-02
8.934361172120000583e-02
8.830359495619999333e-02
8.746278384519999560e-02
8.841510068199999461e-02
9.306649516699999625e-02
8.982754314520000061e-02
9.023995315770000358e-02
9.017938445959999827e-02
8.828932874460000690e-02
9.278058226379999607e-02
8.787870290480000179e-02
8.747359609400000291e-02
8.620351504289999744e-02
8.533735328869999914e-02
8.903262927640000213e-02
8.970159202419999978e-02
8.788054899809999432e-02
8.667187001380000089e-02
8.786530250410000409e-02
8.670780362079999470e-02
1.568275232720000023e-01
1.310563796030000117e-01
1.182027326840000003e-01
1.104464635649999998e-01
1.121577692410000021e-01
1.059072665350000025e-01
1.036570082030000006e-01
1.006267395410000015e-01
9.759580948469999406e-02
9.595591033599999709e-02
9.727078817180000170e-02
9.457220553469999902e-02
9.276085737649999996e-02
9.136298492170000229e-02
9.021556969129999881e-02
9.078857441649999804e-02
8.901142111179999317e-02
9.132394964619999778e-02
1.011872144820000069e-01
9.798417641980000647e-02
1.082971397329999946e-01
1.280084901459999924e-01
1.302506140849999938e-01
1.162447144429999968e-01
1.083128570469999996e-01
1.993916919250000030e-01
1.583717777539999927e-01
1.381988537809999973e-01
1.323037820200000103e-01
1.231520791120000041e-01
1.223276288869999950e-01
1.168897476580000039e-01
1.111774484259999973e-01
1.070844756009999982e-01
1.201290917219999949e-01
1.138971733239999978e-01
1.096572809840000023e-01
1.113522723330000047e-01
1.045152748810000004e-01
1.006911400990000011e-01
9.806437928849999486e-02
1.818696304859999946e-01
1.562194605539999892e-01
1.391442600560000020e-01
1.336920466229999938e-01
1.294236532989999910e-01
1.215754362459999932e-01
1.160856845769999979e-01
1.320419141829999865e-01
1.320355442589999928e-01
1.229048202609999974e-01
1.034721297389999961e-01
9.883431203739999338e-02
9.535131368679999886e-02
9.168839805490000550e-02
8.946837714729999336e-02
1.116981843740000035e-01
1.066638140160000026e-01
1.029489559539999988e-01
1.004226932419999968e-01
1.001049500160000050e-01
1.283111722220000028e-01
1.154466295970000000e-01
1.336875821909999928e-01
1.211258666799999995e-01
1.139039402019999953e-01
1.126967626609999967e-01
1.077519338050000053e-01
1.043734666279999973e-01
1.018079107919999948e-01
1.212502486189999951e-01
1.111861098940000042e-01
1.059902590089999985e-01
1.038014848889999980e-01
1.008921762919999937e-01
1.245167801910000011e-01
1.219293506389999976e-01
1.179818297319999987e-01
1.149839554919999951e-01
1.091610937559999994e-01
1.078906167500000013e-01
1.093475685370000061e-01
1.064514375939999979e-01
1.027035826680000041e-01
1.016526816849999959e-01
1.002066228170000045e-01
1.036196378800000040e-01
9.967775566200000326e-02
9.856986143319999838e-02
1.004886647329999994e-01
1.044574335709999996e-01
9.956179899820000179e-02
9.666488174420000135e-02
9.686910634089999916e-02
9.821857227819999481e-02
1.107894371089999941e-01
1.031846686709999988e-01
1.295819994550000132e-01
1.144096305480000048e-01
1.071373257930000045e-01
1.026783784360000007e-01
1.019163212000000068e-01
9.867870225729999389e-02
9.996453480019999727e-02
9.697556289349999747e-02
9.648436314090000354e-02
1.072608213799999960e-01
1.002935960250000008e-01
9.678873825650000096e-02
9.451755535259999397e-02
8.072991519880000355e-02
7.934027848920000014e-02
8.094927225709999674e-02
8.482297045509999689e-02
8.273212103940000284e-02
8.024953310610000168e-02
8.205282221809999388e-02
8.956291099490000518e-02
8.849120198849999563e-02
8.913933824630000669e-02
8.430830577839999729e-02
8.288441387030000274e-02
8.042526146520000141e-02
9.247860336839999751e-02
8.620845813840000149e-02
8.286259931080000585e-02
8.055444495010000150e-02
7.885837457500000092e-02
7.755868264080000019e-02
7.647680348959999541e-02
7.862452034490000075e-02
7.652113356709999703e-02
7.529446416139999598e-02
7.810894042329999398e-02
8.027528387420000688e-02
7.755887471460000404e-02
7.563258424930000001e-02
7.881344195019999999e-02
7.910685918120000104e-02
7.636266162969999882e-02
8.085184900679999453e-02
8.937080635550000152e-02
8.751493376900000565e-02
9.370291266730000623e-02
9.004291098559999429e-02
8.794315502480000435e-02
9.181238037269999486e-02
8.877996285229999840e-02
9.606281653569999357e-02
1.412258242099999894e-01
1.286060266659999896e-01
1.192292496030000065e-01
1.151741229619999973e-01
1.077833372199999973e-01
1.034212608589999971e-01
1.214623503449999975e-01
1.103524359409999989e-01
1.044548616990000067e-01
1.028848107249999977e-01
1.091433511589999933e-01
1.026062254250000028e-01
9.886316747109999414e-02
9.624814119220000130e-02
9.425799345749999447e-02
9.654783130680000269e-02
9.711963174649999864e-02
9.380640243589999372e-02
9.182599898880000611e-02
1.212416538600000065e-01
1.096542102960000042e-01
1.054732491130000033e-01
1.008387387089999948e-01
1.062375468489999975e-01
1.116871041710000012e-01
1.043649715470000017e-01
1.000794985479999955e-01
9.713472130929999560e-02
9.492812402380000625e-02
9.318252285830000425e-02
1.043716103439999987e-01
1.011439190139999944e-01
9.677537977569999894e-02
9.580024763309999414e-02
9.042270809409999610e-02
8.871638964170000530e-02
8.739860222480000385e-02
9.013056962200000077e-02
9.129833090989999955e-02
1.114705716239999950e-01
1.185415574219999962e-01
1.068575012610000069e-01
1.015935825699999934e-01
9.699157810349999520e-02
9.386816179319999731e-02
1.093519033780000066e-01
1.003877640300000068e-01
9.864421793140000505e-02
1.110383176899999991e-01
1.015582604590000021e-01
9.896366612739999902e-02
9.755400383649999452e-02
9.398015034850000504e-02
9.160947998900000055e-02
8.983205296910000415e-02
1.276175181320000074e-01
1.137833162639999979e-01
1.061888523589999966e-01
1.022180973640000046e-01
9.823194889490000081e-02
1.573774724589999952e-01
1.288657723820000045e-01
1.163513059519999948e-01
1.094665212620000022e-01
1.045053711649999995e-01
1.008867959860000052e-01
9.808965122710000539e-02
9.584310326379999467e-02
9.398477681849999599e-02
9.241270472790000245e-02
9.463667085520000022e-02
9.196292050729999723e-02
9.017929719309999981e-02
8.885283700759999403e-02
9.346297675850000208e-02
9.033978518620000564e-02
1.008072501090000045e-01
9.657561727829999665e-02
1.073590844609999956e-01
1.002044690349999934e-01
9.552955416340000450e-02
9.256577180920000369e-02
9.519697962390000212e-02
8.992685079289999828e-02
8.830781749009999904e-02
8.702159328149999817e-02
8.597225093419999520e-02
8.991781638939999599e-02
1.258742261520000016e-01
1.129822327020000017e-01
1.063170662849999976e-01
1.004468985660000035e-01
9.657462819319999336e-02
9.377220824790000187e-02
9.162080928929999812e-02
9.779908092300000633e-02
9.332143777599999357e-02
9.492303145760000449e-02
9.940500962850000455e-02
9.436481427439999403e-02
9.111980523529999987e-02
8.899299520400000274e-02
8.745417750009999713e-02
8.622998993069999618e-02
8.521360696560000003e-02
9.682451055030000253e-02
9.156594426899999917e-02
9.227623842910000207e-02
8.884093755569999473e-02
9.807773585279999651e-02
9.637789772120000653e-02
9.202993841859999358e-02
9.444685031770000405e-02
9.081146049159999345e-02
8.850030215390000676e-02
8.676816294530000084e-02
8.545004541249999475e-02
8.437706550909999936e-02
8.809797323109999634e-02
8.723000949270000304e-02
8.517557026840000267e-02
8.596505998270000115e-02
8.575439302380000184e-02
8.392625072609999348e-02
8.593509058810000489e-02
8.397368919750000660e-02
8.270493399290000658e-02
8.176107972040000393e-02
8.101055006009999504e-02
8.189929156859999948e-02
8.651790904820000350e-02
8.371320106150000051e-02
8.504523613080000599e-02
8.278589519859999579e-02
8.147993469110000053e-02
8.055878879420000360e-02
1.489571194369999907e-01
1.239910512930000042e-01
1.116074074689999973e-01
1.041533486709999984e-01
9.913759474880000366e-02
1.007487616280000053e-01
9.774827340899999717e-02
9.384228556099999397e-02
9.123230346529999368e-02
8.926223226750000517e-02
8.768566105519999543e-02
8.637860322099999433e-02
8.533147236139999869e-02
8.428928276380000251e-02
8.492749195870000212e-02
8.362505006739999469e-02
8.270097174929999517e-02
8.194977765399999448e-02
8.130424909960000390e-02
8.073220927200000507e-02
8.405245293789999350e-02
8.230217603730000109e-02
8.122298857059999377e-02
9.395168139260000328e-02
8.812205784819999999e-02
8.515996935590000594e-02
8.505109712939999678e-02
8.295236118529999980e-02
8.505510131349999781e-02
8.275688810640000059e-02
9.418581377420000289e-02
9.008076610359999625e-02
8.669784751329999428e-02
8.923422505540000438e-02
9.275012736420000514e-02
8.825385335339999693e-02
8.564636208039999588e-02
8.920343108540000621e-02
8.803996490120000185e-02
8.539781020679999834e-02
8.365389823860000518e-02
8.489961701289999718e-02
8.436928087539999344e-02
2.176757519470000068e-01
1.590684018609999917e-01
1.345519876940000081e-01
1.247930944580000062e-01
1.147468152740000052e-01
1.094709271309999982e-01
1.040524575320000006e-01
1.000809675619999950e-01
9.730658566250000030e-02
9.480311469060000162e-02
9.273284178540000533e-02
9.098219566140000603e-02
1.673035982349999895e-01
1.387915182230000100e-01
1.979565064009999875e-01
1.621449932100000046e-01
1.427384359290000126e-01
1.381589642559999942e-01
1.254953208569999923e-01
1.224897963020000063e-01
1.249615350099999994e-01
1.184899307750000019e-01
1.119691643980000040e-01
1.087357831689999971e-01
1.222164717040000043e-01
1.177521089100000001e-01
1.131527027079999997e-01
1.107480921439999988e-01
1.074708117620000042e-01
1.050533548509999943e-01
1.014681731080000066e-01
1.006023978749999992e-01
9.979202926239999494e-02
9.842913056230000179e-02
9.722133097290000525e-02
9.487889552870000520e-02
9.291145742320000567e-02
9.146434622990000374e-02
9.022991807970000278e-02
9.055619203869999523e-02
8.906062478930000526e-02
8.996658740049999492e-02
9.176462627100000213e-02
9.355646333370000456e-02
1.105316674699999974e-01
1.067464498240000004e-01
1.145651288470000001e-01
1.056642833240000051e-01
1.003294718959999998e-01
9.667612436160000211e-02
9.399470192089999510e-02
9.104050601200000536e-02
8.945759979499999515e-02
9.144306856349999901e-02
8.924542247979999621e-02
8.990797242600000183e-02
8.792048901330000443e-02
1.163632689360000055e-01
1.524915073620000117e-01
1.292231888639999993e-01
1.158607063270000043e-01
1.079420825630000025e-01
1.027061744779999980e-01
9.893900261379999506e-02
1.011282300049999999e-01
9.692124710030000645e-02
1.074654535019999996e-01
1.086796303550000009e-01
1.055823049410000020e-01
1.006938007229999932e-01
9.620555254840000570e-02
9.355414710609999407e-02
9.991003997889999488e-02
9.544257003209999368e-02
9.369114688139999758e-02
9.128228186860000426e-02
9.527320917669999945e-02
9.600908661649999731e-02
9.817101395850000300e-02
9.307442186080000512e-02
9.029505663600000120e-02
8.945252740970000005e-02
8.765131122619999882e-02
8.824416209900000363e-02
8.655603766989999892e-02
8.533804323999999442e-02
8.738561558900000137e-02
8.632636143779999494e-02
8.440141378809999650e-02
8.320571991120000177e-02
8.225118250040000523e-02
8.156283207660000589e-02
8.713043708999999859e-02
8.435069584399999820e-02
9.542885239510000284e-02
9.357858083169999508e-02
8.909925729619999624e-02
8.649494709959999750e-02
9.562217525739999391e-02
8.970062901910000330e-02
8.678821294919999985e-02
8.490060994369999503e-02
6.662248340559999704e-01
4.384785609919999994e-01
3.348910659650000121e-01
2.766358219310000033e-01
2.393173717800000100e-01
2.357852657860000090e-01
2.086165679870000123e-01
1.901538794650000086e-01
1.890367488999999956e-01
1.730943428320000088e-01
1.620418830550000022e-01
1.667416774519999922e+00
1.205441254099999915e+00
9.580815606810000329e-01
7.925903320489999793e-01
6.816272460019999757e-01
6.214295063679999842e-01
5.674378171199999654e-01
5.078255436309999649e-01
4.647375269799999820e-01
4.268354053389999958e-01
3.986743794939999752e-01
3.719618610739999776e-01
3.512455716119999849e-01
3.322379007290000019e-01
3.148075728879999868e-01
2.997477633210000048e-01
2.865465069989999725e-01
2.747706679599999924e-01
2.663380802020000049e-01
2.560495547639999869e-01
2.512231330990000178e-01
2.443626816149999936e-01
2.642736394379999743e-01
2.457773879959999908e-01
2.339298838870000063e-01
8.654951702080000420e-01
5.980587160289999593e-01
4.888996991430000216e-01
4.203678911320000156e-01
3.778546869109999928e-01
3.429340455970000257e-01
3.171509684609999935e-01
3.011637666959999793e-01
2.848963018210000087e-01
2.889870626689999833e-01
3.043946642900000055e-01
2.849779633139999935e-01
2.647258872239999783e-01
2.504729128179999931e-01
2.393535790190000068e-01
2.344264361760000082e-01
2.240603884940000068e-01
2.168113185430000089e-01
2.146147809489999947e-01
2.081720782450000029e-01
2.057200477480000123e-01
1.990742286730000088e-01
2.023053506299999915e-01
1.957168737570000039e-01
1.898996468820000061e-01
1.931991242330000080e-01
1.854962948090000119e-01
1.831476890660000134e-01
1.887425619670000110e-01
1.802365655979999981e-01
2.031147857529999878e-01
1.925258216019999913e-01
1.836435123110000123e-01
1.902250318370000137e-01
1.811759291589999932e-01
1.807498192920000135e-01
1.796931277119999948e-01
1.872229383940000047e-01
1.754416624310000117e-01
1.684964639469999914e-01
1.882186454060000014e-01
1.953521114400000036e-01
1.842495968039999932e-01
1.801629017309999969e-01
1.732405617239999862e-01
1.803434567609999983e-01
1.723132222769999944e-01
1.666012388689999957e-01
1.670771164819999932e-01
1.641241287749999889e-01
1.619297797810000106e-01
1.602609056269999888e-01
1.631279193229999980e-01
1.555634972159999907e-01
1.557656044790000083e-01
1.598297623540000101e-01
1.524541553190000009e-01
1.521494372549999918e-01
1.782120491339999890e-01
1.134805642649999946e+01
6.724486528979999989e+00
4.843118133389999969e+00
3.780391662270000008e+00
3.088681726639999958e+00
2.587075932769999920e+00
2.242219755839999884e+00
1.966602947109999944e+00
1.763335801079999987e+00
1.589877837389999993e+00
1.456212781250000088e+00
1.412945334320000024e+00
1.285986566919999907e+00
1.197895291860000100e+00
1.114361403219999991e+00
1.045594438239999979e+00
9.818288884039999553e-01
9.372888803550000203e-01
9.269737775059999629e-01
8.626179128500000015e-01
8.191506664040000274e-01
7.809823029369999947e-01
7.485172254309999662e-01
7.681587380130000531e-01
7.167926234529999885e-01
7.088071039940000428e-01
6.671897094750000035e-01
6.403699265929999607e-01
6.237571169840000485e-01
5.959148082390000045e-01
5.880742644099999916e-01
5.725175399490000094e-01
5.640712115420000172e-01
5.426590756329999765e-01
6.124104420920000180e-01
5.577713357169999941e-01
5.380008002720000349e-01
5.124137925570000363e-01
4.921394036180000153e-01
4.750659199719999837e-01
4.636353959610000075e-01
4.787170636440000182e-01
4.589994685100000082e-01
4.455413728650000071e-01
4.323250391010000082e-01
4.467481467619999758e-01
4.300106379309999727e-01
4.128186113189999951e-01
4.825624222900000149e-01
4.392397599369999850e-01
4.197856726220000056e-01
4.003256579669999815e-01
4.036767178690000013e-01
3.864213776909999898e-01
3.814302413180000184e-01
3.789234121010000012e-01
3.709960064630000165e-01
3.575913499939999962e-01
3.497400323659999866e-01
3.676173362280000245e-01
3.668544079919999756e-01
3.538552310479999852e-01
3.639459300999999813e-01
3.450214773220000031e-01
3.504342556610000048e-01
3.355499812930000103e-01
3.244028414599999799e-01
3.359160245810000056e-01
3.428873835249999780e-01
3.618867956969999966e-01
4.084356524130000055e-01
4.088204484390000060e-01
7.124989182709999813e-01
5.796291892739999785e-01
5.162438061190000038e-01
4.628070726710000193e-01
4.266317297009999954e-01
4.055095417230000221e-01
3.823879849199999792e-01
3.685032280760000001e-01
3.547815874749999931e-01
3.517556464769999724e-01
3.466491845549999895e-01
3.315668335140000145e-01
3.268535384480000250e-01
3.177394930890000135e-01
3.106439358170000054e-01
3.019607879569999875e-01
3.015004034659999888e-01
3.045810892249999902e-01
3.002312051689999817e-01
2.919752156070000160e-01
2.835202962230000123e-01
2.919984434690000019e-01
5.563347296220000349e-01
4.288061525140000052e-01
3.769385444930000162e-01
3.537605480530000013e-01
3.295961176250000180e-01
3.133662542689999997e-01
3.023053216500000140e-01
2.963833242939999946e-01
2.943216347009999789e-01
2.841248202250000188e-01
2.756614329220000159e-01
2.716879811740000039e-01
2.745716417440000057e-01
2.881719517740000125e-01
2.741782354610000083e-01
2.710683584560000248e-01
2.633391664699999968e-01
2.634817904760000107e-01
2.653321350819999869e-01
2.552445148310000245e-01
2.500495122010000237e-01
2.474972653849999982e-01
2.468254126830000117e-01
2.548703955350000161e-01
2.447168858229999966e-01
2.497928738799999882e-01
2.415332465749999991e-01
2.353292281230000005e-01
2.385645599360000091e-01
2.309288030889999899e-01
2.417966898360000005e-01
2.320555575559999917e-01
2.262026034740000080e-01
2.278375728450000026e-01
2.375320400400000032e-01
2.301729628729999866e-01
2.229132960569999988e-01
2.200951768549999910e-01
2.151416833350000002e-01
2.182105485449999938e-01
2.354462269700000054e-01
2.250476688580000106e-01
2.173065238730000071e-01
2.124020249370000002e-01
2.098685897179999871e-01
2.131340993970000097e-01
2.088315195969999982e-01
2.060329531200000008e-01
2.306224102670000053e-01
2.283912023699999905e-01
2.223246125330000100e-01
2.177803283270000057e-01
2.140341117700000073e-01
2.274197526479999898e-01
2.138656637269999994e-01
1.249535739740000040e-01
1.238919753559999948e-01
1.239200267729999999e-01
1.211307480079999999e-01
1.238109342010000058e-01
1.215012283779999952e-01
1.196307197950000067e-01
1.212143934149999963e-01
1.180712643349999952e-01
1.160818623109999975e-01
1.829834259500000004e-01
1.826315269350000103e-01
1.861764438309999881e-01
1.819058670410000078e-01
2.527942636270000265e-01
2.690006114999999864e-01
2.483701241490000045e-01
2.331219694249999919e-01
2.236742229639999968e-01
2.137966239190000062e-01
2.264355600119999923e-01
2.100987625340000053e-01
2.003714849240000040e-01
1.939278985769999908e-01
1.892292726979999951e-01
1.854677712449999960e-01
1.823623265990000075e-01
1.797212020889999984e-01
1.774229568350000064e-01
1.754907731099999979e-01
1.963853691780000077e-01
1.901362765179999970e-01
1.867005614399999958e-01
1.809890518789999958e-01
1.771817810359999912e-01
2.125159253309999996e-01
2.038253258109999910e-01
1.939457828570000097e-01
1.864615050779999950e-01
1.804211330050000117e-01
1.762295063110000115e-01
1.732885471620000117e-01
1.856772528049999982e-01
1.777555841829999983e-01
1.730073365039999922e-01
1.712796669980000130e-01
1.689884595420000080e-01
1.680868235330000016e-01
1.715924919919999958e-01
1.775772652150000019e-01
1.719466538770000053e-01
1.671970397099999950e-01
1.640395806159999914e-01
1.616605361339999991e-01
1.597494316660000024e-01
1.640768747849999931e-01
1.607417151040000103e-01
1.583277882849999929e-01
1.573498078080000084e-01
1.666168632280000117e-01
1.616028489959999981e-01
1.867625891599999921e-01
1.756089684790000105e-01
1.691575352960000000e-01
1.648374184539999898e-01
2.001525442169999891e-01
1.877475428139999958e-01
1.765575162349999894e-01
1.706432751449999952e-01
1.655065689549999886e-01
1.639681866990000125e-01
1.610001843199999894e-01
1.597547947509999899e-01
1.587255824869999998e-01
1.579869312359999944e-01
1.572644836450000083e-01
1.545963235529999869e-01
1.596488701340000038e-01
1.634428997750000112e-01
1.602319053060000109e-01
1.587336942650000027e-01
1.541760744879999978e-01
1.718146233710000081e-01
1.626771664209999968e-01
1.595839391789999895e-01
1.561057782030000063e-01
1.592024332089999883e-01
1.544714764829999976e-01
1.514435647659999884e-01
1.504109184219999951e-01
1.482460452450000132e-01
1.486781040250000074e-01
1.513456762750000073e-01
1.491541825469999971e-01
1.456673989549999992e-01
1.440424354060000078e-01
1.478801951350000032e-01
1.503946633290000057e-01
1.463389200259999912e-01
1.565157769639999863e-01
1.598304278890000096e-01
1.615838034779999988e-01
2.160912192689999900e-01
1.886389350150000088e-01
1.746688678680000106e-01
1.660353151510000069e-01
1.863030401419999982e-01
1.748040805689999866e-01
1.654393365619999945e-01
1.745704889639999868e-01
1.645018480250000081e-01
1.592245901350000103e-01
1.615019280389999867e-01
1.589688196869999959e-01
1.742322516760000106e-01
1.686499288680000097e-01
1.607209228429999914e-01
1.552302726679999911e-01
1.514493309330000037e-01
1.577452756590000116e-01
1.565763957659999928e-01
1.587987034970000100e-01
1.524225784699999864e-01
1.539814500259999996e-01
1.569176852810000022e-01
1.522689228290000085e-01
1.476112386500000040e-01
1.445659036420000043e-01
1.422957806039999995e-01
1.404568115510000104e-01
1.486281851500000084e-01
1.459037804860000009e-01
1.439554291340000014e-01
1.546155447869999866e-01
1.767954129690000042e-01
1.685147033209999923e-01
1.598492168360000076e-01
1.552524031449999953e-01
1.501678885249999873e-01
1.529464303989999940e-01
1.478387671220000033e-01
1.443969451300000095e-01
1.417851561569999919e-01
1.396753707969999869e-01
1.604251636440000017e-01
1.636272049359999980e-01
1.531725036050000099e-01
1.472296528700000051e-01
1.438368506970000016e-01
1.420870784649999885e-01
1.390260011660000017e-01
1.367721433469999970e-01
1.362695065750000045e-01
1.396972319620000125e-01
1.366998127479999992e-01
1.338679476369999954e-01
1.319537382700000094e-01
1.304781391450000050e-01
1.303641892079999975e-01
1.411635403579999948e-01
1.363089381160000058e-01
1.327141384930000112e-01
1.323429136819999907e-01
1.300872221480000035e-01
1.284869487710000036e-01
1.322923605269999969e-01
1.439559348570000064e-01
1.353245606110000110e-01
1.312503903049999920e-01
1.289518819780000047e-01
1.284587376430000039e-01
2.438503970320000103e-01
1.990268840199999889e-01
2.110751353870000124e-01
1.868931636180000133e-01
1.724218187659999901e-01
1.778494772570000104e-01
1.695209885769999869e-01
1.621787957599999941e-01
1.546974119990000007e-01
1.493080861830000106e-01
1.451619310420000086e-01
1.633308290090000059e-01
1.538285593569999887e-01
1.567568219630000037e-01
1.493395497799999971e-01
1.479482387699999901e-01
1.801699736329999968e-01
1.651653373080000098e-01
1.564025401440000129e-01
1.496890538350000022e-01
1.460304745840000085e-01
1.439743088840000074e-01
1.400819154160000135e-01
1.363420659959999892e-01
1.348039107819999916e-01
1.390955743910000098e-01
1.378007976329999884e-01
1.399635535750000104e-01
1.362372127910000119e-01
1.334780492139999997e-01
1.395352556230000096e-01
1.385299084349999876e-01
1.353758990779999893e-01
1.318423874740000112e-01
1.338087554090000020e-01
1.301299699200000048e-01
1.311051196689999865e-01
1.292259010060000102e-01
1.363566526910000021e-01
1.362308604349999896e-01
1.311626753590000027e-01
1.596378995290000102e-01
1.457397812569999895e-01
1.379689674239999997e-01
1.372669622809999934e-01
1.324834525589999867e-01
1.372769931579999880e-01
1.320431723599999885e-01
1.287715727039999980e-01
1.284098166190000001e-01
1.365934259159999886e-01
1.361931012469999869e-01
1.461714398900000045e-01
1.407395493639999884e-01
1.565913524599999995e-01
1.429520394780000037e-01
1.405845504909999932e-01
1.431435757839999989e-01
1.618894260569999910e-01
1.528600502580000076e-01
1.431019906000000064e-01
1.370612967329999932e-01
1.423332204630000097e-01
1.392481427770000113e-01
1.426011754100000029e-01
1.378570971360000008e-01
1.327907736170000075e-01
1.425130999610000060e-01
1.370726087649999925e-01
1.314879450610000056e-01
1.273084198649999943e-01
1.247714244149999985e-01
1.227868416339999991e-01
1.235488877480000053e-01
1.541424788740000107e-01
1.391750505079999978e-01
1.390891453180000126e-01
1.330119279539999921e-01
1.280378333849999939e-01
1.247481439060000030e-01
1.286147644919999888e-01
1.278416073310000012e-01
1.485642684340000019e-01
1.315134556439999935e-01
1.305066084760000134e-01
1.250051454849999966e-01
1.404210291369999974e-01
1.368976904170000064e-01
1.405232989140000055e-01
1.357583481019999927e-01
1.328321583629999969e-01
1.319202386589999887e-01
1.336509790560000133e-01
1.326045572120000127e-01
1.296678037269999861e-01
1.155786346430000000e-01
1.163784472820000027e-01
1.145369112160000008e-01
1.373342259679999899e-01
1.346966290019999957e-01
1.257918559229999900e-01
1.211023318989999931e-01
1.180886170479999997e-01
1.159269260530000067e-01
1.167583879060000024e-01
1.157244707759999963e-01
1.137459967620000068e-01
1.138162980040000050e-01
1.154845240740000056e-01
1.130709803709999961e-01
1.117183436599999968e-01
1.366792008640000111e-01
1.263995975439999864e-01
1.283031810359999969e-01
1.221580821129999994e-01
1.185791511940000043e-01
1.271927512309999897e-01
1.213342890700000037e-01
1.179780209649999995e-01
1.209859943319999964e-01
1.201161795869999938e-01
1.184202671890000058e-01
1.162555478559999939e-01
1.146141191260000025e-01
1.171474172930000029e-01
1.146245687409999936e-01
1.130392867150000064e-01
1.143890881950000021e-01
1.137044891400000035e-01
1.119845446430000058e-01
1.107746495999999969e-01
1.141958405079999961e-01
1.139212400980000039e-01
1.113382143810000002e-01
1.123294731560000037e-01
1.134746372869999964e-01
1.170889010789999962e-01
1.135807687180000053e-01
1.166675253349999941e-01
1.159829426920000045e-01
1.138066768329999978e-01
1.116501698120000025e-01
1.141782949340000020e-01
1.236165209210000060e-01
1.169419419180000030e-01
1.145405971659999994e-01
1.157115784209999942e-01
1.268812704570000116e-01
1.238414537299999951e-01
1.207980190560000028e-01
1.186347741969999980e-01
1.173593263820000010e-01
1.157388291630000038e-01
1.139887671670000019e-01
1.191946585390000063e-01
1.168725938900000011e-01
1.143224789700000021e-01
1.173380568460000023e-01
1.161291331020000012e-01
1.135233180900000055e-01
1.145278916590000001e-01
1.113379872740000026e-01
1.097847596910000029e-01
1.097570041309999939e-01
1.096446125609999989e-01
1.086653857070000034e-01
1.078106833579999951e-01
1.070484890989999993e-01
1.094679125509999962e-01
1.078689399470000032e-01
1.101373182940000028e-01
1.104834618509999977e-01
1.304456931790000107e-01
1.220263321880000057e-01
1.163764208420000057e-01
1.150480997749999956e-01
1.120480449059999967e-01
1.249717877819999934e-01
1.206876984239999978e-01
1.156901486050000011e-01
1.278202453489999946e-01
1.218242912100000047e-01
1.167109429599999942e-01
1.169698643399999932e-01
1.172484924500000053e-01
1.134124816390000012e-01
1.109782413170000009e-01
1.292687181640000127e-01
1.229137996950000061e-01
1.201050038430000050e-01
1.500942867700000016e-01
1.354167277280000081e-01
1.274168976529999886e-01
1.222659903599999931e-01
1.213494008290000037e-01
1.384166944169999969e-01
1.272014479269999998e-01
1.226078282390000024e-01
1.184601956010000040e-01
1.155272920449999935e-01
1.132951625309999988e-01
1.114941793539999948e-01
1.100091613270000046e-01
1.087436987019999995e-01
1.076655771710000042e-01
1.067349726780000008e-01
1.066055496019999993e-01
1.218253079180000031e-01
1.286528011070000033e-01
1.227761104180000035e-01
1.169064357540000043e-01
1.164985480210000007e-01
1.126247151330000001e-01
1.101603286380000019e-01
1.083507204529999962e-01
1.082025698040000039e-01
1.135217585959999997e-01
1.094467076260000060e-01
1.071371734989999963e-01
1.084737538649999944e-01
1.180445620790000066e-01
1.137721011710000063e-01
1.118766445739999976e-01
1.107469701839999959e-01
1.099059741230000026e-01
1.310967663910000136e-01
1.214630209569999980e-01
1.161597481309999957e-01
1.126954175590000051e-01
1.113255425239999957e-01
1.088712852350000038e-01
1.176729738389999946e-01
1.136979378739999963e-01
1.099713604880000056e-01
1.077191214029999955e-01
1.104401703479999941e-01
1.076038577570000015e-01
1.265593694769999999e-01
1.227270466500000046e-01
1.378306599050000136e-01
1.262893344869999990e-01
1.339846485060000036e-01
1.240850228629999941e-01
1.207600222959999969e-01
1.275827230769999987e-01
1.205138518019999994e-01
1.170776909109999958e-01
1.131859112599999939e-01
1.106742707399999970e-01
1.087609142640000026e-01
1.072144456530000067e-01
1.812373470829999889e-01
1.543517735619999998e-01
1.405417664589999893e-01
1.352440296519999974e-01
1.281578304700000115e-01
1.368113305739999952e-01
1.280827830909999909e-01
1.228612981500000062e-01
1.206505790060000000e-01
1.184133156330000047e-01
1.150752207959999940e-01
1.127179259080000051e-01
1.125742005920000038e-01
1.104619758370000010e-01
1.089233215139999988e-01
1.076611034900000069e-01
1.083984213360000004e-01
1.066592196900000011e-01
1.110659122660000026e-01
1.112558300879999962e-01
1.095247694639999991e-01
1.085032717069999986e-01
1.084800138450000007e-01
1.153563154360000009e-01
1.101186411030000006e-01
1.140120748699999936e-01
1.115444583419999969e-01
1.096098834099999975e-01
1.071482998309999934e-01
1.054225804839999947e-01
1.041068906829999974e-01
1.030382712840000048e-01
1.021374664280000066e-01
1.035280599709999944e-01
1.021252018839999970e-01
1.011658491560000067e-01
1.027986679670000042e-01
1.007752027830000063e-01
9.986350722909999311e-02
9.914764498889999667e-02
9.855960016669999824e-02
9.799542854270000547e-02
1.110278889889999981e-01
1.057913401249999941e-01
1.029890812389999966e-01
1.011767759649999932e-01
9.799090207449999423e-02
9.704132533840000019e-02
9.639148336349999402e-02
9.589100770160000065e-02
9.650846850859999548e-02
9.597439942039999450e-02
9.560335888649999780e-02
9.520963803910000023e-02
9.830791795599999605e-02
9.683356666789999512e-02
9.588144442349999519e-02
9.653533786380000259e-02
9.559710007459999714e-02
9.493169858760000523e-02
9.607619832590000297e-02
9.501958028220000574e-02
9.434772523709999970e-02
9.383576849369999751e-02
1.141231876880000051e-01
1.058870030530000006e-01
1.019687165790000016e-01
9.962219996130000643e-02
9.803100016500000680e-02
9.686091428309999418e-02
9.595370352239999956e-02
1.017920222010000042e-01
9.872052691549999814e-02
9.831872251110000682e-02
9.664505626159999863e-02
9.555485478399999844e-02
9.621961644220000665e-02
9.509286735470000307e-02
9.431008197519999414e-02
9.502852077380000151e-02
9.541718762900000539e-02
9.427427666019999597e-02
1.107437658270000042e-01
1.196282320059999932e-01
1.118193713550000024e-01
1.065293597310000007e-01
1.032545233339999952e-01
1.009768202139999932e-01
9.929328963130000518e-02
1.046217585769999986e-01
1.011725520359999936e-01
1.032590351980000043e-01
1.022991598010000031e-01
1.011171039470000060e-01
9.892470032590000573e-02
9.939946751169999317e-02
9.760183129709999739e-02
9.974446827690000572e-02
9.744766963560000383e-02
9.612938243810000005e-02
9.518124513249999474e-02
9.443292835540000041e-02
9.381093320309999428e-02
9.327663745479999879e-02
9.471388679389999843e-02
9.370543399229999681e-02
9.468258151059999461e-02
9.347359802879999513e-02
9.272400870930000427e-02
4.705889316569999981e-01
3.806186960040000011e-01
2.915708999619999742e-01
2.479661276100000034e-01
2.162614827990000099e-01
1.949418727320000044e-01
1.795484393729999961e-01
1.694173736110000106e-01
1.598109913970000018e-01
1.576644374220000089e-01
1.510293632470000036e-01
1.470961447570000025e-01
1.567743268440000004e-01
1.515457149910000023e-01
1.395961986719999881e-01
1.382020716079999934e-01
1.474341063429999987e-01
1.415312751449999962e-01
1.343497927940000003e-01
1.294628273229999904e-01
1.257364982080000082e-01
1.329336052489999975e-01
1.266710228859999898e-01
1.227288614820000040e-01
1.197958944440000034e-01
1.174317487039999997e-01
1.154385700100000051e-01
1.136894406180000011e-01
1.121620281799999980e-01
1.107831697009999949e-01
1.120757116869999931e-01
1.145116459690000005e-01
1.115557597449999966e-01
1.114774892329999934e-01
1.091113116700000024e-01
1.130833697860000042e-01
1.130386294310000012e-01
1.101132100200000047e-01
1.081898834360000006e-01
1.066632531630000019e-01
1.054153399120000001e-01
1.043527621730000049e-01
1.098921785719999961e-01
1.098639727370000069e-01
1.096543781819999952e-01
1.065504242410000024e-01
1.065072016129999938e-01
1.055385598109999934e-01
1.037868308549999979e-01
1.024958042310000067e-01
1.054321842500000050e-01
1.051145179419999964e-01
1.027525618209999964e-01
1.054311835519999990e-01
1.029609428080000000e-01
1.054529984889999994e-01
1.028445412709999979e-01
1.011722237580000017e-01
9.980611266569999751e-02
1.028136060379999939e-01
1.045925555590000028e-01
1.012860838129999996e-01
9.940833049260000553e-02
9.817725758530000679e-02
1.167211583370000028e-01
1.082644449340000037e-01
1.055229126969999959e-01
1.025748903369999993e-01
1.021255422080000058e-01
1.038080232209999954e-01
1.109152154320000028e-01
1.081614849519999949e-01
1.040049877020000069e-01
1.015246667400000052e-01
1.063171300319999957e-01
1.277755972659999906e-01
1.148807122330000041e-01
1.087152953430000069e-01
1.049609182829999987e-01
1.054726981940000002e-01
1.022954840009999977e-01
1.002890126999999992e-01
1.146191400589999937e-01
1.079172919479999965e-01
1.042037952340000018e-01
1.039377471889999932e-01
1.083177781519999994e-01
1.056278581670000022e-01
1.067028635360000033e-01
1.025210522719999934e-01
1.053274223500000051e-01
1.008577207030000034e-01
1.097545426890000064e-01
1.040564078520000019e-01
1.009015972369999986e-01
1.050745023069999950e-01
1.011987116960000044e-01
1.019950908860000061e-01
1.056036779639999978e-01
1.129499937799999937e-01
1.061965253319999969e-01
1.040360984809999972e-01
1.010614322419999961e-01
9.898416164470000278e-02
1.033461451390000063e-01
9.986802024129999567e-02
9.776914671759999453e-02
1.046532604320000032e-01
1.040361124090000006e-01
1.006940026480000056e-01
1.003632066819999946e-01
1.023450271470000006e-01
9.922466403900000176e-02
9.736170537730000352e-02
9.603467181020000631e-02
9.500354986209999519e-02
1.019414709879999936e-01
9.785636125369999438e-02
1.104776007230000023e-01
1.043137470920000032e-01
1.001026171330000047e-01
1.004932998899999985e-01
1.058508430609999967e-01
1.049888341450000012e-01
1.009422944140000028e-01
9.849820835149999954e-02
9.677911313400000548e-02
9.720385213719999473e-02
9.558815386360000610e-02
9.442269857679999601e-02
9.350142478379999678e-02
1.051103616760000053e-01
1.004627908159999999e-01
1.030405044970000017e-01
1.024561494450000054e-01
9.893683777740000518e-02
9.673237179829999310e-02
9.515863023710000035e-02
1.015936821890000008e-01
1.723210686489999866e-01
1.447174502799999929e-01
1.290488184559999973e-01
1.217900599110000037e-01
1.184916867080000047e-01
1.115692600340000007e-01
1.096997028780000022e-01
1.314549846099999919e-01
1.248127845510000056e-01
1.165364966920000023e-01
1.113364551380000012e-01
1.260299508620000009e-01
1.158414619089999931e-01
1.103800091830000052e-01
1.067842119660000061e-01
1.050036901679999995e-01
1.026727299179999997e-01
1.059016362040000048e-01
1.058547424140000026e-01
1.021593742650000053e-01
2.747943768860000024e-01
2.165890942020000098e-01
1.853758977930000107e-01
1.662298091040000092e-01
1.587438330039999956e-01
1.518766975130000085e-01
1.430434959970000031e-01
1.362547022289999910e-01
1.308375060289999892e-01
1.263936616609999952e-01
1.229431981559999942e-01
1.197459406869999937e-01
1.169916955640000061e-01
1.196392358719999965e-01
1.154462217949999980e-01
1.126473073909999983e-01
1.339278577459999953e-01
1.241954411080000015e-01
1.472352557620000002e-01
1.562998183729999990e-01
1.425333137210000045e-01
1.354375941660000138e-01
1.305317379360000085e-01
1.281610471709999921e-01
1.268873720079999878e-01
1.207640176710000068e-01
1.167593421989999991e-01
1.137442575050000015e-01
1.113210172030000000e-01
1.116678959819999983e-01
1.091450111889999963e-01
1.093288296989999991e-01
1.066099606410000067e-01
1.047864957230000005e-01
1.034151565390000055e-01
1.022534473290000051e-01
4.014090772289999887e-01
2.800711131260000264e-01
2.328063961999999876e-01
2.185809146469999964e-01
1.899903264159999994e-01
1.739641708040000068e-01
1.604511303060000005e-01
1.589219220739999938e-01
1.502654278270000032e-01
1.424692733850000115e-01
1.376684424780000027e-01
1.326450266620000096e-01
1.477325931669999926e-01
1.373358092970000111e-01
1.311024168390000078e-01
1.289095750600000034e-01
1.179442485609999980e-01
1.139879738620000055e-01
1.110073840700000064e-01
1.338866695100000004e-01
1.229509568230000016e-01
1.202891169440000046e-01
1.147132972530000017e-01
1.125666023439999969e-01
1.090387787159999983e-01
1.063362865280000069e-01
1.042430174130000026e-01
1.067073374510000006e-01
1.037463128250000061e-01
1.149922597259999957e-01
1.739296799310000030e-01
1.516903467529999994e-01
1.382335188780000057e-01
1.337838982070000127e-01
1.243456265670000033e-01
1.181978572960000057e-01
1.137086633709999961e-01
1.238151207509999990e-01
1.239734220629999939e-01
1.162625144400000060e-01
1.141051088530000007e-01
1.098808735290000005e-01
1.065976629920000057e-01
1.191602251540000018e-01
1.146757873380000042e-01
1.103711548029999989e-01
1.065163352660000035e-01
1.036592519250000011e-01
1.014455232110000049e-01
1.115123329800000035e-01
1.050326635850000051e-01
1.103668380419999956e-01
1.080948548650000063e-01
1.063376528389999992e-01
1.164139580509999938e-01
1.111701688249999986e-01
2.477243629970000138e-01
1.987270543549999879e-01
1.782008896460000047e-01
1.609980269440000056e-01
1.495458796649999922e-01
1.412887848749999897e-01
1.349815211469999887e-01
1.450806713360000000e-01
1.446707069379999933e-01
1.356571340449999885e-01
1.336718197310000078e-01
1.304632046499999976e-01
1.253436240989999895e-01
1.216436340030000035e-01
1.187095251379999966e-01
1.162721417789999989e-01
1.158616366060000041e-01
1.135016021389999991e-01
1.116041663409999968e-01
1.109269748989999971e-01
1.089098181770000034e-01
1.073768291679999959e-01
1.061455075589999991e-01
1.080623867049999992e-01
1.060055922389999961e-01
1.045978247700000002e-01
1.034689184300000009e-01
1.024986709579999988e-01
1.081071314720000037e-01
1.051688912350000060e-01
1.033445660369999991e-01
1.020054918259999943e-01
1.009305031879999953e-01
1.000089001440000042e-01
1.035065091649999963e-01
1.011265211249999935e-01
1.041106996469999962e-01
1.060668916529999978e-01
1.029362335200000034e-01
1.009785536989999954e-01
1.085678355829999969e-01
1.041925518590000044e-01
1.038444564780000023e-01
1.019559575380000055e-01
1.009042313190000040e-01
1.007784090400000027e-01
9.875029511049999986e-02
9.740912422200000143e-02
9.644081900949999508e-02
9.559636326730000522e-02
9.487550466899999368e-02
9.982645407880000321e-02
1.009513959529999977e-01
1.024241302000000048e-01
1.038659565539999940e-01
1.052663393189999935e-01
1.009249059019999978e-01
9.958473416690000191e-02
9.760253836009999406e-02
1.026157166810000021e-01
9.921512124520000253e-02
9.722062115599999776e-02
1.113639833650000022e-01
1.094008316950000059e-01
1.071771505729999935e-01
1.026406302870000037e-01
1.019228662139999991e-01
9.917325636750000395e-02
9.731257991139999342e-02
9.591039564259999650e-02
9.829832460479999423e-02
9.619519379730000208e-02
9.481911739279999529e-02
9.377744510789999544e-02
9.652386915020000346e-02
9.432251053970000521e-02
9.628910366439999424e-02
9.609809430669999375e-02
9.408146916090000256e-02
9.493373141579999896e-02
9.316877954770000358e-02
9.204630036010000294e-02
9.352156797570000679e-02
9.202794433340000246e-02
1.004193546360000050e-01
9.614730627570000632e-02
9.743936651399999482e-02
9.972818356000000273e-02
9.706452788359999639e-02
9.448347566480000403e-02
9.795314321879999842e-02
9.455696713620000138e-02
