-7.245923186530332794e-02
-7.139836406092689436e-02
-7.176163614370227595e-02
-7.074267498176631253e-02
-7.005028923302007715e-02
-6.949541052053209711e-02
-8.052977357182210250e-02
-7.569273367090303961e-02
-1.436781515849213164e+01
-9.656842961714223739e-02
-8.715058228907755777e-02
-8.214473171153076347e-02
-7.897590462244107046e-02
-7.675667307611583334e-02
-7.509589180604438197e-02
-7.558085408302073205e-02
-7.366727066359200771e-02
-7.237917561525471222e-02
-7.290451740586575968e-02
-7.231022989493764153e-02
-7.246392715754361447e-02
-7.104593711943826828e-02
-7.014088620962254106e-02
-6.944497162920190703e-02
-7.126262925328143150e-02
-6.975480822438384632e-02
-6.999125451003386511e-02
-7.196038367074525377e-02
-7.251939133859953979e-02
-7.455821336583426384e-02
-7.574917725603833030e-02
-9.613950043350773245e-02
-1.386172474516110320e+01
-1.394454562950052101e-01
-8.993544862848795063e+00
-1.212156330815980232e-01
-1.115849218218712968e-01
-1.059583504692118566e-01
-1.305356769632049563e+01
-1.389429077822147995e+01
-1.257353996192124845e-01
-1.148262337138205025e-01
-1.072841610526279049e-01
-1.046410703522194507e-01
-1.093138896120826736e-01
-1.044994680609514504e-01
-1.012667237305902856e-01
-9.892982511688978853e-02
-1.017406996414016024e-01
-9.852982296153829644e-02
-9.647550435607822605e-02
-9.680171828955191904e-02
-9.486763143840103163e-02
-9.351764039037237242e-02
-9.597867847153622456e-02
-9.552928954992220834e-02
-1.026349161236592561e-01
-9.654173413164239548e-02
-9.521507696558551004e-02
-9.788021449239509009e-02
-9.413832791163694036e-02
-9.334530909473849614e-02
-9.161865311157757485e-02
-9.040462663477513705e-02
-8.949576169030268313e-02
-8.877307452656713060e-02
-8.815464633677795592e-02
-8.761209010868643843e-02
-8.700540743098331142e-02
-8.657116407430513749e-02
-9.276188780134400624e-02
-9.096752251313162951e-02
-8.921552816140390640e-02
-8.807224092535108351e-02
-8.725192008646498465e-02
-8.659887582289634012e-02
-1.294735994118516231e+01
-1.021659163517023711e-01
-9.795685230275329169e-02
-9.686232124934276988e-02
-9.333759060541788055e-02
-9.299746460990887531e-02
-9.079399522661167621e-02
-8.935930856230023256e-02
-1.340525166148163194e+01
-1.049597440049749447e-01
-1.003121929130288831e-01
-9.593047189393601182e-02
-9.326350312084226435e-02
-9.141360472857003316e-02
-9.001642577019328129e-02
-1.583077053342522689e+01
-2.624674328896316466e-01
-2.102410263707416016e-01
-1.788934807673809579e-01
-1.597013397683887947e-01
-1.466711255380238887e-01
-1.372502433077066319e-01
-1.301023320147304541e-01
-1.244817633890069747e-01
-1.275991437709413745e+01
-1.268201086464460225e-01
-1.201343483155562913e-01
-1.156771747240313702e-01
-1.122915596755424822e-01
-1.095470789590488325e-01
-1.072449641338578397e-01
-1.052706849877753786e-01
-1.035483053567081424e-01
-1.069528299167517293e-01
-1.037594970742246742e-01
-1.016836527858677036e-01
-1.000922083534921958e-01
-9.992424031584105915e-02
-9.839777001639277154e-02
-9.719486063453890157e-02
-9.617177708011434567e-02
-9.702415896718249999e-02
-9.698428512373820365e-02
-1.200103197021326373e+01
-1.163789791520390693e-01
-1.086426087916742972e-01
-1.034128755897522622e-01
-1.141129667415924920e-01
-1.063296619999749698e-01
-1.023806343630404014e-01
-1.017676028685055994e-01
-1.004329847332468412e-01
-1.035577192481486608e-01
-1.143273275658620491e+01
-1.084193557350390247e-01
-1.028604927137498071e-01
-9.968901491146581195e-02
-9.982107636384271454e-02
-9.733775671233495241e-02
-9.561572825029354683e-02
-9.428797523938350911e-02
-9.440800040049444897e-02
-9.297864515227433069e-02
-1.363013204171929260e+01
-1.253273830259577437e+01
-1.222992708226789382e+01
-1.135086543607690401e-01
-1.060894405075906849e-01
-1.010399521647797338e-01
-9.794138616133958586e-02
-9.579082240165542883e-02
-9.417600871782409733e-02
-9.495721993874331468e-02
-9.299725880896853036e-02
-9.632703983285742511e-02
-9.336987500010526797e-02
-9.173201382472222221e-02
-9.058426917019782310e-02
-9.057241944591862270e-02
-8.978057532039429578e-02
-8.910184232951220973e-02
-8.850624405123473648e-02
-8.921066197422748700e-02
-8.865831585641689716e-02
-8.814611147908828215e-02
-8.767806414164056039e-02
-8.724649136854319142e-02
-8.685174319565477918e-02
-9.325646740239923460e-02
-9.048927257365557697e-02
-8.900097924843421160e-02
-8.801358738029754769e-02
-8.859542050501596766e-02
-8.631069799102210338e-02
-8.558529192721231471e-02
-3.384757315173026626e+01
-1.432311140072100031e-01
-1.191447167628898879e-01
-1.085703246643901637e-01
-1.026910957247607475e-01
-9.891045356201229322e-02
-1.025223174340557236e-01
-1.000670410878643918e-01
-9.674520856808817293e-02
-9.452320305552205926e-02
-9.987687881337441176e-02
-9.729457142111576362e-02
-9.446279569030884005e-02
-9.260810393942284224e-02
-9.468003525913229468e-02
-9.247363312500196664e-02
-9.238517566825453498e-02
-9.077695600165087975e-02
-9.146981463958783753e-02
-8.994063662926304881e-02
-9.050779885108248268e-02
-1.199256248583560946e+01
-1.906815467309584677e-01
-1.390846330361509686e+01
-3.040067730268019730e+01
-6.166248907491999276e+00
-1.970799855309057491e-01
-1.688258658908114995e-01
-1.535789557893058876e-01
-1.470233602621432989e-01
-1.453213354697328319e-01
-8.004529249915236733e+00
-5.772223266063186031e+00
-1.780666540700871769e-01
-1.654376454527587015e+01
-2.299478978778816407e-01
-1.107557591336302671e+01
-1.714222163490550788e-01
-1.534848132181478031e-01
-1.429239537674357186e-01
-1.335623054025104062e-01
-1.272850987469747175e-01
-1.224037101024593038e-01
-1.184598564491539524e-01
-1.182129275175364119e-01
-1.144277925934912010e-01
-1.115085354987837285e-01
-1.091176154294040135e-01
-1.109661486859362944e-01
-1.079953105824115467e-01
-1.239032285366927333e+01
-1.174673344620622700e-01
-1.180648146661120723e-01
-1.123162409568288500e-01
-1.086184631294742908e-01
-1.082436581177111390e-01
-1.052234492142459787e-01
-1.030821861727785199e-01
-1.013805041432249976e-01
-1.016929679544451431e-01
-9.981619662185423070e-02
-9.925350808414995507e-02
-9.775472839251694857e-02
-9.792732029285816653e-02
-9.660212882292359970e-02
-9.554691334055637197e-02
-9.464722413526599487e-02
-9.384066809340545212e-02
-9.312519462891254152e-02
-1.018092117972863864e-01
-7.895710302914937806e+00
-1.112004326680920696e-01
-1.054580057965460310e-01
-9.983559636438500695e-02
-1.007344356079098724e-01
-9.663293059292192566e-02
-9.817426401356488253e-02
-1.024646112505442908e-01
-9.746248618197336788e-02
-9.833223979126022585e-02
-9.810643337638605410e-02
-9.503451299200468827e-02
-9.304868866796511817e-02
-9.944869306279864596e-02
-9.532597809225962227e-02
-9.461198361586806160e-02
-9.245216578148905684e-02
-9.100856734545302584e-02
-9.806257876539073437e-02
-9.380691390206055691e-02
-9.154741423781675991e-02
-9.203916396161691826e-02
-9.047676657122483146e-02
-2.682431433557065148e+01
-1.222192908755102697e-01
-8.299792369982471385e+00
-9.117051528567959195e+00
-1.300332738347047545e-01
-3.671158825185159458e+01
-1.706518999544185400e-01
-4.824742197666559207e+00
-1.326519927283782707e-01
-1.584028408286285838e+01
-2.679488823951145804e+01
-2.607135499396346923e-01
-2.168614604744269481e-01
-1.906951266715613269e-01
-1.797303973964147761e-01
-1.643692231566185324e-01
-1.535181955619051575e-01
-1.460220787908810269e-01
-7.920186572278442583e+00
-1.503856763210450476e-01
-1.389623920834693604e-01
-1.315088278185330140e-01
-1.281583048495697774e+01
-1.317692307896033421e-01
-1.235296962402336884e-01
-1.196242438778330058e-01
-1.150628982373697179e-01
-1.117712832706527354e-01
-1.091293137944157055e-01
-1.069162856522655747e-01
-1.114494704639287792e-01
-1.075845123231819744e-01
-1.052113785148438008e-01
-1.032726817053407908e-01
-1.016632642217267513e-01
-1.028662234121318630e-01
-1.028525582238728059e-01
-1.008421011661731620e-01
-9.910632715646673641e-02
-1.150060587784593658e+01
-1.083402899215745868e-01
-1.051614821222923990e-01
-1.017551527379565446e-01
-1.026898411960647239e-01
-1.364568806871626805e+01
-1.050519313712353908e-01
-1.010746732723708935e-01
-1.018369699325272493e-01
-9.886158215111054415e-02
-1.065867811792990949e-01
-1.014855681725981840e-01
-9.830475584608222572e-02
-9.618347592835412019e-02
-9.466774373941302945e-02
-1.030455365338034945e-01
-9.825296527709127814e-02
-9.867488244918463935e-02
-9.598611620156341506e-02
-1.531338380244884689e+01
-9.534605037745791378e-02
-1.052107516694801154e-01
-9.897735703094502624e-02
-9.593486575454110432e-02
-1.231033865301526120e+01
-1.041382662875588033e-01
-9.885822929408361048e-02
-9.928445978469001287e-02
-1.057115046924308327e-01
-1.049754952212257897e-01
-1.095108383761382587e-01
-1.028160347303068711e-01
-1.024927562842771478e-01
-1.017428594866629787e-01
-9.878455174511453774e-02
-9.693721276789915575e-02
-1.004093189346085407e-01
-9.708956710378352506e-02
-1.055622148272447464e-01
-9.970594429721003904e-02
-9.659951890970989996e-02
-9.869815210475116340e-02
-9.946427599708196343e-02
-1.011030669294294693e-01
-9.679906162665097291e-02
-9.447969837888860190e-02
-9.285211739605572778e-02
-9.320044794736537241e-02
-9.150722867620345036e-02
-9.036850241294824837e-02
-8.945452607151690994e-02
-8.886476858286325442e-02
-8.816527198441019564e-02
-8.907281454106151519e-02
-8.790927113351304500e-02
-8.715377756599207437e-02
-8.840748171884563189e-02
-8.717730807400138338e-02
-8.745329414967176196e-02
-8.725996948127227870e-02
-1.523201516283055490e+01
-1.013705208960575632e+01
-2.428420910373567387e-01
-1.956480807755949514e-01
-1.694778128648482818e-01
-1.527724329724487184e-01
-1.418497935207830574e-01
-1.400446593771448034e-01
-1.305304945789363125e-01
-1.240612355718653942e-01
-1.224752548532246077e-01
-1.189426907002309047e-01
-1.145175964941926999e-01
-1.111721218437671382e-01
-1.084525491650072115e-01
-1.061691101193059650e-01
-1.042017754230171872e-01
-1.024801547047486244e-01
-1.009555624262124390e-01
-1.467177434705001637e+01
-1.294798499615753551e-01
-1.181384949000982704e-01
-1.147534776921867589e-01
-1.096458622470455752e-01
-1.061653592158955384e-01
-1.035493197139198129e-01
-1.014547408685976954e-01
-9.973845363904668138e-02
-1.043670838815945745e-01
-1.005725390581965611e-01
-9.840015018613405828e-02
-1.016335073902632224e-01
-9.861118876690995461e-02
-9.671448169288049401e-02
-9.530282112990666465e-02
-9.416155284096104638e-02
-9.319436040943090971e-02
-9.475817960367582948e-02
-1.031897682787260884e+01
-1.180397092355843824e+01
-1.336809201784699974e-01
-1.196656846661107998e-01
-1.118461962713943880e-01
-1.083054724719128559e-01
-1.042011306596895004e-01
-1.040395270450191062e-01
-1.051542741451635260e-01
-1.104247750072705619e-01
-1.043301826059056941e-01
-1.013800988779260254e-01
-9.855138877289520982e-02
-9.904573994717309759e-02
-9.919688427294175159e-02
-9.831794784206969451e-02
-9.569272031887053609e-02
-9.398006521088358989e-02
-9.147008188262432948e-02
-9.144755842637994347e-02
-9.054463508663486426e-02
-8.975644063679563689e-02
-8.905575776535352983e-02
-9.045605583846626219e-02
-8.908383123035588935e-02
-8.823107582472164423e-02
-8.756574362035386694e-02
-1.248883429868109118e+01
-9.930805304380239951e-02
-9.559155710526452687e-02
-9.259604038469534948e-02
-9.069735966875870636e-02
-8.934361172117737115e-02
-8.830359495612703780e-02
-8.746278384519204363e-02
-8.841510068200238159e-02
-9.306649516700929436e-02
-8.982754314513018146e-02
-9.023995315771890513e-02
-9.017938445955298032e-02
-8.828932874452313784e-02
-9.278058226372180861e-02
-8.787870290477083068e-02
-8.747359609398693003e-02
-8.620351504286881406e-02
-8.533735328871777659e-02
-8.903262927634508772e-02
-8.970159202420614764e-02
-8.788054899804011166e-02
-8.667187001381192191e-02
-8.786530250410035103e-02
-1.315444944758590751e+01
-1.568275232721886847e-01
-1.310563796032414852e-01
-1.182027326843008846e-01
-1.104464635647121190e-01
-1.121577692413596034e-01
-1.059072665346483672e-01
-1.036570082030486145e-01
-1.006267395409233822e-01
-9.759580948467472261e-02
-9.595591033597203334e-02
-9.727078817176600112e-02
-9.457220553463266399e-02
-9.276085737642489337e-02
-9.136298492162719942e-02
-9.021556969131540316e-02
-9.078857441645805937e-02
-8.901142111178138305e-02
-1.188760382685805617e+01
-1.011872144821626546e-01
-1.285782561508873911e+01
-8.333693910023681539e+00
-1.239722675647947625e+01
-1.302506140849813143e-01
-1.162447144429731571e-01
-1.258604559611642593e+01
-1.993916919251199349e-01
-1.583717777539168647e-01
-1.381988537809997475e-01
-1.323037820198254555e-01
-1.231520791118223407e-01
-1.223276288867807815e-01
-1.168897476574751459e-01
-1.111774484262294943e-01
-7.722294693575849855e+00
-6.082428174830004863e+00
-1.138971733236728151e-01
-6.713059251181943132e+00
-1.113522723332690950e-01
-1.045152748810722482e-01
-1.006911400985078531e-01
-1.332025019691026735e+01
-1.818696304863669511e-01
-1.562194605536982306e-01
-1.391442600562873555e-01
-1.336920466227140281e-01
-1.294236532990341582e-01
-1.215754362455341853e-01
-8.230744435948073701e+00
-1.268107305864604761e+01
-1.320355442588543593e-01
-1.229048202611033314e-01
-1.034721297393875333e-01
-9.883431203733272774e-02
-9.535131368680507813e-02
-9.168839805486421468e-02
-1.085855242941045873e+01
-1.116981843742278768e-01
-1.066638140159072018e-01
-1.029489559536516941e-01
-1.004226932423192276e-01
-1.500576157207491867e+01
-1.283111722219305861e-01
-9.418066813176436014e+00
-1.336875821906708395e-01
-1.211258666802674383e-01
-1.139039402020821379e-01
-1.126967626605528960e-01
-1.077519338047387837e-01
-1.043734666281511958e-01
-1.185593062837095779e+01
-1.212502486192090501e-01
-1.111861098936398340e-01
-1.059902590090099628e-01
-1.038014848885261271e-01
-1.115980622104920528e+01
-1.245167801908546035e-01
-1.219293506391540688e-01
-1.179818297322523385e-01
-1.149839554917119755e-01
-1.091610937559521072e-01
-1.078906167495961438e-01
-1.093475685365904310e-01
-1.064514375936344431e-01
-1.027035826680151587e-01
-1.016526816847427850e-01
-1.002066228165510026e-01
-1.036196378804451756e-01
-9.967775566194531089e-02
-9.856986143312178317e-02
-1.004886647330937438e-01
-1.044574335705441281e-01
-9.956179899818619339e-02
-9.666488174420306834e-02
-9.686910634090804828e-02
-1.402636959797028560e+01
-1.107894371092950914e-01
-1.448201666813857003e+01
-1.295819994546758003e-01
-1.144096305479975623e-01
-1.071373257933985884e-01
-1.026783784359647511e-01
-1.019163211998215801e-01
-9.867870225730136780e-02
-9.996453480022170213e-02
-9.697556289343216285e-02
-9.648436314083513876e-02
-1.072608213801437699e-01
-1.002935960252935577e-01
-9.678873825644507267e-02
-9.451755535252788498e-02
-8.072991519872672883e-02
-7.934027848913381697e-02
-8.094927225703317519e-02
-8.482297045505481081e-02
-8.273212103941945950e-02
-8.024953310608869128e-02
-8.205282221806167731e-02
-8.956291099489689655e-02
-8.849120198851366526e-02
-8.913933824626237012e-02
-8.430830577840220386e-02
-8.288441387027867258e-02
-2.009010798058585934e+01
-9.247860336835550532e-02
-8.620845813832545002e-02
-8.286259931073484963e-02
-8.055444495005285865e-02
-7.885837457494583591e-02
-7.755868264079344987e-02
-7.647680348959867702e-02
-7.862452034491639041e-02
-7.652113356707501701e-02
-7.529446416140357645e-02
-7.810894042330555898e-02
-8.027528387420546085e-02
-7.755887471458286497e-02
-7.563258424928684387e-02
-7.881344195019431009e-02
-7.910685918116824866e-02
-7.636266162968802229e-02
-8.085184900679506792e-02
-8.937080635551579444e-02
-8.751493376894745047e-02
-9.370291266730816637e-02
-9.004291098552975880e-02
-8.794315502477850766e-02
-9.181238037271420571e-02
-8.877996285231382068e-02
-1.009485921623576665e+01
-1.412258242101911698e-01
-6.923260557679902227e+00
-1.192292496028417303e-01
-1.151741229617673223e-01
-1.077833372203011730e-01
-1.122597158271470619e+01
-1.214623503448132996e-01
-1.103524359405567978e-01
-1.044548616991128748e-01
-1.028848107249211025e-01
-1.091433511587540234e-01
-1.026062254254553607e-01
-9.886316747104315072e-02
-9.624814119220652386e-02
-9.425799345747525038e-02
-9.654783130676634906e-02
-9.711963174646585928e-02
-9.380640243586226001e-02
-2.191354736794038871e+01
-1.212416538597039933e-01
-1.096542102961673287e-01
-1.054732491126060823e-01
-1.008387387094294430e-01
-1.062375468491494473e-01
-1.116871041711055834e-01
-1.043649715469074646e-01
-1.000794985482708066e-01
-9.713472130922816417e-02
-9.492812402381653469e-02
-9.318252285831005177e-02
-6.551913351995386492e+00
-1.011439190144372696e-01
-9.677537977567067518e-02
-9.580024763310969471e-02
-9.042270809411361021e-02
-8.871638964169648034e-02
-8.739860222476721063e-02
-9.013056962196158706e-02
-1.372865824494084031e+01
-1.363423594366555491e+01
-1.185415574219279844e-01
-1.068575012610090830e-01
-1.015935825702922873e-01
-9.699157810352003473e-02
-1.345298249860330664e+01
-1.093519033779424554e-01
-1.003877640296998858e-01
-1.462338654139795224e+01
-1.110383176896599100e-01
-1.015582604594129357e-01
-9.896366612738112523e-02
-9.755400383642605366e-02
-9.398015034842889526e-02
-9.160947998895166422e-02
-1.405185191322440552e+01
-5.096297829086897657e+00
-1.137833162640322082e-01
-1.061888523588916389e-01
-1.022180973644032237e-01
-1.616045500482510278e+01
-1.573774724585722817e-01
-1.288657723821901580e-01
-1.163513059524347165e-01
-1.094665212617919742e-01
-1.045053711645055339e-01
-1.008867959856138974e-01
-9.808965122703354467e-02
-9.584310326380600376e-02
-9.398477681850067600e-02
-9.241270472791350554e-02
-9.463667085517130095e-02
-9.196292050726964651e-02
-9.017929719304905445e-02
-8.885283700756357872e-02
-9.346297675842590857e-02
-9.033978518613235142e-02
-1.008072501090952755e-01
-9.657561727824433284e-02
-1.073590844610467221e-01
-1.002044690350059331e-01
-9.552955416341149530e-02
-9.256577180919844938e-02
-9.519697962385653689e-02
-8.992685079289496064e-02
-8.830781749007821091e-02
-8.702159328150210760e-02
-8.597225093412355634e-02
-2.770568247912192916e+01
-1.258742261517290517e-01
-1.129822327017606376e-01
-1.063170662853867160e-01
-1.004468985658515112e-01
-9.657462819321416259e-02
-9.377220824782597774e-02
-9.162080928927784917e-02
-9.779908092292674548e-02
-1.368701740226557284e+01
-9.492303145753895610e-02
-9.940500962851742117e-02
-9.436481427441280323e-02
-9.111980523529063236e-02
-8.899299520394045315e-02
-8.745417750005760049e-02
-8.622998993068176077e-02
-8.521360696552258973e-02
-9.682451055023053033e-02
-9.156594426895753314e-02
-9.227623842904246476e-02
-8.884093755571226270e-02
-9.807773585278919959e-02
-9.637789772119166598e-02
-9.202993841854957557e-02
-9.444685031764121774e-02
-9.081146049154875666e-02
-8.850030215390106147e-02
-8.676816294526727702e-02
-8.545004541248589491e-02
-8.437706550911636127e-02
-8.809797323111918932e-02
-8.723000949264730908e-02
-8.517557026834808587e-02
-8.596505998265925597e-02
-8.575439302377020623e-02
-8.392625072604739667e-02
-8.593509058806293732e-02
-8.397368919750140825e-02
-8.270493399290589076e-02
-8.176107972041998795e-02
-8.101055006004034831e-02
-8.189929156858183346e-02
-8.651790904817643901e-02
-8.371320106142461637e-02
-8.504523613079285893e-02
-8.278589519855951429e-02
-8.147993469107829567e-02
-1.170004549609350519e+01
-1.489571194373897067e-01
-1.239910512933229958e-01
-1.116074074690441148e-01
-1.041533486706331529e-01
-9.913759474880004530e-02
-1.007487616278303633e-01
-9.774827340893135763e-02
-9.384228556094537099e-02
-9.123230346530579460e-02
-8.926223226749895046e-02
-8.768566105512815012e-02
-8.637860322097049015e-02
-8.533147236139504432e-02
-8.428928276375677320e-02
-8.492749195863247280e-02
-8.362505006736603574e-02
-8.270097174928257855e-02
-8.194977765392230662e-02
-8.130424909954983570e-02
-8.073220927201768538e-02
-8.405245293784829874e-02
-8.230217603725178965e-02
-8.122298857057863586e-02
-9.395168139255902218e-02
-8.812205784820136001e-02
-8.515996935587630268e-02
-8.505109712939609712e-02
-8.295236118524289270e-02
-8.505510131343528568e-02
-8.275688810633265169e-02
-9.418581377416589129e-02
-9.008076610359770642e-02
-8.669784751325569638e-02
-8.923422505532165039e-02
-9.275012736417165282e-02
-8.825385335334852421e-02
-8.564636208039616561e-02
-8.920343108536511745e-02
-8.803996490114138207e-02
-8.539781020674859502e-02
-8.365389823858467022e-02
-8.489961701286778684e-02
-1.247847560756795104e+01
-4.764360474159902381e+00
-1.590684018613116868e-01
-1.345519876940271531e-01
-1.247930944580101092e-01
-1.147468152741148023e-01
-1.094709271308934584e-01
-1.040524575320855016e-01
-1.000809675624374367e-01
-9.730658566245906083e-02
-9.480311469054562845e-02
-9.273284178535232125e-02
-1.143792365142221357e+01
-1.673035982349198036e-01
-5.466943276233196514e+01
-1.979565064005535113e-01
-1.621449932100961777e-01
-7.123354518478561381e+00
-1.381589642561172060e-01
-1.254953208571200629e-01
-5.941287885800446311e+00
-1.249615350100235639e-01
-1.184899307750279518e-01
-1.119691643977216988e-01
-9.021568721798221446e+00
-1.222164717038706216e-01
-1.177521089099002882e-01
-1.131527027083861214e-01
-1.107480921439522731e-01
-1.074708117617475950e-01
-1.050533548508357645e-01
-1.014681731083747901e-01
-1.006023978751584280e-01
-9.979202926233105009e-02
-9.842913056226301749e-02
-9.722133097292189052e-02
-9.487889552866052290e-02
-9.291145742315157219e-02
-9.146434622987265062e-02
-9.022991807966576627e-02
-9.055619203870679534e-02
-8.906062478922902037e-02
-8.996658740043984859e-02
-9.176462627099411795e-02
-1.274975331075194340e+01
-1.105316674702437607e-01
-1.067464498242245152e-01
-1.145651288469803075e-01
-1.056642833237781409e-01
-1.003294718963608223e-01
-9.667612436152624167e-02
-9.399470192086714637e-02
-9.104050601196204962e-02
-8.945759979501048675e-02
-9.144306856347400592e-02
-8.924542247977315657e-02
-8.990797242599815609e-02
-1.517292904116623120e+01
-1.541535061840442289e+01
-1.524915073616317229e-01
-1.292231888634716164e-01
-1.158607063265988391e-01
-1.079420825634093833e-01
-1.027061744776109620e-01
-9.893900261380085548e-02
-1.011282300049158173e-01
-9.692124710031077561e-02
-1.074654535022160073e-01
-1.086796303549009968e-01
-1.055823049405214958e-01
-1.006938007225390841e-01
-9.620555254839950610e-02
-9.355414710612089402e-02
-9.991003997882497156e-02
-9.544257003208549139e-02
-9.369114688134731750e-02
-9.128228186856253423e-02
-9.527320917667540801e-02
-9.600908661651243181e-02
-9.817101395844664291e-02
-9.307442186079896429e-02
-9.029505663596851250e-02
-8.945252740969958372e-02
-8.765131122616547088e-02
-8.824416209897384400e-02
-8.655603766984176772e-02
-8.533804324000562880e-02
-8.738561558896976167e-02
-8.632636143773078641e-02
-8.440141378812114625e-02
-8.320571991119944666e-02
-8.225118250038435108e-02
-8.156283207660147694e-02
-8.713043708999883286e-02
-1.492489736595407734e+01
-9.542885239504579620e-02
-9.357858083168020535e-02
-8.909925729616667567e-02
-8.649494709953893523e-02
-9.562217525733988921e-02
-8.970062901903072539e-02
-8.678821294920581464e-02
-3.897984165574229110e+01
-6.662248340554595138e-01
-4.384785609924224947e-01
-3.348910659651611055e-01
-2.766358219313684308e-01
-1.429817392957256139e+01
-2.357852657861415901e-01
-2.086165679867233169e-01
-1.009112175811359080e+01
-1.890367488999711298e-01
-1.730943428320227961e-01
-5.365341461078778451e+01
-9.502733469002489386e+00
-9.383490460064901839e+00
-9.580815606792353334e-01
-7.925903320477083458e-01
-8.868860637178258344e+00
-1.272718874074422324e+01
-5.674378171213769750e-01
-5.078255436325083139e-01
-4.647375269818996846e-01
-4.268354053407545368e-01
-3.986743794956847387e-01
-3.719618610760481170e-01
-3.512455716125996164e-01
-3.322379007292023956e-01
-3.148075728882796520e-01
-2.997477633214503667e-01
-2.865465069988701874e-01
-2.747706679599561386e-01
-2.663380802020066107e-01
-2.560495547639537461e-01
-2.512231330994880718e-01
-1.464350422655409467e+01
-2.642736394379125997e-01
-2.457773879961077379e-01
-1.587756826185606940e+01
-8.654951702063345964e-01
-5.980587160275691039e-01
-4.888996991450966223e-01
-4.203678911333931234e-01
-3.778546869121041096e-01
-3.429340455986614744e-01
-3.171509684614901015e-01
-3.011637666966223148e-01
-1.176389553379974373e+01
-1.394686552795288570e+01
-8.915509893909153050e+00
-2.849779633144393642e-01
-2.647258872240036420e-01
-2.504729128178053155e-01
-2.393535790190935431e-01
-2.344264361759680892e-01
-2.240603884942907742e-01
-2.168113185433425127e-01
-2.146147809490855374e-01
-2.081720782445102558e-01
-2.057200477482467871e-01
-1.990742286727658905e-01
-2.023053506304436922e-01
-1.957168737572359818e-01
-1.898996468817037153e-01
-1.931991242332362635e-01
-1.854962948093213104e-01
-1.831476890661150048e-01
-1.887425619665048515e-01
-1.321467817674711576e+01
-2.031147857530222478e-01
-1.925258216017309010e-01
-1.121918103157777047e+01
-1.902250318371100091e-01
-1.811759291585529619e-01
-1.807498192916494884e-01
-7.879902800009580766e+00
-1.872229383939326419e-01
-1.754416624305863426e-01
-1.346878121966675224e+01
-1.031946221520368390e+01
-1.953521114402588799e-01
-1.842495968042078269e-01
-1.801629017312068870e-01
-1.732405617243250595e-01
-1.803434567611331418e-01
-1.723132222768913591e-01
-1.666012388694436686e-01
-1.670771164816524934e-01
-1.641241287746774136e-01
-1.619297797809334249e-01
-1.602609056269722887e-01
-1.631279193229574487e-01
-1.555634972154990303e-01
-9.509958451567126048e+00
-1.598297623537585088e-01
-1.524541553193270726e-01
-1.066400582602733138e+01
-2.199325834695750075e+02
-1.860370899694119942e+02
-8.458258835753770200e+01
-5.087239835948193445e+01
-2.910313820397721685e+01
-2.936415715039593977e+01
-9.421869482193404366e+00
-1.413954117361840446e+01
-1.966602947110110966e+00
-7.761311950323805497e+00
-7.912518583537031525e+00
-1.374560807012745833e+01
-6.205908024208718565e+00
-7.248080504740130436e+00
-1.197895291863339873e+00
-7.965255551717269178e+00
-1.045594438237503754e+00
-9.435251729424763312e+00
-1.580261880755518078e+01
-9.269737775062684149e-01
-8.626179128494249060e-01
-8.191506664040343333e-01
-7.809823029364522107e-01
-1.357131245913675244e+01
-7.681587380126470022e-01
-8.424116762683450332e+00
-7.088071039937752227e-01
-6.671897094746934709e-01
-6.403699265925747452e-01
-6.237571169842232033e-01
-1.372808932556255179e+01
-5.880742644103327255e-01
-7.510416625369065180e+00
-5.640712115420213335e-01
-3.880753489077421392e+01
-5.130796704348880688e+00
-5.577713357166891317e-01
-5.380008002714079529e-01
-5.124137925569303142e-01
-4.921394036178488585e-01
-4.750659199723161197e-01
-1.115250837050444233e+01
-4.787170636440732374e-01
-4.589994685105149852e-01
-4.455413728649603167e-01
-1.574369826697325969e+01
-6.249375739075943237e+00
-4.300106379312094163e-01
-2.611201712539623543e+01
-4.825624222905084415e-01
-7.256808640904867325e+00
-4.197856726222680690e-01
-1.456120183967625792e+01
-4.737051619117695900e+00
-3.864213776914730003e-01
-3.814302413184971763e-01
-3.789234121012014511e-01
-3.709960064627380039e-01
-3.575913499941134610e-01
-1.151511046454849740e+01
-8.823318380817433138e+00
-3.668544079921350898e-01
-3.538552310476636431e-01
-3.639459301002231917e-01
-3.450214773220716680e-01
-3.504342556608507908e-01
-3.355499812936040271e-01
-7.710404630432742934e+00
-1.578013109569150174e+01
-2.476978696516829004e+01
-2.603788267359854203e+01
-8.129586138870545042e+00
-5.375548937148614215e+01
-7.124989182703667101e-01
-7.793005342279008651e+00
-5.162438061185672389e-01
-4.628070726714877403e-01
-4.266317297015018717e-01
-4.055095417236161959e-01
-3.823879849202011516e-01
-3.685032280758889223e-01
-4.780537520276842756e+00
-8.230073871000238128e+00
-3.466491845546521011e-01
-3.315668335143482359e-01
-3.268535384476679573e-01
-3.177394930894768543e-01
-3.106439358173944121e-01
-3.019607879573457665e-01
-3.015004034657710608e-01
-3.045810892248946300e-01
-3.002312051690587125e-01
-1.186579903947852443e+01
-7.874929339940071493e+00
-1.521820748997626715e+01
-5.563347296217804328e-01
-4.288061525142841113e-01
-3.769385444933095464e-01
-3.537605480526881396e-01
-3.295961176249219693e-01
-3.133662542690479058e-01
-3.023053216504353324e-01
-1.098366157131925824e+01
-2.943216347015917278e-01
-2.841248202250996613e-01
-2.756614329219264636e-01
-2.716879811736895300e-01
-1.583804671555018118e+01
-2.881719517740267134e-01
-2.741782354607558703e-01
-2.710683584556312087e-01
-1.331543546242269649e+01
-2.634817904765146546e-01
-6.937072616621215104e+00
-2.552445148307177503e-01
-2.500495122011907601e-01
-2.474972653852362536e-01
-2.603287206850246704e+01
-2.548703955354302830e-01
-2.447168858233581823e-01
-2.497928738798335935e-01
-2.415332465752551561e-01
-2.353292281228435978e-01
-2.385645599358856839e-01
-1.301019890532663581e+01
-2.417966898361553485e-01
-2.320555575559579420e-01
-2.262026034737884550e-01
-2.278375728452399218e-01
-2.375320400395505571e-01
-2.301729628725840415e-01
-1.133817751178995081e+01
-2.200951768545596765e-01
-2.151416833351130209e-01
-1.300762478277112244e+01
-2.354462269699688914e-01
-2.250476688575736850e-01
-2.173065238728712212e-01
-2.124020249367777335e-01
-2.098685897178255433e-01
-2.131340993968314779e-01
-2.088315195971897908e-01
-2.319213172001283141e+01
-2.306224102673131715e-01
-2.283912023695905125e-01
-2.223246125328885991e-01
-2.177803283274029611e-01
-8.632599159500758290e+00
-2.274197526479711240e-01
-2.138656637273552985e-01
-1.249535739743893731e-01
-1.238919753562826020e-01
-1.239200267727435245e-01
-1.211307480083078786e-01
-1.238109342006473157e-01
-1.215012283781601449e-01
-1.196307197951912843e-01
-1.212143934146774904e-01
-1.180712643349078605e-01
-1.160818623108058195e-01
-1.829834259497127302e-01
-1.826315269346174552e-01
-1.861764438314340298e-01
-1.172960882980892627e+01
-9.208206016829894480e+00
-2.690006115002649967e-01
-2.483701241490681721e-01
-2.331219694250711016e-01
-2.236742229635671764e-01
-7.503904178520418355e+00
-2.264355600121972512e-01
-2.100987625344495624e-01
-2.003714849237911433e-01
-1.939278985768065622e-01
-1.892292726980438489e-01
-1.854677712452314498e-01
-1.823623265985124531e-01
-1.797212020891561512e-01
-1.774229568349933728e-01
-1.478933490324270394e+01
-1.963853691776502042e-01
-1.901362765179985814e-01
-1.867005614403949854e-01
-1.809890518790027436e-01
-2.028458872160310378e+01
-2.125159253312159380e-01
-2.038253258107827481e-01
-1.939457828569926268e-01
-1.864615050776804450e-01
-1.804211330051785911e-01
-1.762295063114520388e-01
-8.267444242542538291e+00
-1.856772528052456628e-01
-1.777555841826446714e-01
-1.730073365038585498e-01
-1.712796669983094322e-01
-1.689884595423017388e-01
-1.680868235329834315e-01
-1.715924919918613289e-01
-1.775772652151814679e-01
-1.719466538772995157e-01
-1.671970397103878792e-01
-1.640395806155973413e-01
-1.616605361335911040e-01
-1.597494316664384573e-01
-1.640768747847399511e-01
-1.607417151035337444e-01
-1.583277882852590634e-01
-9.620308620429653956e+00
-1.666168632278962891e-01
-1.366194850690198237e+01
-1.867625891597429477e-01
-1.756089684787847105e-01
-1.691575352957015443e-01
-9.252428874238361800e+00
-2.001525442170091484e-01
-1.877475428140221725e-01
-1.765575162347083893e-01
-1.706432751453468011e-01
-1.655065689545136554e-01
-1.639681866992117321e-01
-1.610001843197349514e-01
-1.597547947511862854e-01
-1.587255824866762866e-01
-1.579869312358030686e-01
-1.572644836449078876e-01
-1.545963235524759616e-01
-1.596488701337293592e-01
-1.634428997752028490e-01
-1.602319053055593079e-01
-1.587336942649824889e-01
-1.541760744877801181e-01
-1.718146233712985194e-01
-1.626771664204944012e-01
-1.595839391794125484e-01
-1.561057782029069974e-01
-1.592024332092805972e-01
-1.544714764829955012e-01
-1.514435647661039053e-01
-1.504109184222631734e-01
-1.482460452454265887e-01
-1.486781040249078312e-01
-1.513456762754638307e-01
-1.491541825465700633e-01
-1.456673989548707138e-01
-1.440424354064169243e-01
-1.478801951352703425e-01
-1.503946633293411217e-01
-1.198594953517261352e+01
-8.119690969913360590e+00
-1.598304278893526997e-01
-9.994362221497519627e+00
-2.160912192689492251e-01
-1.886389350147548161e-01
-1.746688678677154327e-01
-1.396909661953982429e+01
-1.863030401423301508e-01
-1.748040805691078725e-01
-1.006203997612190015e+01
-1.745704889638121649e-01
-1.645018480252052051e-01
-1.592245901348609827e-01
-1.615019280388511613e-01
-1.083122714619723048e+01
-1.742322516760039519e-01
-1.686499288680811670e-01
-1.607209228429013759e-01
-1.552302726682420753e-01
-1.514493309332225479e-01
-1.577452756586417981e-01
-1.565763957657573535e-01
-1.587987034964948863e-01
-1.524225784699356212e-01
-1.539814500256341812e-01
-1.569176852811298151e-01
-1.522689228288995611e-01
-1.476112386497847873e-01
-1.445659036420882393e-01
-1.422957806036539707e-01
-1.222732294782548301e+01
-1.486281851504470120e-01
-1.459037804859581455e-01
-1.439554291338145386e-01
-1.323817334591350381e+01
-1.767954129693797283e-01
-1.685147033206328415e-01
-1.598492168362974919e-01
-1.552524031447789221e-01
-1.501678885245728290e-01
-1.529464303984917894e-01
-1.478387671221317867e-01
-1.443969451295199768e-01
-1.417851561571144559e-01
-2.440714327790824001e+01
-8.780745981591056903e+00
-1.636272049362181014e-01
-1.531725036051692357e-01
-1.472296528701155793e-01
-1.438368506973339567e-01
-1.420870784645740792e-01
-1.390260011658196460e-01
-1.367721433465016734e-01
-1.362695065746430123e-01
-1.396972319618339231e-01
-1.366998127482247360e-01
-1.338679476374165511e-01
-1.319537382699132178e-01
-1.304781391449235939e-01
-1.017175388386415236e+01
-1.411635403583494652e-01
-1.363089381164273861e-01
-1.327141384932952750e-01
-1.323429136816706986e-01
-1.300872221477646362e-01
-1.284869487713011793e-01
-8.538420389198099869e+00
-1.439559348571302910e-01
-1.353245606106588672e-01
-1.312503903048577447e-01
-1.289518819778882608e-01
-1.101227773125343212e+01
-2.438503970317848768e-01
-1.126750245304975451e+01
-2.110751353868093039e-01
-1.868931636177429967e-01
-2.953180752614519378e+01
-1.778494772573709082e-01
-1.695209885771500335e-01
-1.621787957600255570e-01
-1.546974119992562957e-01
-1.493080861833880058e-01
-1.147394990618904309e+01
-1.633308290084731773e-01
-1.538285593571488696e-01
-1.567568219628359405e-01
-1.493395497803937377e-01
-1.010913050843347705e+01
-1.801699736325541312e-01
-1.651653373083059317e-01
-1.564025401444020524e-01
-1.496890538351452193e-01
-1.460304745842520568e-01
-1.439743088837197316e-01
-1.400819154157437740e-01
-1.363420659963969217e-01
-1.348039107818572724e-01
-1.390955743911065912e-01
-1.378007976334484075e-01
-1.399635535748230131e-01
-1.362372127911677944e-01
-1.334780492137784547e-01
-1.395352556227895946e-01
-1.385299084354685295e-01
-1.353758990781908089e-01
-1.318423874734978019e-01
-1.338087554085911624e-01
-1.301299699194916892e-01
-1.311051196689209386e-01
-9.417051147769385011e+00
-1.363566526911902665e-01
-1.362308604348356489e-01
-9.727036288091783334e+00
-1.596378995284759295e-01
-1.457397812566752215e-01
-1.379689674240543729e-01
-1.372669622806287903e-01
-1.324834525586786049e-01
-1.372769931578926850e-01
-1.320431723596465212e-01
-1.287715727035631808e-01
-8.058242311459599350e+00
-1.365934259155157371e-01
-7.574024034407315753e+00
-1.461714398903573575e-01
-1.534122302514141190e+01
-1.565913524597394024e-01
-1.217311382363966032e+01
-1.440186364968678667e+01
-1.446424704783621706e+01
-1.618894260566308141e-01
-1.528600502580530485e-01
-1.431019905997473196e-01
-1.096133759128746910e+01
-1.423332204625749053e-01
-1.392481427765195900e-01
-1.426011754095187767e-01
-1.378570971364183329e-01
-1.327907736173297992e-01
-8.726772195018803302e+00
-1.370726087645280644e-01
-1.314879450612045642e-01
-1.273084198645162701e-01
-1.247714244150102958e-01
-1.227868416337369317e-01
-1.105813429803021464e+01
-1.541424788735065998e-01
-1.391750505082799128e-01
-1.390891453178482728e-01
-1.330119279543720001e-01
-1.280378333848795347e-01
-1.247481439058224645e-01
-1.286147644915038302e-01
-1.278416073311762213e-01
-6.120647717478834515e+00
-1.315134556435927360e-01
-1.305066084764447965e-01
-1.250051454853915722e-01
-1.404210291369704378e-01
-1.368976904170413900e-01
-1.405232989136541710e-01
-1.357583481024556837e-01
-1.328321583634196057e-01
-1.319202386585307807e-01
-1.336509790558590427e-01
-1.326045572121386518e-01
-1.296678037271692951e-01
-1.155786346426746491e-01
-1.163784472821266375e-01
-8.906192826707968635e+00
-1.373342259684352529e-01
-1.346966290023427493e-01
-1.257918559228646538e-01
-1.211023318991310826e-01
-1.180886170475875102e-01
-1.159269260531122642e-01
-1.167583879054738538e-01
-1.157244707761306279e-01
-1.137459967620633172e-01
-1.138162980035929972e-01
-1.154845240736204759e-01
-1.130709803713816491e-01
-9.810750449825542674e+00
-1.366792008637635614e-01
-1.263995975436360830e-01
-1.283031810356697056e-01
-1.221580821134291145e-01
-1.185791511938869003e-01
-1.271927512308390906e-01
-1.213342890701288451e-01
-1.179780209649912426e-01
-1.209859943323006726e-01
-1.201161795869136600e-01
-1.184202671888726910e-01
-1.162555478559702121e-01
-1.146141191258720354e-01
-1.171474172925352913e-01
-1.146245687405399033e-01
-1.130392867151069486e-01
-1.143890881947520199e-01
-1.137044891401741004e-01
-1.119845446428485713e-01
-1.107746496003695208e-01
-1.141958405084611133e-01
-1.139212400976289397e-01
-1.113382143804710206e-01
-1.123294731557635540e-01
-1.134746372867459774e-01
-1.170889010793866869e-01
-1.135807687178028713e-01
-1.166675253349461344e-01
-1.159829426919158080e-01
-1.138066768325562972e-01
-1.116501698114719526e-01
-1.247262008408167944e+01
-1.236165209204712206e-01
-1.169419419180907777e-01
-1.145405971658319116e-01
-1.183469870354129405e+01
-1.268812704573506756e-01
-1.238414537295914469e-01
-1.510605745178482984e+01
-1.186347741969764197e-01
-1.173593263821475496e-01
-1.157388291628976829e-01
-1.139887671674591901e-01
-1.191946585385244423e-01
-1.168725938898173000e-01
-1.143224789704037347e-01
-1.173380568458284173e-01
-1.161291331024504186e-01
-1.135233180895561661e-01
-1.145278916591348506e-01
-1.113379872740895837e-01
-1.097847596913608531e-01
-1.097570041307802252e-01
-1.096446125612528105e-01
-1.086653857068016066e-01
-1.078106833574743600e-01
-1.070484890990253818e-01
-1.094679125511099083e-01
-1.078689399469486415e-01
-1.101373182944281881e-01
-1.301818661917962672e+01
-1.304456931793448737e-01
-1.220263321878126278e-01
-1.163764208424178104e-01
-1.150480997744798839e-01
-1.210597375849233082e+01
-1.249717877816640677e-01
-1.206876984244233120e-01
-1.003934488113246282e+01
-1.278202453484950096e-01
-1.218242912095114233e-01
-1.167109429599824388e-01
-1.169698643402042881e-01
-1.172484924501086823e-01
-1.134124816386335582e-01
-1.197858483562926146e+01
-1.292687181640217176e-01
-1.229137996947456818e-01
-9.575913311384484317e+00
-1.500942867696491156e-01
-1.354167277274719028e-01
-1.274168976525555108e-01
-1.222659903598301706e-01
-1.345360696899169639e+01
-1.384166944171936475e-01
-1.272014479265611564e-01
-1.226078282388269464e-01
-1.184601956009920104e-01
-1.155272920450229057e-01
-1.132951625311100635e-01
-1.114941793535142167e-01
-1.100091613273712077e-01
-1.087436987016539569e-01
-1.076655771704974757e-01
-1.067349726781605251e-01
-9.978336209923195810e+00
-1.249204491349943069e+01
-1.286528011073843347e-01
-1.227761104180022378e-01
-1.169064357544434135e-01
-1.164985480206780777e-01
-1.126247151331890295e-01
-1.101603286376641733e-01
-1.083507204527753148e-01
-1.082025698036934575e-01
-1.135217585954728797e-01
-1.094467076262555932e-01
-1.071371734994250591e-01
-1.084737538653549743e-01
-1.180445620787863442e-01
-1.137721011711159691e-01
-1.118766445742394033e-01
-1.107469701835348680e-01
-1.805084526601273609e+01
-1.310967663906559277e-01
-1.214630209568598185e-01
-1.161597481309773056e-01
-1.126954175588932155e-01
-1.113255425237541230e-01
-1.285646635159948303e+01
-1.176729738387684715e-01
-1.136979378744619323e-01
-1.099713604878058415e-01
-1.077191214034569772e-01
-1.104401703479231112e-01
-1.389589520514212673e+01
-1.265593694770515976e-01
-1.480943443719012365e+01
-1.378306599049000658e-01
-1.262893344873871615e-01
-1.339846485062838044e-01
-1.240850228631839441e-01
-1.208229413957142029e+01
-1.275827230769100984e-01
-1.205138518017007665e-01
-1.170776909111760078e-01
-1.131859112601923678e-01
-1.106742707400125564e-01
-1.087609142641182830e-01
-1.820013033200959995e+01
-1.812373470830631328e-01
-1.543517735616282138e-01
-1.405417664594532934e-01
-1.352440296523439167e-01
-1.420679343373405779e+01
-1.368113305738821450e-01
-1.280827830913435494e-01
-1.228612981496564754e-01
-1.206505790063542166e-01
-1.184133156331296927e-01
-1.150752207957283224e-01
-1.127179259083703478e-01
-1.125742005914857763e-01
-1.104619758367924726e-01
-1.089233215144028849e-01
-1.076611034896798463e-01
-1.083984213361804394e-01
-1.066592196898477063e-01
-1.110659122659966441e-01
-1.112558300878138812e-01
-1.095247694640028302e-01
-1.085032717067058033e-01
-1.084800138446955359e-01
-1.153563154361689908e-01
-1.101186411030205675e-01
-1.140120748700411135e-01
-1.115444583417125601e-01
-1.096098834101367492e-01
-1.071482998305143541e-01
-1.054225804836450009e-01
-1.041068906829487328e-01
-1.030382712836037662e-01
-1.021374664284225020e-01
-1.035280599712779387e-01
-1.021252018843876452e-01
-1.011658491562079931e-01
-1.027986679672672349e-01
-1.007752027832134883e-01
-9.986350722909465016e-02
-9.914764498885376975e-02
-9.855960016662651535e-02
-9.799542854263462721e-02
-1.110278889885410736e-01
-1.057913401253236241e-01
-1.029890812393522703e-01
-1.011767759645145620e-01
-9.799090207447261336e-02
-9.704132533841987318e-02
-9.639148336350270019e-02
-9.589100770154353193e-02
-9.650846850857046355e-02
-9.597439942040437988e-02
-9.560335888648570368e-02
-9.520963803910201251e-02
-9.830791795593323001e-02
-9.683356666790436662e-02
-9.588144442344004315e-02
-9.653533786373891257e-02
-9.559710007460850423e-02
-9.493169858761527080e-02
-9.607619832583090547e-02
-9.501958028220638952e-02
-9.434772523709460124e-02
-1.028555042530146757e+01
-1.141231876879551105e-01
-1.058870030525118910e-01
-1.019687165794654765e-01
-9.962219996123400367e-02
-9.803100016501620217e-02
-9.686091428302169570e-02
-9.595370352241086587e-02
-1.017920222006372805e-01
-9.872052691550654846e-02
-9.831872251111267724e-02
-9.664505626154534790e-02
-9.555485478394806775e-02
-9.621961644221074805e-02
-9.509286735463576279e-02
-9.431008197520940328e-02
-9.502852077380438689e-02
-9.541718762901257866e-02
-1.202580932803652125e+01
-1.147892514627084815e+01
-1.196282320061964194e-01
-1.118193713552241009e-01
-1.065293597305935480e-01
-1.032545233343841046e-01
-1.009768202139397913e-01
-9.929328963123063012e-02
-1.046217585774111142e-01
-1.011725520358212616e-01
-1.032590351981051424e-01
-1.022991598006060959e-01
-1.011171039468609506e-01
-9.892470032591958728e-02
-9.939946751162671845e-02
-9.760183129706527516e-02
-9.974446827690844342e-02
-9.744766963555066830e-02
-9.612938243807404859e-02
-9.518124513251749463e-02
-9.443292835541093611e-02
-9.381093320305275429e-02
-9.327663745474316925e-02
-9.471388679382519715e-02
-9.370543399224058601e-02
-9.468258151057955263e-02
-9.347359802876606394e-02
-2.853882080023616297e+01
-1.137102561352532248e+01
-3.806186960051258228e-01
-2.915708999624315179e-01
-2.479661276100191825e-01
-2.162614827991988231e-01
-1.949418727320806066e-01
-1.795484393731842099e-01
-1.694173736113977202e-01
-1.598109913967319662e-01
-1.576644374223109824e-01
-1.510293632471669811e-01
-1.345202894611693978e+01
-1.567743268439580340e-01
-1.515457149909265333e-01
-1.395961986724035819e-01
-9.687757968983182977e+00
-1.474341063426482523e-01
-1.415312751446651252e-01
-1.343497927938410441e-01
-1.294628273233214832e-01
-1.294669834431581634e+01
-1.329336052489122622e-01
-1.266710228860882526e-01
-1.227288614822148738e-01
-1.197958944434774770e-01
-1.174317487042487312e-01
-1.154385700097367295e-01
-1.136894406179560779e-01
-1.121620281796178037e-01
-1.107831697011139038e-01
-1.120757116871570758e-01
-1.145116459694631300e-01
-1.115557597453459143e-01
-1.114774892328578848e-01
-1.091113116696645624e-01
-1.130833697859471160e-01
-1.130386294307886424e-01
-1.101132100203004449e-01
-1.081898834358217404e-01
-1.066632531629092134e-01
-1.054153399120378587e-01
-1.043527621734089278e-01
-1.098921785717292543e-01
-1.098639727371804875e-01
-1.096543781815765700e-01
-1.065504242407625674e-01
-1.065072016131946991e-01
-1.055385598104911227e-01
-1.037868308548869634e-01
-1.024958042310477324e-01
-1.054321842495745953e-01
-1.051145179418506992e-01
-1.027525618213049330e-01
-1.054311835518701307e-01
-1.029609428079818201e-01
-1.054529984889906874e-01
-1.028445412706446710e-01
-1.011722237575605476e-01
-9.980611266564806683e-02
-1.028136060377276839e-01
-1.045925555586707939e-01
-1.012860838129039931e-01
-9.940833049252012499e-02
-1.340844108586116157e+01
-1.167211583372270850e-01
-1.082644449338238529e-01
-1.055229126967462544e-01
-1.025748903373240456e-01
-1.021255422080441927e-01
-1.038080232213026838e-01
-1.109152154318325256e-01
-1.081614849515342980e-01
-1.040049877016307189e-01
-1.015246667399800629e-01
-8.875273004666647481e+00
-1.277755972664330053e-01
-1.148807122332680258e-01
-1.087152953430912394e-01
-1.049609182824942089e-01
-1.054726981936025682e-01
-1.022954840009792504e-01
-1.067873116558766533e+01
-1.146191400593211535e-01
-1.079172919477852655e-01
-1.042037952337914047e-01
-1.039377471893268151e-01
-1.083177781521317412e-01
-1.056278581670891115e-01
-1.067028635363443390e-01
-1.025210522716291234e-01
-1.053274223496048906e-01
-1.008577207029633938e-01
-1.097545426893779819e-01
-1.040564078516246077e-01
-1.009015972366938685e-01
-1.050745023072316015e-01
-1.011987116963606742e-01
-1.019950908855097732e-01
-1.076920476024489659e+01
-1.129499937796388104e-01
-1.061965253323315234e-01
-1.040360984810187323e-01
-1.010614322423368378e-01
-9.898416164466468381e-02
-1.033461451393875435e-01
-9.986802024122344579e-02
-1.264402677817604115e+01
-1.046532604323385379e-01
-1.040361124085490974e-01
-1.006940026480705463e-01
-1.003632066816891599e-01
-1.023450271473816814e-01
-9.922466403901124277e-02
-9.736170537730744201e-02
-9.603467181013551623e-02
-9.500354986203915497e-02
-1.019414709878235514e-01
-7.113940077309841570e+00
-1.104776007227692702e-01
-1.043137470921093463e-01
-1.001026171328209258e-01
-1.053501706330932741e+01
-1.058508430605444584e-01
-1.049888341450647411e-01
-1.009422944141142031e-01
-9.849820835146244624e-02
-9.677911313392936754e-02
-9.720385213717074036e-02
-9.558815386353880506e-02
-9.442269857678635414e-02
-1.358413288854812961e+01
-1.051103616761101672e-01
-1.004627908162759181e-01
-1.030405044967283024e-01
-1.024561494448428950e-01
-9.893683777734157969e-02
-9.673237179827599841e-02
-1.188205902912236134e+01
-2.798129194971730627e+01
-1.723210686485358301e-01
-1.447174502795072482e-01
-1.290488184555584061e-01
-1.217900599113901916e-01
-1.184916867080002961e-01
-1.115692600335494028e-01
-1.518024044616041834e+01
-1.314549846102565644e-01
-1.248127845513900963e-01
-1.165364966917491613e-01
-1.437943638954344294e+01
-1.260299508618421827e-01
-1.158414619093450088e-01
-1.103800091831012020e-01
-1.067842119655454253e-01
-1.050036901681908746e-01
-1.026727299184687220e-01
-1.059016362042989046e-01
-1.058547424137762649e-01
-1.161658702970973600e+01
-2.747943768865689917e-01
-2.165890942019762511e-01
-1.853758977926130425e-01
-1.662298091042593573e-01
-1.587438330043969836e-01
-1.518766975127954499e-01
-1.430434959973125586e-01
-1.362547022284911757e-01
-1.308375060294060532e-01
-1.263936616607424790e-01
-1.229431981555753062e-01
-1.197459406867218690e-01
-1.169916955639866557e-01
-1.196392358715697574e-01
-1.154462217948095809e-01
-1.317398658348415985e+01
-1.339278577464248221e-01
-2.115034845743874570e+01
-1.057943324442177335e+01
-1.562998183729855106e-01
-1.425333137205533895e-01
-1.354375941663750194e-01
-1.305317379361097541e-01
-1.281610471714673405e-01
-1.268873720080224976e-01
-1.207640176710170349e-01
-1.167593421993355640e-01
-1.137442575051751809e-01
-1.113210172028098466e-01
-1.116678959823485251e-01
-1.091450111887632690e-01
-1.093288296985690800e-01
-1.066099606410947920e-01
-1.047864957234072303e-01
-1.034151565386605826e-01
-1.061360234299788630e+02
-5.300382324110858079e+00
-4.232109842349067286e+00
-8.338670071346099277e+00
-2.185809146466290431e-01
-1.899903264157284111e-01
-1.739641708042592161e-01
-1.604511303062909067e-01
-1.589219220740099581e-01
-1.502654278274695998e-01
-1.424692733845689396e-01
-1.376684424779227589e-01
-1.455939445843302771e+01
-1.477325931666868264e-01
-1.373358092973253897e-01
-1.311024168385321320e-01
-1.289095750599207890e-01
-1.179442485606516378e-01
-1.139879738622340960e-01
-2.686296470893255162e+01
-1.338866695103834437e-01
-1.229509568229706640e-01
-1.202891169437376867e-01
-1.147132972531963585e-01
-1.125666023437640051e-01
-1.090387787158806493e-01
-1.063362865278962288e-01
-1.042430174128329695e-01
-1.067073374514365403e-01
-1.212527095144147005e+01
-1.492400016854754696e+01
-1.739296799310707520e-01
-1.516903467529331084e-01
-1.382335188775330737e-01
-1.337838982064944171e-01
-1.243456265665143362e-01
-1.181978572959125062e-01
-1.247215045251879673e+01
-1.238151207512633162e-01
-1.239734220627366906e-01
-1.162625144398450328e-01
-1.141051088529880242e-01
-1.098808735290341260e-01
-1.257535005031800246e+01
-1.191602251534753659e-01
-1.146757873381542142e-01
-1.103711548032689782e-01
-1.065163352656887247e-01
-1.036592519250350286e-01
-1.199093638277737917e+01
-1.115123329800255247e-01
-1.050326635848293083e-01
-1.103668380423108580e-01
-1.080948548650640523e-01
-9.750928795704922436e+00
-1.164139580514684108e-01
-1.527184596257978377e+01
-2.477243629968702843e-01
-1.987270543548309010e-01
-1.782008896460429148e-01
-1.609980269435267453e-01
-1.495458796651960853e-01
-1.412887848746454400e-01
-1.349815211471230569e-01
-1.450806713361829647e-01
-1.446707069376483024e-01
-1.356571340447148000e-01
-1.336718197310977074e-01
-1.304632046496962960e-01
-1.253436240990935258e-01
-1.216436340029170560e-01
-1.187095251379062799e-01
-1.162721417784793876e-01
-1.158616366057656499e-01
-1.135016021385367446e-01
-1.116041663408456341e-01
-1.109269748988856163e-01
-1.089098181766939427e-01
-1.073768291683936393e-01
-1.061455075591019453e-01
-1.080623867049198134e-01
-1.060055922390981537e-01
-1.045978247700557473e-01
-1.034689184295307235e-01
-1.024986709581382632e-01
-1.081071314714952131e-01
-1.051688912345143528e-01
-1.033445660368036284e-01
-1.020054918258565674e-01
-1.009305031878107300e-01
-1.000089001441430980e-01
-1.035065091645692437e-01
-1.011265211249308127e-01
-1.041106996467807549e-01
-1.060668916531588291e-01
-1.029362335198205775e-01
-1.009785536992057614e-01
-1.085678355831552477e-01
-1.041925518590213207e-01
-1.038444564780701407e-01
-1.019559575382776168e-01
-1.009042313187285683e-01
-1.007784090403545524e-01
-9.875029511051641729e-02
-9.740912422192475606e-02
-9.644081900947711061e-02
-9.559636326727585787e-02
-9.487550466898654611e-02
-9.982645407876050703e-02
-1.009513959526760624e-01
-1.024241302001063225e-01
-1.038659565543702534e-01
-1.052663393184907481e-01
-1.009249059024204809e-01
-9.958473416685875712e-02
-9.760253836010419903e-02
-1.026157166810705151e-01
-9.921512124521417175e-02
-1.223089415394269075e+01
-1.113639833652988187e-01
-1.094008316948327647e-01
-1.071771505726713813e-01
-1.026406302867611253e-01
-1.019228662139426561e-01
-9.917325636744903083e-02
-9.731257991135303098e-02
-9.591039564254542904e-02
-9.829832460472197331e-02
-9.619519379728229402e-02
-9.481911739274327677e-02
-9.377744510790694821e-02
-9.652386915018494606e-02
-9.432251053964815779e-02
-9.628910366438546420e-02
-9.609809430665736119e-02
-9.408146916085438627e-02
-9.493373141577632346e-02
-9.316877954770380610e-02
-9.204630036002117710e-02
-9.352156797565215618e-02
-8.888571145750297831e+00
-1.004193546363508910e-01
-9.614730627562291521e-02
-9.743936651396750692e-02
-9.972818356001722506e-02
-9.706452788352587513e-02
-9.448347566475730208e-02
-9.795314321872412855e-02
-9.455696713617894877e-02
