6.024769403973384385e+01
4.914277235251379494e+01
4.008855540711524412e+01
3.270567650659352665e+01
2.668506648002801640e+01
2.177490691861185468e+01
1.777000837833806557e+01
1.450316220437646564e+01
1.183809874701061382e+01
9.663753158861542403e+00
7.889595619798697612e+00
6.409100337534102465e+00
5.206525407414840600e+00
4.229681417565504198e+00
3.436182484543925053e+00
2.791604162954466339e+00
2.267987581054847102e+00
1.842624711302496721e+00
1.497071925010825311e+00
1.216348918231090037e+00
9.882881647727488339e-01
8.030066035579578321e-01
8.168086085942295460e-01
5.430972782036302959e-01
7.478402868623684752e-01
1.418003950219221210e+00
1.263770349958053263e+00
1.143756775216726806e+00
8.171287938744213886e-01
7.584907469405166580e-01
4.768160495337498972e-01
3.365924159617128542e-01
1.688837102105047727e-01
1.498991952095930502e-01
1.269320816866996715e-01
4.565235873013755163e-02
4.074149553998929196e-02
3.414961696596775093e-02
5.622748026909572122e-02
5.246892448571583573e-02
2.399879784653909109e-02
0.000000000000000000e+00
0.000000000000000000e+00
0.000000000000000000e+00
0.000000000000000000e+00
0.000000000000000000e+00
0.000000000000000000e+00
0.000000000000000000e+00
0.000000000000000000e+00
0.000000000000000000e+00
0.000000000000000000e+00
