4.364342582446344920e+01
3.569684145772287565e+01
2.920079317332577418e+01
2.388986612139934351e+01
1.954732305632801825e+01
1.599615698480017834e+01
1.309179179887226319e+01
1.071612692890821528e+01
8.772677888395755019e+00
7.182610724050142004e+00
5.881505551640994867e+00
4.774329630730210994e+00
3.875581710476523334e+00
3.146023875032877282e+00
2.553805176940528998e+00
2.073070924609820231e+00
1.682833801965127218e+00
1.366057521586721890e+00
1.108912989075227618e+00
9.001745199897907002e-01
7.307297152954396191e-01
5.931816186106673161e-01
7.157615540901234308e-01
4.064387450730947426e-01
7.483965611819490826e-01
1.650973293648293705e+00
1.497946421183829813e+00
1.405268221926871730e+00
9.625859567994484722e-01
9.181842035926531809e-01
4.981352148935797586e-01
3.609841789663942313e-01
1.427334810281890853e-01
1.330407593879857631e-01
7.329724904929955931e-02
1.858569393734367525e-02
1.699859399806560520e-02
1.200696690247364876e-02
4.682460423416431178e-02
4.186930369302704208e-02
6.481613531355112472e-03
0.000000000000000000e+00
0.000000000000000000e+00
0.000000000000000000e+00
0.000000000000000000e+00
0.000000000000000000e+00
0.000000000000000000e+00
0.000000000000000000e+00
0.000000000000000000e+00
0.000000000000000000e+00
0.000000000000000000e+00
