-1.565645916459357800e-01
-1.546047922476689596e-01
-1.537888035772121686e-01
-1.496049742708099595e-01
-1.553985328504318419e-01
-1.495057162286882735e-01
-1.471969339201292526e-01
-1.514053495652148973e-01
-1.453829746378661469e-01
-1.426609654337779032e-01
-1.407821986197210495e-01
-1.397096655098304108e-01
-1.445436641132238076e-01
-1.016669274719296467e+01
-8.677706656634846638e+00
-2.531872283922215749e-01
-2.180942171397172724e-01
-1.949808889053775696e-01
-1.763215709379531981e-01
-8.042123033676844557e+00
-1.986096778374927263e-01
-1.753919492550665704e-01
-1.606956110658193382e-01
-1.526143270571100607e-01
-1.468809670739912587e-01
-1.425173057213883765e-01
-1.391275427008228649e-01
-1.363230820732535820e-01
-1.339395590555784721e-01
-1.543893434842452095e+01
-1.697243140082543567e-01
-1.581532688733033598e-01
-1.480331747083636351e-01
-1.431105660581949990e-01
-7.260459011217635705e+00
-1.630029995225655559e-01
-1.600782488638764489e-01
-1.477613532804916696e-01
-1.385224270637510080e-01
-1.358811282777402929e-01
-1.308623130912318078e-01
-8.904055277840374316e+00
-1.514621818324514424e-01
-1.387218131490049466e-01
-1.329678937945190376e-01
-1.339460658181847175e-01
-1.317418886482116802e-01
-1.266039893269556571e-01
-1.321112957742647531e-01
-1.445278046501299318e-01
-1.294360357409278794e-01
-1.254754671115680398e-01
-1.223204680050767185e-01
-1.207560646552523070e-01
-1.198933567850468396e-01
-1.278857329132739307e-01
-1.223145701321650819e-01
-1.198001595728854091e-01
-7.773015051203029380e+00
-1.339208607471119861e-01
-1.410613131933405384e+01
-1.607633119648363418e-01
-1.433442792026309864e-01
-1.341418008940649109e-01
-9.672089791811004034e+00
-1.961137855104111982e-01
-1.643342958820771804e-01
-1.455364102996397901e-01
-1.370787204557752659e-01
-1.306959237870069235e-01
-1.283454540144058353e-01
-1.243079739080828333e-01
-1.221504728498312292e-01
-1.221294244164159576e-01
-1.199722390918780690e-01
-1.199992071171889912e-01
-1.165526414164721747e-01
-1.243235695336459695e-01
-1.332668485291371996e-01
-1.298510596599281863e-01
-1.233439291065454163e-01
-1.172832505235886086e-01
-1.504399477038233790e-01
-1.312648625158891746e-01
-1.252657218546387452e-01
-1.213835975941615075e-01
-1.268858705719991264e-01
-1.202622313710263596e-01
-1.166165347104425876e-01
-1.159911669782865279e-01
-1.132669014526519885e-01
-1.146115297886429601e-01
-1.203576885002695107e-01
-1.148796582473477351e-01
-1.107926545767258381e-01
-1.090322149942325736e-01
-1.145337770998564597e-01
-1.183190220710895191e-01
-1.116531960034345961e-01
-8.506759590915443425e+00
-1.212404634368841327e-01
-1.023941243554471647e+01
-2.142133926700008073e-01
-1.616000533221858548e-01
-1.413643870388807677e-01
-1.393346224612971085e+01
-1.706419443167282168e-01
-1.426265251257968492e-01
-9.892289584316788620e+00
-1.468727564990153223e-01
-1.310107789646811349e-01
-1.235584444470146509e-01
-1.284385982317249597e-01
-8.684035595309246958e+00
-1.471288630341230363e-01
-1.361769082172565037e-01
-1.239708474190024251e-01
-1.171094127622438058e-01
-1.128351077340434966e-01
-1.233160587405237318e-01
-1.200993416815778203e-01
-1.269782926664758671e-01
-1.172436779468740975e-01
-1.238894122275823739e-01
-1.303843331161554375e-01
-1.200260962005232496e-01
-1.132897317418652822e-01
-1.096221951917509818e-01
-1.071329919111020795e-01
-1.252944220188611268e+01
-1.174119615135459233e-01
-1.137254395258881501e-01
-1.110670313502770262e-01
-1.321102897516363406e+01
-1.572856306133195714e-01
-1.376016620077667174e-01
-1.262046493782945644e-01
-1.220617766897206802e-01
-1.159552170973409263e-01
-1.218944608339875141e-01
-1.147736753474177945e-01
-1.107897802210169869e-01
-1.080100394046185214e-01
-1.613232658042567635e+01
-8.589527763186957543e+00
-1.399248734241005376e-01
-1.216292725281080955e-01
-1.134203479110609536e-01
-1.106308558889672611e-01
-1.093319451058210601e-01
-1.052510211205307106e-01
-1.030148323862879189e-01
-1.035098521940128191e-01
-1.086130683926071760e-01
-1.040564246130289000e-01
-1.013863192267314833e-01
-9.912622098664601589e-02
-9.812198256801757390e-02
-9.018444109937599151e+00
-1.218263919488209585e-01
-1.073068396733627278e-01
-1.017690815275688193e-01
-1.015229270760259761e-01
-9.847355695540815912e-02
-9.662069697445359318e-02
-9.076174690269670720e+00
-1.275505720414213950e-01
-1.061114523800281567e-01
-1.000293600993265725e-01
-9.710093922763848862e-02
-1.161557098333492632e+01
-2.931109422676114185e-01
-1.090867077415651565e+01
-2.044516931900363654e-01
-1.621156490595451194e-01
-3.005563122699418699e+01
-1.579523100182642636e-01
-1.465722027931911642e-01
-1.357110200829752256e-01
-1.282196197904537649e-01
-1.207788817635172263e-01
-1.238737628462626716e+01
-1.428090961908649315e-01
-1.277194438965295331e-01
-1.338162891670995058e-01
-1.218628584594552144e-01
-1.212074391218935093e-01
-1.151593865729168276e-01
-1.136881089301949449e-01
-1.086128814959716610e-01
-1.056106669386906449e-01
-1.060774934985283940e-01
-1.059981081736137004e-01
-1.027043892221401883e-01
-1.006016929518437769e-01
-9.899366668084803866e-02
-1.085876221015565773e-01
-1.063662328750934888e-01
-1.061634173242427398e-01
-1.015898442763923659e-01
-9.859185472005370376e-02
-1.015852815709930440e-01
-1.046717701125177563e-01
-1.012758784901262726e-01
-9.754139573430548049e-02
-1.037276057326650680e-01
-9.763081952677812869e-02
-1.012509057488195086e-01
-1.026331904939068096e+01
-1.092397406924417724e-01
-1.091459320011763101e-01
-8.892366354810299356e+00
-1.521094885883876313e-01
-1.200150632270936824e-01
-1.085119096993438226e-01
-1.026773113811558780e-01
-9.897716377216374262e-02
-1.089455724650706808e-01
-1.011941739435790466e-01
-9.753248656544920292e-02
-8.238138168080640256e+00
-1.092606776319623579e-01
-7.505610561994815910e+00
-1.222443278679216233e-01
-1.619122438844174994e+01
-1.483306187893306261e-01
-1.303266117768537313e+01
-1.506886600577703916e+01
-1.564000311885728678e+01
-1.454666479353791952e-01
-1.309457061722129889e-01
-1.165129612137568854e-01
-8.666949378163257833e+00
-1.127106922101192010e-01
-1.070815042243263016e-01
-1.167242562112545262e-01
-1.045867763466889339e-01
-9.938571552216707294e-02
-8.554741706078862862e+00
-1.059441932268549436e-01
-9.916650004510832450e-02
-9.550074739738532992e-02
-9.328852189633192460e-02
-9.163917751586178606e-02
-1.175419813467707719e+01
-1.535859428754636768e-01
-1.163401288953122975e-01
-1.186175800797940050e-01
-1.063988358386893235e-01
-9.946262437726037520e-02
-9.558942035221909550e-02
-1.006498779475244326e-01
-1.006792403712004902e-01
-6.960152664846504855e+00
-1.071643969566110910e-01
-1.049514158609456821e-01
-9.665568895477870404e-02
-1.129883824376011758e-01
-1.085662286692238437e-01
-1.159885562988927504e-01
-1.106109402701310890e-01
-1.057792371387904912e-01
-1.049416949747589145e-01
-1.072925722441941537e-01
-1.057435192068502949e-01
-1.018581102731250104e-01
-8.766564905165778743e-02
-8.921174249153572544e-02
-9.536606538115353970e+00
-1.308764407640718164e-01
-1.187048649457983079e-01
-1.005177924449449506e-01
-9.354629659404002651e-02
-8.973092122482270727e-02
-8.723762724351646902e-02
-9.039245597068333582e-02
-8.808272765610983268e-02
-8.507113529944194952e-02
-8.596570556255722639e-02
-8.751804862303905197e-02
-8.436158944288910111e-02
-9.490044698955317770e+00
-1.244573024904618297e-01
-1.040130031158527368e-01
-1.055952041326827656e-01
-9.517758365417731958e-02
-9.069638950826629242e-02
-1.054404645769696502e-01
-9.507537443263182342e-02
-9.053303629751141557e-02
-9.684745880243106342e-02
-9.274010565824940266e-02
-8.977147452710193543e-02
-8.735759164607148630e-02
-8.565484646345154773e-02
-9.077389439931131399e-02
-8.642772842424838176e-02
-8.446689405461620115e-02
-8.761122847628061150e-02
-8.698659754296872437e-02
-8.374432722477558044e-02
-8.232836252080057149e-02
-8.890261760730787388e-02
-8.875070980903383699e-02
-8.402584147255737212e-02
-8.780762704443201283e-02
-8.744610381860909443e-02
-9.555239859024529381e-02
-8.687382232222896905e-02
-9.192877074516198066e-02
-9.127371191092960301e-02
-8.653535927745199807e-02
-8.394017719230466301e-02
-1.244676050963466629e+01
-1.024452714209289489e-01
-9.141583395958075009e-02
-8.702695865812511145e-02
-8.629546223349661427e-02
-8.851530839110713367e-02
-9.160658879151772904e-02
-8.968710156664387589e-02
-8.881584728160483999e-02
-8.447501877436104645e-02
-8.359346857086255578e-02
-8.161778927530456695e-02
-8.928959983170281500e-02
-8.594875357906107960e-02
-8.236712698744889927e-02
-8.770295780043547984e-02
-8.507500459966090001e-02
-8.142430390163253595e-02
-8.311766213307497653e-02
-7.963509014317747547e-02
-7.790781359049574195e-02
-7.677433145660453317e-02
-7.613773142666573068e-02
-7.560307147760186863e-02
-7.515926955390540842e-02
-7.477714730412288180e-02
-7.443535572066628525e-02
-7.413383018254150747e-02
-7.951603841907485537e-02
-1.298858529733250933e+01
-1.195795867359088493e-01
-9.666735676925962417e-02
-8.784265279067669796e-02
-8.697820516078043351e-02
-8.277743151567647228e-02
-8.046578089971480330e-02
-8.632861950970267817e-02
-9.951509054257941855e+00
-1.058827207651132501e-01
-9.409742655587956250e-02
-8.636071029505892893e-02
-8.701734249888111450e-02
-8.922000283287802314e-02
-8.318511426257869934e-02
-1.328663300470116226e+01
-1.100062119291221607e-01
-9.839738193130728727e-02
-9.890994014528647682e+00
-1.338904274126381244e-01
-1.102846965621557540e-01
-9.987890849213679201e-02
-9.384259032670194678e-02
-1.306279585598081283e+01
-1.278876099149311718e-01
-1.034364117366862040e-01
-9.848797362340810935e-02
-9.220580085226297296e-02
-8.849822486868605398e-02
-8.589504555027691057e-02
-8.394239868109910907e-02
-8.239359279300988159e-02
-8.111907162287830542e-02
-8.004035046556666477e-02
-7.911052202144021328e-02
-9.743269037753112372e+00
-1.247614037856600788e+01
-1.124002083990080919e-01
-1.000632125685733953e-01
-9.112731373357012277e-02
-9.231971593329102443e-02
-8.595941435840069589e-02
-8.286675397147824640e-02
-8.079660510534322770e-02
-8.119614057795777884e-02
-9.083817353151714402e-02
-8.336525454701622373e-02
-8.040043570194430056e-02
-8.357164982226096550e-02
-1.002551415793628276e-01
-9.041901610328173522e-02
-8.710139866075075621e-02
-8.573621529116173812e-02
-1.444453863424042517e+01
-1.157799555190404533e-01
-9.882690367105051443e-02
-9.133723364044493698e-02
-8.697476251750189957e-02
-8.614137503574610666e-02
-1.346676867614947426e+01
-1.012288687022950412e-01
-9.124022793249714214e-02
-8.512697544463787569e-02
-8.208614939891643869e-02
-8.633252140544311892e-02
-8.173231486959825487e-02
-7.942533070238513848e-02
-1.475285339645863836e+01
-1.123131197491048505e-01
-9.479724979517312189e-02
-1.126179026551680923e-01
-9.455177114372299851e-02
-1.262182053681268634e+01
-1.075745264772010046e-01
-9.489872437416754791e-02
-8.999038715306019454e-02
-8.439795240152234146e-02
-8.164310168194989503e-02
-8.093769993579738586e-02
-1.817467136556253848e+01
-1.921884734473010559e-01
-1.410970176396917630e-01
-1.201135817531837208e-01
-1.138687324641165927e-01
-1.402341887251334285e+01
-1.205345273651742266e-01
-1.051228526433281435e-01
-9.814238491704484202e-02
-9.497710497319235279e-02
-9.380864209041929469e-02
-8.901130849783869814e-02
-8.639066467834190244e-02
-8.971050935324258180e-02
-8.532354338690600892e-02
-8.319927757137533797e-02
-8.296852376633354065e-02
-8.213776894430034614e-02
-7.985871819418531581e-02
-8.876492096006181887e-02
-8.705981642679344601e-02
-8.319040652758272203e-02
-8.048570702410076660e-02
-8.219563516492589539e-02
-9.665199031526568174e-02
-8.535113178906493514e-02
-9.111413693720860074e-02
-8.720755105728934808e-02
-8.351115341888525057e-02
-8.047212205010859098e-02
-7.879999273317589426e-02
-7.756702497239188754e-02
-7.658427217362563655e-02
-7.577001341552258573e-02
-7.833452936004117739e-02
-7.634374714753897062e-02
-7.524880046778113785e-02
-7.744267531315229824e-02
-7.426143930077783173e-02
-7.340761970224229938e-02
-7.287775224581519162e-02
-7.244602412331778429e-02
-7.207633587641518180e-02
-7.725831983777441125e-02
-7.422353467676721939e-02
-7.296125658069338438e-02
-7.218704377353932222e-02
-7.239887774373693352e-02
-7.135503618510881385e-02
-7.082722016785403252e-02
-7.047244105692385130e-02
-7.017217451451132626e-02
-6.990382530818599338e-02
-6.975816756669933616e-02
-6.952437308740704036e-02
-7.581696542339778910e-02
-7.267645488828923528e-02
-7.129530614665857691e-02
-7.236279907328874161e-02
-7.099520668772629772e-02
-7.021911782832435112e-02
-7.228004655605047013e-02
-7.057419951862330121e-02
-6.976370976174031679e-02
-9.336474473524566164e+00
-1.029986457754796386e-01
-8.626444733077290317e-02
-7.896257048268409684e-02
-7.556734506685515440e-02
-8.398716702224458264e-02
-7.754712134769067844e-02
-7.474358324478284910e-02
-8.349073425158347328e-02
-7.718609928262810949e-02
-7.737659879821628950e-02
-7.424663079734547533e-02
-7.250372111695385646e-02
-7.339326285481875822e-02
-7.161504256427730919e-02
-7.054162098542500481e-02
-7.163734953275516237e-02
-7.154053422809124319e-02
-7.005481666842455768e-02
-1.013308308127245994e+01
-9.306699825487077526e-02
-8.235168359014832795e-02
-7.696363166345991658e-02
-7.411390177913707022e-02
-7.231974624370980653e-02
-7.104882844854849833e-02
-8.058066790871132312e-02
-7.495531738553622148e-02
-7.857356726046994810e-02
-7.710217878643306488e-02
-7.461169118929300570e-02
-7.231380831458647518e-02
-7.295919149311334839e-02
-7.098068395989645674e-02
-7.584715206823378075e-02
-7.180308482694539030e-02
-7.020343369224328611e-02
-6.922748988343463417e-02
-6.852275337563178137e-02
-6.797033769091942457e-02
-6.751471972332825922e-02
-6.981077535041405047e-02
-6.844213307341247277e-02
-7.062645077310432395e-02
-7.032001111058198972e-02
-2.935411937019975070e+01
-1.157495311842940744e+01
-4.678287945467055620e-01
-3.135419787566748329e-01
-2.511488826196863755e-01
-2.074146525983826816e-01
-1.803102892762740439e-01
-1.615753891101950890e-01
-1.503442509456875131e-01
-1.387646416273863870e-01
-1.202687038429265803e-01
-1.145576705101734594e-01
-1.295314309547307907e+01
-1.425621429216019365e-01
-1.328963391021644180e-01
-1.174643692306941711e-01
-8.459594037901103647e+00
-1.283730924752650715e-01
-1.195438634560353763e-01
-1.091573319880934506e-01
-1.032787855652303327e-01
-1.292009554335307087e+01
-1.130513423881654850e-01
-1.023884586176971451e-01
-9.745088850663742586e-02
-9.424499434771127504e-02
-9.181366637308964462e-02
-8.983334449353821971e-02
-8.815219809431662501e-02
-8.668679206008543525e-02
-8.538772535787328422e-02
-8.795488356920971862e-02
-8.932129333113912606e-02
-8.595867028009127053e-02
-8.723968497318924931e-02
-8.358469332016697784e-02
-9.022771936701369511e-02
-8.818706564580472418e-02
-8.416121125009100312e-02
-8.182706853573371020e-02
-8.022253122122763314e-02
-7.898934890100721418e-02
-7.796482870504048424e-02
-8.882605653567501869e-02
-8.774921843447502923e-02
-8.478518607538600149e-02
-8.073255662662405518e-02
-8.128215079020084666e-02
-8.015617629926703736e-02
-8.217005312500928749e-02
-7.826088292086236242e-02
-8.299931487852339751e-02
-8.162236205820831703e-02
-7.766390467206304993e-02
-8.205940796939786841e-02
-7.836044088348066705e-02
-8.140753011379145421e-02
-7.721404318072770667e-02
-7.509196400950654549e-02
-7.382184682125117470e-02
-8.040793260037566725e-02
-8.401685010612859605e-02
-7.725685340278808100e-02
-7.476964339411296123e-02
-1.338363658417589797e+01
-1.070609513651305800e-01
-8.761319871517239677e-02
-8.311549888240103712e-02
-7.891343639501187390e-02
-7.894746673983019103e-02
-8.233370256581735991e-02
-9.455420585277772572e-02
-8.848061306054817721e-02
-8.136663429799700920e-02
-7.805727468376845446e-02
-9.530196059363637673e+00
-1.183606982249637146e-01
-9.223843340983262085e-02
-8.405958482142004973e-02
-8.244714824470590619e-02
-8.258821880295813544e-02
-7.678885414359015726e-02
-1.139204603650447645e+01
-9.730291024159500035e-02
-8.552525541121591690e-02
-8.049264740693438946e-02
-8.227766788005826115e-02
-8.896987358108859878e-02
-8.505737262621317074e-02
-8.745222210926684170e-02
-8.053639502343863665e-02
-8.707622781815367585e-02
-7.901919339526872199e-02
-7.545242583675471071e-02
-7.332015887661470777e-02
-7.197089453351142307e-02
-8.115941603525335390e-02
-7.551889584296790636e-02
-7.740474823387841208e-02
-1.089267597929927334e+01
-9.578716891348398876e-02
-8.347216050520685215e-02
-8.073152149314380410e-02
-7.690387582493773966e-02
-7.457604555212636599e-02
-8.269361293156142489e-02
-7.672443554692065515e-02
-1.318174065337579925e+01
-8.468736931474502017e-02
-8.325024354566665230e-02
-7.820851201444938006e-02
-7.799078746023875575e-02
-8.186349635968662164e-02
-7.630242436402283335e-02
-7.386048881461480808e-02
-7.234447243464760258e-02
-7.123931736564502459e-02
-8.577824342497111787e-02
-7.475144745465780893e+00
-9.597810201301924804e-02
-8.227792273973846826e-02
-7.635595123907618076e-02
-1.089190573207902979e+01
-8.793511778706505910e-02
-8.539805341519317305e-02
-7.828151423252364960e-02
-7.509964974594164622e-02
-7.308854696681532648e-02
-7.409822355468288768e-02
-7.197408870464361286e-02
-7.066397000551127849e-02
-1.461600996638127370e+01
-8.683627589219980458e-02
-7.900458832135598408e-02
-8.366800626464772350e-02
-8.117894232631707452e-02
-7.623433089107559124e-02
-7.374408161393226913e-02
-7.209802180878874256e-02
-3.045313157766430479e+01
-1.444710805103706641e-01
-1.143812128762239089e-01
-9.951306953058937366e-02
-9.485580306793400807e-02
-9.510652381096251773e-02
-8.682005347693606823e-02
-1.515881733736095782e+01
-1.233350341094021502e-01
-1.088061579660775519e-01
-9.632615641826595965e-02
-1.435756672389354272e+01
-9.971024555226114250e-02
-8.850277449622276360e-02
-8.356592780688074096e-02
-8.039325672037962722e-02
-7.806726432585121833e-02
-7.624337702821328000e-02
-8.474496619597848834e-02
-8.335379241816648355e-02
-7.766863820348096636e-02
-7.599673200475369483e-02
-7.423020444963036868e-02
-7.198725440001275955e-02
-7.063884587999262610e-02
-7.838993200462278377e-02
-7.376284518425559045e-02
-7.161876467793447387e-02
-7.029069019652835204e-02
-6.932755183871655569e-02
-6.856175615049502070e-02
-6.792272862973898484e-02
-6.737245506611294621e-02
-6.688745235805397538e-02
-7.542451534145568071e-02
-7.014172235007826162e-02
-1.382300598699846184e+01
-1.023278380652760250e-01
-2.305376222586779278e+01
-1.282739522134080656e-01
-9.978026641857574985e-02
-9.393114071531993847e-02
-9.148659309105634796e-02
-8.682691535329599419e-02
-8.742490651837206417e-02
-9.007736484632658525e-02
-8.153067480476315632e-02
-7.786337109061139405e-02
-7.549530374505096508e-02
-7.375033288654775365e-02
-7.578589909666608171e-02
-7.329826315628830413e-02
-7.512092251662265407e-02
-7.187618220955585557e-02
-7.050570956171481329e-02
-6.954437503516856800e-02
-1.101164236613129930e+02
-5.553228191097713484e+00
-4.596732978134053127e+00
-9.449230149872786200e+00
-2.221199983606157446e-01
-1.753315091768962442e-01
-1.569503834344518345e-01
-1.384365045355354373e-01
-1.391199895756869698e-01
-1.255315002522256751e-01
-1.156739200253336236e-01
-1.104893609411157634e-01
-1.453163446256209923e+01
-1.244569601840557899e-01
-1.096546044006966453e-01
-1.026065273495757740e-01
-1.017127935014411344e-01
-9.944964736441373743e-02
-9.448623711297239602e-02
-2.584003136685010560e+01
-1.334148788820437026e-01
-1.104069109162101464e-01
-1.071449163427693196e-01
-9.825846262208150217e-02
-9.640863634525059789e-02
-9.135866187580431175e-02
-8.832503827694022924e-02
-8.603480892203499431e-02
-8.976866458654250702e-02
-8.569749527200858086e-02
-1.489233683605651848e+01
-1.875406178103500299e-01
-1.337987543493467379e-01
-1.185765877946575036e-01
-1.173776173137662665e-01
-1.058801003579897537e-01
-9.759602246849098661e-02
-1.245134643891363346e+01
-1.099039099298678990e-01
-1.121455500198190874e-01
-9.900346229866777148e-02
-9.676445983005801943e-02
-9.153880990499653481e-02
-1.255688129683636944e+01
-1.075246007708209467e-01
-1.002479896127194681e-01
-9.415523659676031110e-02
-8.932834957008624344e-02
-8.612671772142146964e-02
-8.381936736044261205e-02
-8.373050024562228577e-02
-8.099007927959456232e-02
-7.989434967436746804e-02
-7.863216521903169942e-02
-9.325679763729944227e+00
-9.311512407127466029e-02
-1.524514052506694917e+01
-2.901327155746283304e-01
-1.979430030833375653e-01
-1.669564789367979918e-01
-1.429116870665569639e-01
-1.283545018745538002e-01
-1.184234149311923362e-01
-1.111607624282115320e-01
-1.293827022804197591e-01
-1.258072425674917061e-01
-1.126263714365528384e-01
-1.117438115396056503e-01
-1.080204722622537666e-01
-1.011457909081457107e-01
-9.688827316066492279e-02
-9.371107661437541592e-02
-9.116076960817272312e-02
-9.143348176978507991e-02
-8.863438889090317907e-02
-8.661700613256546888e-02
-8.709821038886805811e-02
-8.439898526056838213e-02
-8.270547185153342973e-02
-8.137717036399948201e-02
-8.509700397907946079e-02
-8.184434167289592055e-02
-8.015841752971952783e-02
-7.894676706399826605e-02
-7.796384120118816929e-02
-7.862978279428495254e-02
-7.705108379610881020e-02
-7.606403340236364552e-02
-7.529900822903089208e-02
-7.464571089010460514e-02
-7.405838136403213035e-02
-8.039397308524959262e-02
-7.635985746831194798e-02
-8.178735253778804393e-02
-8.376905597946242288e-02
-7.899841514598450465e-02
-7.655119703630407224e-02
-8.955625045532654427e-02
-8.136547539132975293e-02
-8.208681809120162154e-02
-7.873979798703176214e-02
-7.738447322436424469e-02
-7.821025083435557967e-02
-7.503513980856603427e-02
-7.345414418668053114e-02
-7.230529779287551972e-02
-7.146131880972649009e-02
-7.076670121447642403e-02
-7.017415277729098511e-02
-7.603618187513640214e-02
-7.888848830417947988e-02
-8.394633378980537186e-02
-8.593011080754996145e-02
-7.781767287160601398e-02
-7.532386818492597946e-02
-7.311108438753667615e-02
-8.161006790455745119e-02
-7.586946925145281184e-02
-1.111955583438555273e+01
-1.010033116243776175e-01
-9.149633824936531656e-02
-8.701253473204595412e-02
-7.963847784451856537e-02
-7.945637215326245562e-02
-7.558295288219185615e-02
-7.345897671533692386e-02
-7.197366440292057854e-02
-7.622337696774170168e-02
-7.294229008012573234e-02
-7.127558068459759200e-02
-7.014261939006863344e-02
-7.588983762192899607e-02
-7.140777377782274449e-02
-7.338714219909096836e-02
-7.056924821292598349e-02
-6.904461394018930609e-02
-7.170474330373405314e-02
-6.905489857006047449e-02
-6.784537649800172210e-02
-7.059841984340271825e-02
-6.838961378093533217e-02
-6.731442418436410502e-02
-6.659593391553292330e-02
-7.223448109888798430e-02
-7.643432774258476781e-02
-7.261878589338376100e-02
-6.974707126501625276e-02
-7.780919527763408006e-02
-7.374337923068503831e-02
-7.213403561582057422e-02
-6.933711080545927607e-02
-1.745079123756989503e+01
-9.566858167592340312e-02
-7.814059478083965060e-02
-8.247271299008321344e-02
-7.486401261986036504e-02
-7.159881259030946576e-02
-6.969275291232829295e-02
-6.998466693826263518e-02
-6.839880753091728827e-02
-6.947430070779303524e-02
-6.758619233760855549e-02
-6.656300094698903991e-02
-6.583936015430101596e-02
-6.652549364487422845e-02
-6.523713923166706008e-02
-6.455153156251892954e-02
-6.409867458023971176e-02
-6.503230877354489181e-02
-6.419680007082805007e-02
-6.369190959582432532e-02
-2.578135100365402010e+01
-1.770926621444781635e-01
-1.338698648386605905e-01
-1.195848886760003948e-01
-1.044676518488698441e-01
-1.007392366848028492e-01
-9.241784025883074960e-02
-8.741011452608837828e-02
-8.380877764903033045e-02
-9.172665212438248228e-02
-1.383966229875112219e+01
-9.257797597487466001e-02
-8.520780597578103688e-02
-8.413433561605905553e-02
-9.018501781553898977e-02
-6.834683886794651109e+00
-1.618242980860912539e+01
-1.293643258448458899e-01
-9.925960008265488632e-02
-8.838967821354140608e-02
-9.023959286307271788e-02
-8.125863572458563722e-02
-7.776824404741609909e-02
-7.561365583112517053e-02
-7.722323728672851606e-02
-7.815224710367899008e-02
-1.371066665942254303e+01
-1.567776201317860052e-01
-1.127464300220677174e-01
-2.498585665045287740e+01
-1.264745272413741739e-01
-1.082771937902579640e-01
-9.745639169388869982e-02
-9.293793950776281509e-02
-8.785213554518106482e-02
-8.434267654197893926e-02
-8.169529216543457151e-02
-7.959707730444666451e-02
-8.013371250106952892e-02
-7.740121376661046604e-02
-7.772860587469598848e-02
-7.559288952911431825e-02
-7.419016859420211885e-02
-7.924864983938291474e-02
-7.330492755204205679e-02
-7.678680109533084219e-02
-7.701913987804569206e-02
-7.415414511181048218e-02
-7.248478525837830089e-02
-7.130779883405484465e-02
-7.039154051963342207e-02
-6.963607048647176001e-02
-6.898979225263443538e-02
-6.842330455622970542e-02
-7.938981780451059844e-02
-7.243673528094518588e-02
-7.219612202905201226e-02
-6.973816224693418775e-02
-6.844767495445547301e-02
-6.756157873534664182e-02
-6.689483896170296540e-02
-7.088495889207725720e-02
-7.091833708058566110e-02
-9.737178348454364141e+00
-8.500811086413780082e-02
-7.651714304914739029e-02
-7.266218669256931106e-02
-7.609846014738261277e-02
-7.149605088508824424e-02
-6.927650687974476473e-02
-7.025184390283487068e-02
-6.763466269468189351e-02
-6.941208065942081062e-02
-6.689872454545614522e-02
-6.769218371667985734e-02
-6.870693511234844675e-02
-6.917469910129049604e-02
-6.958769107294228429e-02
-8.861107446981063285e-02
-7.529017839632698439e-02
-7.595401430996340242e-02
-7.109071372236878961e-02
-6.854518364367594152e-02
-6.940875796926665453e-02
-7.321168171430586513e-02
-6.908926271342608061e-02
-6.718576443404435106e-02
-7.036210313622308365e-02
-7.285982347502213685e-02
-6.918337410756106309e-02
-6.727824455738906639e-02
-1.311986081578560004e+01
-9.437119522008531602e-02
-8.112086160156775638e-02
-1.116602379111512988e+01
-1.156888379512263226e-01
-9.205202794530062405e-02
-8.289899352241590635e-02
-7.791558455119496074e-02
-7.468289055721336056e-02
-6.962908937882650662e+01
-4.997079604950288578e-01
-3.254900387720968680e-01
-2.559509320131513332e-01
-2.106250233054300369e-01
-1.476230054618482868e+01
-2.569105538189125348e-01
-1.977226820816657127e-01
-1.725861692845863660e-01
-1.642120701798037985e-01
-1.461756101761070292e-01
-1.530625129555532871e-01
-1.403792854247285227e-01
-1.277056415277295631e-01
-1.201870996087079368e-01
-1.209779210449251352e-01
-1.135927296036432499e-01
-1.085391507268164552e-01
-1.052390221448613883e-01
-1.015277228852534408e-01
-9.859365527432085996e-02
-9.615312281492664759e-02
-9.399948759057544234e-02
-9.375010991901755464e-02
-9.098629333173859079e-02
-8.906643046536959207e-02
-8.747842905329074326e-02
-8.920054916889601226e-02
-8.626102425045478750e-02
-8.461080220783032124e-02
-8.331238458564046989e-02
-8.219761376000946085e-02
-8.600296146484211202e-02
-8.227503320432415224e-02
-8.202199645982437282e-02
-8.003612605248074108e-02
-9.372382135832794947e-02
-9.101350105579479599e-02
-8.477469418774502552e-02
-8.189032887815844708e-02
-8.000807720280318780e-02
-8.455415151724629541e-02
-8.255739909532219811e-02
-7.939315148778690323e-02
-8.031767496728245415e-02
-7.904191397544362008e-02
-7.707749065599897587e-02
-7.578128260795689852e-02
-7.478742576653701901e-02
-7.397677512373862507e-02
-7.530837801984612001e-02
-7.382038872961163567e-02
-8.632600303943636921e-02
-8.210483617824027025e-02
-7.686372339066809001e-02
-7.458563359256528691e-02
-7.515068459495680142e-02
-7.512664454373867151e-02
-7.306718856219486524e-02
-7.184943051075048936e-02
-7.325128209600399731e-02
-1.366416793764236992e+01
-1.057357797166375707e-01
-9.154878915534715722e-02
-8.426656348873506897e-02
-8.007616882585280593e-02
-7.645911767057575470e-02
-7.430965006229536818e-02
-7.475259129127007074e-02
-7.282440931948415408e-02
-7.157818396660009519e-02
-1.346883337851264173e+01
-1.030397093074346682e-01
-1.000834993760849889e-01
-8.935700618150221874e-02
-8.826818167893539513e-02
-8.247690261437896908e-02
-7.921113235557579457e-02
-7.694663427097990505e-02
-8.968250882733209972e-02
-8.129801097760772088e-02
-8.578085422302658691e-02
-8.010871678786593564e-02
-7.712413450685035032e-02
-7.514367333009923378e-02
-8.115072002916159932e-02
-7.567991302322346625e-02
-7.324764122795648924e-02
-7.848309752308757492e-02
-7.464799692251949947e-02
-7.213179980083510301e-02
-7.785829986108082357e-02
-1.347144733499393254e+01
-1.008139189565289051e+01
-1.107103624335392944e-01
-2.097812090023264986e+01
-1.078154375600025999e-01
-1.008161269682072980e-01
-9.379195820991163834e-02
-8.623820392025258186e-02
-8.191034314642321734e-02
-7.891471620712496582e-02
-7.672533623929826685e-02
-7.502065931702675550e-02
-7.593677263616177564e-02
-7.382126205949932074e-02
-7.836973133125439694e-02
-7.394295455518203053e-02
-7.211076777634221890e-02
-7.284070479917448271e-02
-7.562999104582426857e-02
-7.188361979615466579e-02
-7.362574836731745898e-02
-1.056459225254524803e+01
-8.666397598366755439e-02
-7.776723902533655419e-02
-7.399022199759790197e-02
-7.177903703964153004e-02
-7.313303672568406688e-02
-7.982993195394059993e-02
-8.529709971933649437e-02
-7.713133258906393341e-02
-7.844402730763749831e-02
-7.390137888878481331e-02
-7.616904800034703105e-02
-7.187793587835987486e-02
-6.994056577119343865e-02
-6.865428411590859814e-02
-6.767755088569801791e-02
-7.249167688326696446e-02
-7.598476092179339003e-02
-7.169042285117156743e-02
-7.562307691540492982e-02
-7.109181179953265317e-02
-8.480970005748382501e-02
-1.276202300341586593e+01
-9.282633036700534135e-02
-8.244799053105492104e-02
-7.732822354824257782e-02
-7.502725176780267180e-02
-7.551772390268576829e-02
-7.617269867891073021e-02
-7.261482356441353869e-02
-7.057974136669291354e-02
-7.806417982076893636e-02
-7.735723402230752777e-02
-7.290540659622368747e-02
-7.053146103008776924e-02
-6.895170325482030682e-02
-7.445552281155887187e-02
-7.774688972646158491e-02
-8.328383698765055854e-02
-7.482520409320779498e-02
-7.503788089716129095e-02
-7.083308008934575961e-02
-7.103463078869011460e-02
-6.856580126806301190e-02
-6.713764467163825522e-02
-7.695024374462595962e-02
-7.073732900244369959e-02
-7.093566367052771271e-02
-6.771078064921276507e-02
-6.835346312560215687e-02
-6.898282856880159908e-02
-6.576998354068325225e-02
-6.430571969016631029e-02
-6.345725978763647190e-02
-6.295494985144092781e-02
-6.683564141115931612e-02
-6.409349915957972266e-02
-6.423104073197517805e-02
-6.297268477205922310e-02
-6.430134565327633167e-02
-6.280864772666563955e-02
-6.678242061992635537e-02
-6.793482950726584257e-02
-6.487290857419163170e-02
-6.342706325096150732e-02
-7.489029326733577518e-02
-6.693810701413384356e-02
-6.644017156847505101e-02
-6.618394821233336556e-02
-6.694900597286802812e-02
-6.452625674276052381e-02
-6.318137732914153037e-02
-6.233398102539675079e-02
-6.172668869584994195e-02
-6.124913421658135376e-02
-6.085322934253946381e-02
-6.051613210034881285e-02
-6.022339608778079501e-02
-6.297560036100166569e-02
-6.252694451172122192e-02
-6.827972078729825645e-02
-6.437394076040008073e-02
-6.265892596018655947e-02
-6.788393629622062331e-02
-7.415120084861985539e-02
-6.789855957604787329e-02
-6.521834630846921887e-02
-6.363542954394148243e-02
-6.256744362547035643e-02
-6.178029373663634222e-02
-1.417908411985317407e+01
-7.697054560095450970e-02
-6.954454035343793361e-02
-6.635635247525278890e-02
-1.263358099697780723e+01
-8.423544406523042483e-02
-7.328834215512514128e-02
-6.899110401723049235e-02
-6.657838626203085863e-02
-6.498773517980484249e-02
-1.167421634041740219e+01
-9.715700363122589667e-02
-7.992184984966460570e-02
-1.261510527095843592e+01
-8.475848788350576202e-02
-7.683542555932695861e-02
-7.389290942962700726e-02
-7.051521922202368120e-02
-8.555660596820932606e-02
-7.563364295167430973e-02
-1.156892575869039597e+01
-8.582177477943439547e-02
-7.931459939870816322e-02
-7.342008873246581857e-02
-7.027461632806210334e-02
-6.817684526451164850e-02
-6.664127916254339312e-02
-6.545635677051564461e-02
-6.451557338297544963e-02
-6.373370721373632086e-02
-1.326229915408132598e+01
-1.313521892049584472e-01
-9.258261863478352283e-02
-1.311503397109736646e+01
-1.210562965663678214e-01
-1.049090044429645402e-01
-9.173093850596271415e-02
-9.104585527866727868e-02
-8.587029073602431284e-02
-8.120861593027055292e-02
-8.235795090140063390e-02
-7.583475104280816559e-02
-7.266433730651590539e-02
-7.082293628366588545e-02
-6.941092421599162621e-02
-6.822708190427138886e-02
-7.766681667694542990e-02
-7.466549519122586687e-02
-7.029786478729609100e-02
-6.989870614186179110e-02
-6.756959374981905131e-02
-6.799910843154297058e-02
-6.629836597138447085e-02
-6.919249579317457433e-02
-7.298289115075051736e-02
-1.353497161238867896e+01
-1.002060687380803422e-01
-9.208471081432435812e-02
-7.940506298953263487e-02
-7.402437287227009444e-02
-7.140820302100536754e-02
-6.899543241540261052e-02
-6.736181829579740432e-02
-6.611830344518369873e-02
-6.840594467319564831e-02
-6.593504095731107795e-02
-6.786978626645817636e-02
-6.534334292367141583e-02
-6.411047218025185679e-02
-6.327039401271410124e-02
-6.819083311730901598e-02
-6.546325536540897883e-02
-6.401286363320551898e-02
-6.304722125219737461e-02
-6.232742485376212976e-02
-6.175263121385289600e-02
-1.111978594098889239e+01
-8.458526361115117909e-02
-7.146710620341249764e-02
-6.724384195685007004e-02
-6.505807558195672580e-02
-6.367715207413261747e-02
-7.916685943635237699e-02
-7.070782082112454792e-02
-6.832514171240258727e-02
-6.577053831227884506e-02
-7.080470318587180067e-02
-6.993631104900351059e-02
-6.607558128047635870e-02
-6.422831370541001728e-02
-1.093809567748256129e+01
-8.835752068363325606e-02
-7.727447925273525642e-02
-8.723577960129669240e-02
-1.358719654362408669e+01
-1.131886544538174832e-01
-1.089188259525078806e+01
-9.508085323041459702e-02
-8.402150811822892140e-02
-8.166206041200661792e-02
-7.622165254252542821e-02
-7.305386973771163528e-02
-7.079808849290396278e-02
-6.906580164253053877e-02
-7.236029833019357038e-02
-6.837826068029910498e-02
-2.687013705517510687e+01
-1.920396427645938986e-01
-1.402055581942973361e-01
-1.174373224901747309e-01
-1.073174581235029346e-01
-1.024539357810576451e-01
-9.632231889871666064e-02
-9.513532584685782667e-02
-8.840282761085385688e-02
-8.415187136406736268e-02
-8.091866601424248240e-02
-8.105490184246522123e-02
-7.757104223353709915e-02
-7.541726190204775526e-02
-7.856372315816537166e-02
-7.419808880140456309e-02
-7.226341707293069960e-02
-7.087780036431520769e-02
-6.975503379416879424e-02
-6.879759463220615212e-02
-6.795874100919528649e-02
-1.356150754859102214e+01
-9.414399586361317518e-02
-8.360208389720527600e-02
-7.675363701431336949e-02
-7.321853782305301483e-02
-7.094291940560096266e-02
-6.930457276911469733e-02
-7.303021468987491716e-02
-7.654519011761479197e-02
-7.204596873657413691e-02
-6.965079374701789450e-02
-6.806674356572302298e-02
-6.689481899527102704e-02
-6.596751694174871061e-02
-6.756278175455289470e-02
-6.575664683168848390e-02
-6.478100362465027962e-02
-6.407003275000701381e-02
-7.348844705063145577e-02
-6.741756557753632306e-02
-6.841106537144740762e-02
-7.036389452441906001e-02
-6.703065915351530402e-02
-6.528013812412357397e-02
-6.916506323415648472e-02
-6.610164150794879678e-02
-6.448786710153975310e-02
-6.346204498208514455e-02
-6.267794338022499023e-02
-6.209904894648909934e-02
-6.162138066181024193e-02
-7.719981150501539768e-02
-6.799983627248668006e-02
-6.508976262343851849e-02
-6.355750349377807529e-02
-6.558602998022509956e-02
-6.323417204830435179e-02
-6.209831129834815500e-02
-6.137599017229412868e-02
-6.365545509145588421e-02
-6.167001676828492984e-02
-1.316151007510263860e+01
-7.376488713270029640e-02
-7.537506805025934176e-02
-2.375363684827937760e+01
-1.202199928378037547e-01
-9.400970088337436137e-02
-8.206868296960521947e-02
-7.866787116858267592e-02
-7.370896524523611049e-02
-7.070468339673362246e-02
-6.858757949434080015e-02
-6.698714830753201011e-02
-6.572270545200717407e-02
-7.886225285226236559e-02
-7.471760204666560989e-02
-7.577485363647069871e-02
-7.299680047235700131e-02
-7.068215530281299341e-02
-6.791880633497213160e-02
-7.262064458366976338e-02
-6.891108993549893702e-02
-6.638141267759144204e-02
-6.487041539623422670e-02
-6.378892561582491516e-02
-6.294513796275044704e-02
-6.225302925575770807e-02
-6.166670597013482191e-02
-7.339990520551743780e-02
-6.624189509052345881e-02
-7.480485242301297688e-02
-6.957610655221201090e-02
-6.777582068526952219e-02
-6.701527643310976889e-02
-6.637581242119008906e-02
-6.620193887927149079e-02
-6.785754337690610982e-02
-1.346832341632938146e+01
-1.294015570442325624e-01
-9.571352058626830805e-02
-8.296298056491301087e-02
-8.267803486474081809e-02
-8.846273707487266325e-02
-8.291047065867107602e-02
-8.084833471710660413e-02
-7.698867921103209888e-02
-7.692055925797282312e-02
-7.184767605299038906e-02
-7.439455058893446049e-02
-6.941775240727679486e-02
-7.405319886261751972e-02
-6.887189745730598611e-02
-6.647347008792052481e-02
-7.141433690078743957e-02
-6.906096219857121854e-02
-6.624456409152257308e-02
-6.459998889041006220e-02
-7.244026472746628587e-02
-6.671718109912588845e-02
-6.449340859462855680e-02
-6.316231143418386818e-02
-6.940418149876949327e-02
-6.889448170212170153e-02
-6.449426881173465909e-02
-6.523159870936873217e-02
-6.273032495168567868e-02
-6.154438376767069896e-02
-6.073652827107671459e-02
-6.015200072404917886e-02
-6.431548345639079289e-02
-6.177850931396965117e-02
-6.550119574205465200e-02
-6.773632063374961099e-02
-6.672904332572715536e-02
-6.321399532611610139e-02
-6.157887765362495686e-02
-6.055371962869629532e-02
-5.982126851435334847e-02
-5.925603137956332589e-02
-7.184775668182971642e-02
-6.559708152900689537e-02
-7.183550158408899544e-02
-7.086696479078372080e-02
-7.190144750030107168e-02
-6.923967517453548381e-02
-7.633069848349414988e-02
-6.852264223235787766e-02
-1.556000760929890170e+01
-1.129673340900809730e+00
-6.513889707768293347e-01
-4.672179786427452797e-01
-3.667727687912020751e-01
-3.051286443423350536e-01
-2.801541636196132057e-01
-2.412029695440976729e-01
-2.156838781204882260e-01
-2.013510620849044974e-01
-1.838288558270037010e-01
-1.762483171588095920e-01
-1.705550257871438213e-01
-1.564197586697502751e-01
-1.393508523249538378e+01
-1.565434297260213936e-01
-1.502072058405599930e-01
-1.515589592023035004e-01
-1.372514246366391966e-01
-1.313948832228390151e-01
-1.284806592604250952e-01
-1.217218489206855631e-01
-1.285687500572565978e-01
-1.236643291253893412e-01
-1.159279631797668353e-01
-1.121646208008733742e-01
-1.076277607202834191e-01
-1.044654835110326446e-01
-1.035129527359276019e-01
-1.005879463408017455e-01
-9.926941447018196307e-02
-9.664290124220818734e-02
-9.885870401697854915e-02
-9.456426060047525006e-02
-9.714272535851803392e-02
-1.390662564498529719e+01
-1.536657734349936022e-01
-1.183834641955793382e-01
-1.068509374716250238e-01
-1.099523744276591081e-01
-1.038825010920004926e-01
-9.811331448373801500e-02
-1.105101156979343552e-01
-1.079372893532889871e-01
-1.098676549842437095e-01
-1.003510527223394760e-01
-9.545528385804270821e-02
-9.383522529371157717e-02
-9.064459364913592110e-02
-9.225600942071336685e-02
-9.487700116678092488e-02
-9.614837953105823121e-02
-9.381394520631189393e-02
-8.777740400022526757e-02
-8.686904222617815308e-02
-8.641475195925556185e-02
-1.288780484368936108e+01
-1.103199096692541320e-01
-9.503629096393582942e-02
-9.470763753179375910e-02
-8.745384574467926497e-02
-8.411040927469697059e-02
-8.193077139324285441e-02
-8.949507814513295301e-02
-8.348371086678091357e-02
-8.074846528206616747e-02
-7.895941607396916861e-02
-1.056802959613635551e+01
-9.342696711908062002e-02
-8.443641953942752909e-02
-8.675009611836957679e-02
-8.102405859189061588e-02
-9.061070466167061355e+00
-1.596722369715338274e+01
-1.304412370268121713e+01
-1.356703781750906224e+01
-1.489982034825826918e-01
-1.192555308045865486e-01
-1.042344173183323286e-01
-9.935782758769935719e-02
-6.923215398722831537e+00
-8.280243245144431441e+00
-1.170543287609226712e-01
-1.030661975161052679e-01
-9.388309379977283209e-02
-7.153123724875580791e+00
-9.152840702813892781e-02
-8.463429889508325421e-02
-1.255036128877276980e+01
-7.754199371157834975e+00
-1.018075195960399387e-01
-9.135327420933765652e-02
-8.419424905462574715e-02
-8.054216467247352074e-02
-7.820714867798433945e-02
-7.656487940344613996e-02
-7.524624325205141184e-02
-7.423296405446286328e-02
-7.387363790422425691e-02
-7.257209150464506708e-02
-7.187965438497653792e-02
-7.125372222364458052e-02
-8.834572587558682244e+00
-1.001147723822529700e-01
-8.479225395595861581e-02
-9.636929332544580395e-02
-8.816702553718630542e-02
-8.232535341198241041e-02
-8.201134356259373703e+00
-9.154718542478992860e-02
-8.031946141624146662e-02
-7.655866523776125310e-02
-7.328239016232167280e-02
-7.896172232916813527e-02
-8.267154122121748994e-02
-7.667104603297164589e-02
-7.287018313220630650e-02
-7.276145972210405766e-02
-7.732166132073059472e-02
-7.193506853938874679e-02
-6.981071827885985959e-02
-6.853674305765117269e-02
-1.283906032781217732e+01
-9.216998447596581878e-02
-8.004241279883772542e-02
-7.507140407957868522e-02
-7.228314190657385285e-02
-7.044823152454608717e-02
-7.657151191841919669e-02
-9.656389849975062500e-02
-8.248326854981040401e-02
-8.084212715660783755e-02
-7.493531848409172580e-02
-1.981276885567199031e+01
-1.158815153839702072e-01
-9.422485536642166704e-02
-8.672695022156735878e-02
-8.047540695177145265e-02
-7.645210828287972438e-02
-7.384912003645992262e-02
-7.200907744776610664e-02
-7.053469013724583681e-02
-6.935268916368665659e-02
-7.956613461273531751e-02
-7.353394989321491992e-02
-7.067322879394109802e-02
-6.915555809965481804e-02
-6.765586247736152248e-02
-7.516061990047856467e-02
-1.347386300134911075e+01
-1.159829628213950997e-01
-9.365978190516315749e+00
-1.199447886872725272e-01
-9.763140081229433609e-02
-8.779767382275692478e-02
-8.580120047103891034e-02
-8.000526637806437691e-02
-8.133182074102636439e-02
-1.936990831404408908e+01
-1.372268986773738930e-01
-1.021570534076318287e-01
-9.000500031312928806e-02
-8.363849243517954002e-02
-7.954619050768516053e-02
-7.664388409203339025e-02
-7.870071388740466911e-02
-7.489890511844703169e-02
-7.272260341444267140e-02
-7.451678561478509988e-02
-7.171232192619744761e-02
-7.301231098130650521e-02
-7.044862835425730330e-02
-6.896362110244405597e-02
-6.989979399019161099e-02
-1.913800622069426183e+01
-1.303269701997759600e-01
-1.044411176712252004e-01
-9.765705583775106946e-02
-8.834077373615824291e-02
-8.287016190835307106e-02
-7.915164034961251482e-02
-7.801760567092966281e-02
-7.668281981534887104e-02
-7.601497318702503392e-02
-7.261359178924256530e-02
-7.092699192790037632e-02
-6.970030338262256375e-02
-7.938938568208618596e-02
-7.743767960983720389e-02
-7.290314426815379389e-02
-7.051634793964098313e-02
-6.902770723759504845e-02
-7.364715693934269225e-02
-6.913361645067953032e-02
-6.740607023403497045e-02
-6.632651237095341101e-02
-6.573124320196145620e-02
-6.601034860732529763e-02
-6.485555566942639849e-02
-7.016056413143918757e-02
-6.710640067394178787e-02
-6.571329493102522068e-02
-6.483220554783304668e-02
-6.694039805967562373e-02
-6.505243822127108888e-02
-6.410302178428232966e-02
-7.110095506890615202e-02
-6.716387219085238891e-02
-6.530511880916596568e-02
-6.415348624514215226e-02
-6.333623514263485299e-02
-6.270588834240643783e-02
-6.219919075759424570e-02
-6.675563038301589314e-02
-6.435817314992610394e-02
-1.364040244225415499e+01
-9.381014979896676320e-02
-7.818353702118110982e-02
-1.221889548288173621e+01
-8.487919573137324425e-02
-7.592165178969371986e-02
-7.178816203360886827e-02
-8.200497622590133262e-02
-7.389409341996319713e-02
-7.316136667230413448e-02
-6.961533043881139304e-02
-6.762591324467699672e-02
-2.024128559651005688e+01
-1.123679272746446745e-01
-8.615852052667481720e-02
-7.768238648502341637e-02
-7.330342647740360762e-02
-7.055975530191059553e-02
-7.157401405631060032e-02
-6.892883244618125405e-02
-6.728155100183158543e-02
-6.768271393223539156e-02
-6.601965986210607540e-02
-6.493485122819452060e-02
-7.050184202232735731e-02
-6.645961734429731149e-02
-6.482677545478160441e-02
-6.380022726791435839e-02
-6.304787046174831211e-02
-6.244671482802902768e-02
-6.589748341607623572e-02
-6.339552949377059987e-02
-6.414912474339672099e-02
-6.757577062421485370e-02
-6.952151861304088631e-02
-7.085506796072986446e-02
-6.661098190567392441e-02
-6.460563066057505022e-02
-9.068589518836341068e-02
-7.557820532754798426e-02
-7.092766079123387357e-02
-8.570234007204557969e-02
-7.454687199277171272e-02
-7.006409842993330250e-02
-6.749320317804032021e-02
-7.828115211307996868e-02
-7.076263598047197179e-02
-6.768084891983035256e-02
-6.584008314331019074e-02
-6.835248814338974743e-02
-6.505777317649436009e-02
-6.587780593182460120e-02
-6.653912159496111478e-02
-6.417007664362132935e-02
-7.707384141417575329e-02
-1.172041029680122470e+01
-1.368218766037358769e+01
-9.272013126352675327e-02
-8.299416649394082690e-02
-7.566666358516091484e-02
-7.164167220678231696e-02
-6.898863127787059624e-02
-6.876751357110570673e-02
-7.167549285551964855e-02
-6.767086154989507274e-02
-7.245115192205892063e-02
-7.514992800233293024e-02
-6.966161667508163902e-02
-7.238189852585151518e-02
-6.814105705156055237e-02
-7.254142255649996540e-02
-6.954039326670151400e-02
-6.637213243835098087e-02
-6.960577101207210404e-02
-6.604867759604333977e-02
-6.431055494822970897e-02
-6.315033170170057664e-02
-6.583657143980407855e-02
-6.379030118337702948e-02
-6.520974882052658905e-02
-7.343896253196174895e-02
-6.738530355778545033e-02
-6.784617307418176757e-02
-6.505074759478232660e-02
-6.357538904011997283e-02
-6.256747418622569945e-02
-6.180129695653435729e-02
-6.118324619693400052e-02
-6.066536259481258159e-02
-6.022005253576927924e-02
-5.982942363444239409e-02
-5.948204436773786574e-02
-5.916926993844989074e-02
-5.888493812183293735e-02
-5.862424772360728953e-02
-6.219014657030125237e-02
-6.514868064135710679e-02
-6.142065312454864784e-02
-6.873564806787155201e-02
-6.312450548997075583e-02
-6.114367633962062426e-02
-6.003504939367755588e-02
-5.929080064198719718e-02
-6.838467528784548943e-02
-6.279753372979965387e-02
-6.085360607408184935e-02
-6.817290385634248995e-02
-6.404654522022001917e-02
-6.202873052979460816e-02
-6.428165233671549739e-02
-6.129411317403145321e-02
-2.261255806402689572e+01
-9.687428242862367034e-02
-8.170152213216178017e-02
-7.798688050460637899e-02
-7.583784893842981933e-02
-1.276384897139421959e+01
-7.593474389539361269e+00
-8.433950068145343315e-02
-7.137083055971120416e-02
-6.746020725989169964e-02
-8.879026897295935750e-02
-9.232049179088583912e+00
-1.140582177676587733e-01
-9.255545604498684187e-02
-8.791642714275310633e-02
-7.913022525797250295e-02
-7.454334328751228977e-02
-7.347296441694001201e-02
-7.181436103122502967e-02
-6.874649467856332186e-02
-6.919163777809299309e-02
-6.686381609925394487e-02
-6.534203609715297234e-02
-6.418801165086529537e-02
-6.325441988283525552e-02
-6.627479451084172801e-02
-6.346783288655499788e-02
-6.245732332208204368e-02
-8.780388015760635767e+00
-7.388601767298670631e-02
-6.857659733946294689e-02
-6.448500071147614254e-02
-1.280254219450820052e+01
-8.686775733343743422e-02
-7.469495954698061879e-02
-6.914803922043895323e-02
-6.638178358374420551e-02
-6.453763232931196414e-02
-7.232897261264586986e-02
-8.074025364165313134e-02
-7.080009657213215402e-02
-6.704948769439365852e-02
-6.488460927023376179e-02
-6.341678969037872760e-02
-6.232833890241134406e-02
-6.701091847878488938e-02
-6.390910174543437683e-02
-6.740726551463545324e-02
-6.256836587509591319e-02
-6.099320305754422217e-02
-6.190325867261030346e-02
-6.172970395911465957e-02
-5.996540413606530479e-02
-5.941124161124474584e-02
-1.710108332416042032e+01
-8.906225487365206084e-02
-7.642888973348120618e-02
-7.078206342729760625e-02
-6.752863085038347812e-02
-6.778690605126592994e-02
-1.093215115709785756e+01
-1.395570779846578569e-01
-1.240335296517406682e+01
-1.087417470960010679e-01
-9.053377004863243094e-02
-9.163885356848684716e-02
-8.124322001510192459e-02
-7.684199123596961722e-02
-7.303010330164981523e-02
-7.152632920211843270e-02
-6.899805307155028322e-02
-6.870491067383244221e-02
-6.606428065041941577e-02
-7.875530945669316552e+00
-8.284184726734472592e-02
-7.323341090916885676e+00
-7.781336997356476382e-02
-7.155746827219376660e-02
-6.834782323745787480e-02
-6.585652231665918566e-02
-6.454467840579238003e-02
-6.353418468199900637e-02
-6.229408420640415722e-02
-6.156886884168285418e-02
-6.511038657804738006e-02
-6.246212767737679278e-02
-6.123925070952618982e-02
-6.043373538756172808e-02
-5.982066898313288111e-02
-5.934985269990994405e-02
-5.894707571090987419e-02
-6.587656398021567161e-02
-6.497615727714919909e-02
-6.393936798317303993e-02
-6.335835816273698018e-02
-6.902199482507376249e-02
-7.240467162643676735e-02
-6.411261908754149752e-02
-6.153713799429806619e-02
-6.013511975364439766e-02
-6.078388810892251803e-02
-5.962203157298966161e-02
-6.238088805736264481e-02
-5.971116234349103241e-02
-6.149615822222583017e-02
-6.213764712145217195e-02
-8.085522602375867784e-02
-6.803625055963684332e-02
-6.827120148629678420e-02
-6.373451378393037159e-02
-7.105934230089866466e-02
-6.954844306346467941e-02
-7.431476233808631537e-02
-7.326423127341191721e-02
-6.581440695960365239e-02
-6.255985260009108706e-02
-6.071546778118352972e-02
-5.953259339618864610e-02
-5.864954873221274456e-02
-5.797846811794628991e-02
-5.743995625023953083e-02
-6.179461575070787499e-02
-5.928438240970047152e-02
-5.809164343039691092e-02
-5.732911241862731488e-02
-5.677067753027094377e-02
-1.873477888681537706e+01
-7.555569994895433572e-02
-6.759829295663051518e-02
-6.409576590742370461e-02
-6.152120721083632199e-02
-5.989052895700278101e-02
-5.873361421223508017e-02
-5.785779837185695690e-02
-5.716596242517755361e-02
-5.874764269281835399e-02
-5.764972718983746303e-02
-5.693998414270896868e-02
-5.640111025335716594e-02
-5.596220141133105563e-02
-6.162821501093571075e-02
-6.221858503903506671e-02
-5.905694998809695589e-02
-7.816325311745226934e+00
-8.415495260192679128e-02
-7.442114236245621350e-02
-6.701246997349868950e-02
-6.335329268965286809e-02
-6.279339419505661213e-02
-6.159122301955582274e-02
-5.946802689562217387e-02
-5.814920312483081583e-02
-5.729957848837913259e-02
-6.439628118526270761e-02
-5.771941453649122311e-02
-5.609814621462756029e-02
-6.002099544514245821e-02
-7.196198125278929769e-02
-7.066999396170144110e-02
-6.651564629115634675e-02
-1.978106603582716616e+01
-9.931559032582418567e+00
-1.819452508269787383e-01
-1.152465473629551013e-01
-7.902356373453073068e+00
-1.188391925933161841e-01
-1.063778455796609151e-01
-1.240615924380129798e+01
-1.099333990275027928e-01
-9.389529649772605790e-02
-8.538634884001561343e-02
-7.905118895012221536e+00
-8.585553686534855289e-02
-7.598468670094066235e-02
-1.304047428514236806e+01
-1.303060822221717885e+01
-1.122857793379124364e-01
-9.386571962829365345e-02
-9.160741654268972356e-02
-8.852772841462143438e-02
-8.103390287345535459e-02
-7.661578043734870724e-02
-7.352039926562030370e-02
-7.663951093923025704e-02
-7.736747329713861143e-02
-8.021214821215549851e-02
-7.325416811712172349e-02
-7.014495986852652132e-02
-7.514977810645852296e-02
-7.037261779308189025e-02
-6.788672635622404472e-02
-6.619000297622801288e-02
-9.082661921094581814e+00
-8.639105579870158536e-02
-7.395765190610753548e-02
-7.152802579469107191e-02
-6.791803424209355566e-02
-6.571406151297320974e-02
-6.416265306599044926e-02
-6.299549188890672669e-02
-6.206210165995899170e-02
-6.128298437916218644e-02
-6.587135679050283577e-02
-6.273579704453122186e-02
-6.618268350009615109e-02
-6.319746756717450897e-02
-6.166638993340212843e-02
-6.064886202821579558e-02
-6.370931699865170494e-02
-6.118673578166526628e-02
-5.994150480154591260e-02
-5.912853051690288714e-02
-5.852605555912535062e-02
-6.094763867443729610e-02
-6.308420887304032332e-02
-3.097998015474874833e+01
-2.080311787572247939e-01
-1.254685362504487645e-01
-9.981533756927890577e-02
-1.369403487007825682e+01
-1.144467038920707058e-01
-9.467049826328159667e-02
-1.004681182336397249e+01
-1.480237514988598235e+01
-1.582854805354857730e-01
-1.241024148873110661e-01
-1.073293819373701136e-01
-9.994793508699961748e-02
-9.171193669379330837e-02
-8.640983519061351537e-02
-8.250027891184165407e-02
-7.942622564693051224e-02
-8.056475675607145670e-02
-7.679420748263827978e-02
-7.425549030502015535e-02
-7.233647385473615521e-02
-7.076022963154025847e-02
-6.943108934477193461e-02
-6.828089861490270474e-02
-6.726927652577321948e-02
-1.327866754096882396e+01
-8.417695967056303130e-02
-7.533256519631530146e-02
-7.463200078216027100e-02
-7.086548813147136583e-02
-6.867611080766812537e-02
-6.713804722249411272e-02
-6.787517459778605322e-02
-7.966358815429437634e-02
-1.335475224007558026e+01
-1.141365841429880490e+01
-9.904967034523300129e-02
-8.469693588135879248e-02
-8.170854851579077704e-02
-7.924255018981195275e-02
-7.386944896184438614e-02
-7.075828695555806680e-02
-7.139532133032014394e-02
-6.856612028291811378e-02
-6.851911100496073381e-02
-7.152258619903766046e-02
-6.882806598380719620e-02
-6.614255748578469485e-02
-6.484552735704737780e-02
-6.387535582589419503e-02
-6.516354217882333599e-02
-7.245096938439699041e-02
-6.734218442331654786e-02
-7.680318657241559654e-02
-6.985212063691834117e-02
-6.677930095127911081e-02
-6.853240544277584834e-02
-6.765354029528630742e-02
-6.691650885504579760e-02
-6.457784591800075358e-02
-6.638994233695158509e-02
-6.340345145059189669e-02
-6.206451198042230166e-02
-6.390425210956500457e-02
-6.490326146165205368e-02
-6.262179689115277004e-02
-6.700567047072732152e-02
-6.641458263628287340e-02
-6.290058907260041854e-02
-6.657990291831036855e-02
-6.276393703721955264e-02
-6.113235276000150709e-02
-6.012087205311482385e-02
-5.941768603913544222e-02
-6.045077440844383310e-02
-6.122456799319908605e-02
-5.958469494594672428e-02
-5.871117870904066227e-02
-5.810998670923202269e-02
-5.764569658803276458e-02
-6.900580876932586871e-02
-6.191865999780881563e-02
-5.980540922080860439e-02
-6.460634139846319068e-02
-6.128587137998898343e-02
-5.972319910844123975e-02
-5.875268602263716833e-02
-6.677979570319207692e-02
-6.860831897328781293e-02
-7.759539930282824405e-02
-6.831946769768100503e-02
-6.488242778777027209e-02
-7.590151996603047846e-02
-6.696429249011821849e-02
-6.367427054362681527e-02
-6.176671303184297357e-02
-6.046638949151457443e-02
-5.950021408535979134e-02
-5.875291954419555041e-02
-6.490582456475030293e-02
-6.125048810694180834e-02
-5.966326244014592828e-02
-5.867772902126989348e-02
-5.796905066089780983e-02
-6.185601059864458823e-02
-5.930388985507764610e-02
-6.216922990806489357e-02
-6.841987659524620402e-02
-6.899325368492423283e-02
-6.253567740097000505e-02
-6.408303338662389714e-02
-6.060203978975866462e-02
-5.888942782968034639e-02
-5.781120383947639663e-02
-5.703541783905073659e-02
-1.407430150263552804e+01
-2.243592400298252965e-01
-1.531619111974756864e-01
-1.218138453442031421e-01
-1.053341617220548282e-01
-1.030013654473801721e-01
-9.141436793881288492e-02
-9.221207391308527956e-02
-8.625887805644698314e-02
-8.050320131186924910e-02
-7.680591479969936519e-02
-7.550744151382582370e-02
-9.702183832357431925e-02
-8.310060736659924396e-02
-7.614335962458722296e-02
-7.252344889003708994e-02
-7.010166904721444603e-02
-6.829017425654615447e-02
-6.684884440268967776e-02
-6.565611113835818913e-02
-6.464557774634706322e-02
-6.377993220773107985e-02
-6.302173309171729687e-02
-6.234627328474411090e-02
-6.174127007464239730e-02
-6.119435928483546450e-02
-6.069682375280481545e-02
-2.384421398813250192e+01
-1.564165499563052453e-01
-9.894220688201463276e-02
-8.378952980710160925e-02
-7.657367417727342640e-02
-7.450261783121872594e-02
-7.378329472562851488e-02
-6.941555914709623964e-02
-6.713466895826131209e-02
-6.552483535532739600e-02
-6.427997202530223719e-02
-6.812647758804199483e-02
-7.737519609184951186e+00
-1.060529367310552723e-01
-1.536535210135239105e+01
-1.970807030315267216e-01
-1.202123071597070852e-01
-1.013343186703386523e-01
-8.990121774648295039e-02
-8.313868362243216625e-02
-7.859395226847179505e-02
-7.529626925417942651e-02
-7.699556917827804492e-02
-7.257010981966142971e-02
-1.261892672608584398e+01
-9.548967887237086449e-02
-8.560006813294387951e-02
-9.754356996111929190e-02
-1.452767766857015452e+01
-1.433818406265132961e-01
-1.137845946509897788e-01
-1.030987904204977573e-01
-9.206121942187020513e-02
-8.556926797122593742e-02
-1.658456088384919269e+01
-2.092252852545369579e-01
-1.537126654524846314e-01
-1.329011964218007325e-01
-1.232753620789860671e-01
-1.094540150296571673e-01
-1.142342654445516470e-01
-1.038885259667365057e-01
-9.479935107458566101e-02
-9.420839738385775042e-02
-8.855090777688183479e-02
-8.876688861849005296e-02
-9.610252808026829852e-02
-8.589007970578498019e-02
-8.162797494503211404e-02
-7.882891938820507649e-02
-7.671887713092385985e-02
-7.501113687814045528e-02
-1.576104311875992003e+01
-7.231147554231460994e-02
-7.120483958763017263e-02
-7.541694511362562192e-02
-7.403857130717794721e-02
-7.140817834570142852e-02
-7.251811251071083042e-02
-7.367288532313705229e-02
-7.059291629514466426e-02
-6.884839334165687719e-02
-6.761596687854828924e-02
-6.664915418642264333e-02
-6.814058845063465653e-02
-6.644067868599640159e-02
-6.711078580616315625e-02
-6.554245628416606462e-02
-6.904538258676524987e-02
-7.109676885423414638e-02
-6.750505905885401114e-02
-6.571669727368094349e-02
-6.455107831922363149e-02
-6.635897431962202442e-02
-6.928636523616525655e-02
-6.589208825227983735e-02
-6.654981555593822429e-02
-6.440884303191253546e-02
-6.326163914634076735e-02
-6.245435306527228475e-02
-6.607999702563627231e-02
-1.353193715169773625e+01
-1.340683170031945437e+01
-8.854156309660045354e-02
-8.602744976430962143e-02
-7.784170721554502237e-02
-7.230444612074270194e-02
-7.877555321200464811e-02
-7.513111348622757146e-02
-7.006062638414287114e-02
-6.756408407384204007e-02
-7.320855692834846162e-02
-6.800326602423818756e-02
-6.575447940725376306e-02
-8.275186623914250472e-02
-7.151511659907580643e-02
-6.778726806993355669e-02
-6.570436877065508052e-02
-6.429814897887467517e-02
-6.324896291609255483e-02
-6.241676909708707838e-02
-6.172906865311406088e-02
-6.339939243374330402e-02
-6.207376120721640883e-02
-7.069656163289297912e-02
-6.442189366136058526e-02
-6.574475460438408692e-02
-6.305535027056242969e-02
-6.168152745475928567e-02
-6.077673692306949371e-02
-6.274599231890971851e-02
-6.117833152403597680e-02
-1.119219567532720916e+01
-7.623802849512835433e-02
-6.869245146668637170e-02
-6.536766224215152798e-02
-6.722990573706874584e-02
-7.118255091314633354e-02
-6.612460757012654511e-02
-6.376185150211710617e-02
-7.353300872441780045e-02
-6.717144959853686703e-02
-8.115763210833090824e+00
-7.894096029589435515e-02
-6.948734120046921869e-02
-6.576620418411312230e-02
-6.853460171646488797e-02
-6.525511439213320386e-02
-6.741151309674120462e-02
-6.414384552620436275e-02
-6.249056188964581537e-02
-6.138262655417269648e-02
-6.357604751991646763e-02
-6.129651300117454349e-02
-6.023299587877667394e-02
-5.951110578605353640e-02
-5.895288940334482419e-02
-5.849321652900543039e-02
-5.810050395589099609e-02
-5.775646755579363911e-02
-6.058220123077662222e-02
-5.892775539615499603e-02
-5.811979108191517307e-02
-6.115403554763504390e-02
-5.969208027728817312e-02
-5.838047780846672419e-02
-5.777568695655919268e-02
-5.728032392303072234e-02
-5.689233236558666196e-02
-5.657132667370206452e-02
-5.629604772060561868e-02
-1.284225139597204546e+01
-1.062453996898311964e-01
-8.217858298126386185e-02
-7.289594396540076404e-02
-6.820831623268311383e-02
-6.532947476850653468e-02
-6.336353273491525384e-02
-6.192457167091838799e-02
-6.081853343923820931e-02
-4.007462890853132365e+01
-2.473216753920346456e-01
-1.565013073262808141e-01
-1.260170299912786451e-01
-1.074710098292515764e-01
-9.651000932715793346e-02
-8.921356298529516116e-02
-8.766112602363063111e-02
-8.464128953462192462e-02
-7.899320554219840806e-02
-7.569141487899154475e-02
-7.592168583877906274e-02
-7.266295831093559643e-02
-7.058702609224146163e-02
-3.683334484599807723e+01
-5.759830809289978593e-01
-3.499904361496601335e-01
-2.638441680458389893e-01
-2.384844923105834957e-01
-1.946986209435114246e-01
-1.786731390339888481e-01
-1.587038748092567397e-01
-1.464453315265007438e-01
-1.352001283162614642e-01
-1.301547359640516377e-01
-1.217853944402689237e-01
-1.151975773986492618e-01
-1.099975705906440226e-01
-1.056541527724895041e-01
-1.015274232582457775e-01
-9.831812224561767288e-02
-9.585321562503115733e-02
-9.332585397019682594e-02
-9.106616315135385165e-02
-8.903046826217828058e-02
-8.966626040741068615e-02
-9.007745217455168096e-02
-8.784881505097399956e-02
-8.499464132886720702e-02
-8.294535093103197476e-02
-8.464083505337825775e-02
-8.806963538362963528e-02
-8.341963051201660428e-02
-8.081705530171695573e-02
-7.896245559598925878e-02
-9.324861544745341457e-02
-8.292792142121090115e-02
-7.912731051996699239e-02
-7.686230887741668516e-02
-7.810902774345272748e-02
-7.574101006831317207e-02
-7.423926955495421809e-02
-7.308822777969478657e-02
-7.213328224396356458e-02
-7.213328224396356458e-02
-7.412240444399510741e-02
-7.417052313663603791e-02
-7.259594913920397463e-02
-7.074883760086859985e-02
-6.976572092672461700e-02
-7.350234772384496573e-02
-7.333647836373223539e-02
-7.073764722860316490e-02
-6.933015906256741190e-02
-6.836280250098356048e-02
-7.121654981838455856e-02
-6.905272787463141715e-02
-6.786583540571834716e-02
-6.702606259363849683e-02
-6.636903937218553706e-02
-1.045887450619849091e+01
-8.653665456085930796e-02
-7.648777734661629801e-02
-7.516442730990526011e-02
-7.167515123354004092e-02
-6.960429915697764758e-02
-8.187575135047778230e-02
-7.362339987519271600e-02
-7.044960583946024979e-02
-7.850841173239023196e-02
-8.994784662494753613e-02
-7.727088328138542739e-02
-7.267946463278070202e-02
-7.009171747235727612e-02
-6.835451414276401405e-02
-6.969034622882745722e-02
-7.821929699766386190e-02
-7.130113630818613046e-02
-6.855213235202492483e-02
-6.690731191269159994e-02
-6.574647257930896216e-02
-7.124585133998442843e-02
-8.140271689449177228e-02
-7.294445418688999538e-02
-7.708719227831979659e-02
-8.206717367972597710e-02
-8.007508167117151354e-02
-7.218884889055464382e-02
-6.898641014314274567e-02
-1.046022672220519212e+01
-8.703307747855580645e-02
-7.459105786004080474e-02
-7.020481458644656225e-02
-6.776319145893955342e-02
-7.277465992012745188e-02
-7.303302985385819179e-02
-6.906070131195359008e-02
-7.059184447417747588e-02
-1.206984155716333973e+01
-8.038422266090326784e-02
-7.641548109075085859e-02
-7.109410961168355358e-02
-6.823689360314569297e-02
-6.636503313418290473e-02
-6.500464420631077433e-02
-6.702553305455968835e-02
-6.575132389867596738e-02
-6.781506285272337342e-02
-6.497053714548003955e-02
-6.343951421099447430e-02
-6.497059307537404738e-02
-6.294776225889346655e-02
-7.101188917993693506e-02
-6.991104702620117017e-02
-7.052570524446676037e-02
-6.584875168023393566e-02
-7.627516901186465192e-02
-6.767937464125732550e-02
-6.462525748848133023e-02
-6.550320495955172517e-02
-6.300703746598819432e-02
-6.490877627371412217e-02
-7.046485608786762223e-02
-6.822005242117915036e-02
-6.766472669903580983e-02
-6.420844441484693799e-02
-6.828197041300707038e-02
-6.356854219521615446e-02
-9.645804426766762418e+00
-8.582336538892813838e-02
-7.416181808741319215e-02
-7.074429006245255835e-02
-7.177038920146357193e-02
-6.701793132602108793e-02
-6.457591274727231268e-02
-6.869733946237638333e-02
-6.392751036695318301e-02
-6.571801179559180750e-02
-6.246823345182456882e-02
-6.108956027135637595e-02
-6.018852485198336599e-02
-5.950292208708452685e-02
-5.894577016288433946e-02
-5.847642374613214872e-02
-6.665346541867235575e-02
-1.335546110514954066e+01
-7.413304093495969027e-02
-6.734244739855220485e-02
-6.419325580521989538e-02
-6.231300516040978732e-02
-6.103949038041200231e-02
-6.374941230663609681e-02
-6.154086886652074262e-02
-6.030563771443995386e-02
-7.444690588381285001e-02
-6.635046984728772135e-02
-6.328329367583361564e-02
-6.156219918189307500e-02
-6.814331463955491941e-02
-6.696456090973738895e-02
-6.341887860198033855e-02
-6.480229317886476714e-02
-6.361743104448848440e-02
-6.143563971445538396e-02
-6.537035321075844452e-02
-6.250509831061247523e-02
-7.808932167934731772e-02
-7.058538976428310741e-02
-6.996885441863316679e-02
-6.773518941512457481e-02
-6.433510709570708364e-02
-6.837742671282326379e-02
-6.426666435449056303e-02
-6.225927378953424740e-02
-6.095521371605616689e-02
-6.000029232332138723e-02
-6.516991163392613085e-02
-6.171465997914173801e-02
-6.328001642023486917e-02
-6.070331870378444655e-02
-5.944183905095454939e-02
-6.124603094042317675e-02
-5.915871513128692638e-02
-1.274103702367622049e+01
-8.294301818635904655e-02
-7.422319690995189678e-02
-1.426742227977170074e+01
-8.154557042020421642e-02
-7.161994265549180561e-02
-6.715910608922760761e-02
-7.265852441754738766e-02
-6.644292303214009709e-02
-6.380868572291284457e-02
-6.215649775267065302e-02
-6.544389113742039854e-02
-6.241324742174764184e-02
-6.086986975283045082e-02
-5.983001452313956026e-02
-5.904481332113881153e-02
-6.896657071303129161e-02
-6.665789002425956400e-02
-6.270093767720230638e-02
-6.078460218189156439e-02
-5.956730068464555911e-02
-5.869401411696501675e-02
-5.802133934592421799e-02
-1.532083583268445715e+01
-8.153125328196510202e-02
-7.343703120270445028e-02
-6.724280389968571858e-02
-6.410493197527804277e-02
-6.213678094354449510e-02
-6.075943196086674297e-02
-5.972883580619958027e-02
-6.454459950871510587e-02
-6.086195257579221640e-02
-7.079469164188192942e-02
-6.615296151967889338e-02
-6.630433576992977862e-02
-6.298489639896184822e-02
-6.300205844969659907e-02
-6.085639610431686775e-02
-5.954556008230192654e-02
-5.861509980956969290e-02
-6.651623103945952797e-02
-6.105544896325689613e-02
-6.164255489281133399e-02
-5.929468733525462137e-02
-5.815282101455425401e-02
-5.739373885419675470e-02
-6.469000719414021161e-02
-6.366739681797271844e-02
-1.579825414043344090e+01
-8.304635609704243138e-02
-7.217455632209861249e-02
-7.454364551743801470e-02
-6.829184067178872830e-02
-6.506168098827046220e-02
-6.570733720807780953e-02
-6.284904352638377711e-02
-6.123852071278976239e-02
-6.010172254840998735e-02
-1.654926734009990241e+01
-8.660314468631048757e-02
-7.088819767805924765e-02
-7.112175684652931318e-02
-6.574813053724858081e-02
-6.306778409701400967e-02
-6.800246958972303024e-02
-6.313486759673252180e-02
-6.114310655123984112e-02
-5.989800214268214962e-02
-6.572296637231807293e-02
-6.161605060003037815e-02
-5.989533392407428436e-02
-5.883348338178874537e-02
-5.806902900167906778e-02
-5.747844177148862810e-02
-5.699575741364085180e-02
-5.658733867213024821e-02
-5.623310616106521470e-02
-5.592053333645662094e-02
-5.564105444035252757e-02
-5.538839628317144409e-02
-5.515799601650606121e-02
-6.845934755829566343e-02
-6.466569097918418996e-02
-6.356241265542349195e-02
-6.540725915374438759e-02
-6.129776402786266121e-02
-5.928581098913120184e-02
-7.383915417883978038e-02
-7.783446283879338901e-02
-7.073505582827045723e-02
-8.694202500871163475e-02
-7.090778811473422150e-02
-6.578926880495308827e-02
-6.614267326280173775e-02
-6.540911260725999765e-02
-6.178016876710537564e-02
-5.982046851271682897e-02
-6.165066561943483708e-02
-5.942135314316689815e-02
-5.824119173756926032e-02
-5.937273485947570928e-02
-5.762513328960056080e-02
-5.679359596919403286e-02
-5.622327680892771906e-02
-5.578165010934819923e-02
-5.541606691404657448e-02
-5.936576080281517204e-02
-1.305931019747489152e+01
-7.379621341990125205e-02
-6.572301382333682607e-02
-6.227018308483503461e-02
-8.099124432700982590e-02
-6.733755703243091140e-02
-6.319908755651899857e-02
-6.098493408904137603e-02
-6.167298457234213910e-02
-6.314101234785002292e-02
-6.865193353790605135e-02
-6.332917323570007306e-02
-6.367012885441422632e-02
-6.062505428006429581e-02
-5.909036361636546553e-02
-6.895488482426484489e-02
-1.390123975524706701e+01
-1.279485014660954878e-01
-8.868571791781132418e-02
-7.698653742592762028e-02
-7.461963179546374225e-02
-6.906889909645785863e-02
-6.604026819974069540e-02
-6.396210958937834090e-02
-6.764274578438071728e-02
-7.436210818687354063e-02
-6.700537767524683552e-02
-6.397288883061043319e-02
-6.210371863692135813e-02
-6.077261659822875278e-02
-5.974919786236806973e-02
-6.055129916905637594e-02
-6.438830246383922540e-02
-6.123886560454665229e-02
-1.355822615088034055e+01
-1.318345855895067253e-01
-9.127421327723431177e-02
-8.375061191894656032e-02
-7.466917438041717481e-02
-7.001278493662972668e-02
-6.699898061325793019e-02
-6.484914673251607198e-02
-6.322073979344747241e-02
-6.193664642634664347e-02
-6.090279651364643304e-02
-6.004264386076387655e-02
-5.931040941263529542e-02
-5.867713044524635463e-02
-5.812226004634695603e-02
-5.763075244105537315e-02
-5.719273577944132547e-02
-6.233322565569567042e-02
-5.908550908201035123e-02
-5.785197833798812195e-02
-5.862763817448147369e-02
-5.725335754799314170e-02
-5.649442452547423499e-02
-5.649442452547423499e-02
-5.597933321388556815e-02
-1.212306143286182980e+01
-6.739663260865669248e-02
-7.965049503626542293e-02
-7.489028861073594723e-02
-6.641589557922443487e-02
-6.532513667209020880e-02
-6.227446695638484686e-02
-1.318118753921658204e+01
-8.195640516158396449e-02
-8.427193016945973281e-02
-7.398588243172404821e-02
-6.902859741399652860e-02
-6.597293640161840111e-02
-6.385244651508976965e-02
-6.367032174480335982e-02
-6.190370903860611951e-02
-6.066636531233587232e-02
-5.970525953654103740e-02
-6.124496947502219152e-02
-6.142899281072691092e-02
-5.967233960031696066e-02
-7.021784963567866134e-02
-6.678674843029250296e-02
-7.108514111888410147e-02
-6.849311032111315978e-02
-6.424804540081041626e-02
-6.356211676670191213e-02
-6.136007511106982698e-02
-1.354503666355819114e+01
-9.238730578524897985e-02
-7.639561044129214440e-02
-6.992187698224583414e-02
-7.349727768106434356e-02
-6.831438563372356498e-02
-6.535770902167031826e-02
-6.335313343207564507e-02
-6.369697251850679753e-02
-6.184013011190292453e-02
-6.607372791366138143e-02
-7.478486057479896698e-02
-6.640190818090675740e-02
-6.645221159559645818e-02
-1.285816446587170958e+01
-8.428853695908379573e-02
-7.333185645922454809e-02
-6.834207936829657382e-02
-6.537744796660568958e-02
-6.336614875779431055e-02
-6.865611908951253783e-02
-1.253197249991694129e+01
-7.874200207749126879e-02
-7.020993659232199757e-02
-6.629551947576180215e-02
-6.391073815474614117e-02
-6.225365363423611409e-02
-6.432986743937062213e-02
-6.351837525755281433e-02
-6.136811187396550016e-02
-6.008006966752411915e-02
-5.915071043363476916e-02
-5.841881769084194403e-02
-6.228864753614780231e-02
-5.988124065971468096e-02
-5.865105390242372069e-02
-5.782745326854733803e-02
-5.720344625786293741e-02
-5.810679899815256871e-02
-6.586098630517991936e-02
-6.133433796719622855e-02
-5.931313940673581253e-02
-5.809518452385566828e-02
-6.374791503812958504e-02
-6.027659755007139936e-02
-5.861919561475192192e-02
-5.757159860634305376e-02
-5.683345706976290768e-02
-5.624823089987269348e-02
-5.577978791785636464e-02
-5.538612203249990845e-02
-6.312500890958391842e-02
-6.677635749229360318e-02
-6.046653495172513160e-02
-6.832255393565717094e-02
-6.163116184502928641e-02
-5.913754610428804959e-02
-6.153675931469912430e-02
-6.113519258899387937e-02
-5.847304006287377953e-02
-5.712366770454180287e-02
-5.623128290714218130e-02
-5.929023499148863147e-02
-6.755433826407217235e-02
-1.256981630845788800e+01
-9.549866164904806387e-02
-8.218988483481297347e-02
-8.466038659320210269e-02
-7.365740740097387329e-02
-6.854144873394686643e-02
-6.540565448350242617e-02
-6.323338038228085156e-02
-6.338693698193677284e-02
-6.137786135283077038e-02
-6.004199030313694951e-02
-5.902316057171472924e-02
-5.820920838175831780e-02
-1.359355380004840086e+01
-1.259550798446861819e+01
-1.290928924545218515e-01
-1.005874158896163939e-01
-8.749418846781294168e-02
-7.990923397315181920e-02
-7.493318663027750959e-02
-7.140214407936879004e-02
-6.875656954778047725e-02
-6.669409109349846987e-02
-6.720543879492578421e-02
-6.474779388840827543e-02
-6.628101646934271562e-02
-6.384286984731651904e-02
-1.608795189087176780e+01
-4.008277879703345259e-01
-2.160612725953871549e-01
-1.643884615341948408e-01
-1.349734985745616178e-01
-1.231722516702129372e-01
-1.116325207024394806e-01
-1.016463121005921344e-01
-9.474378932938021247e-02
-1.015231497129634453e-01
-9.167686354180618058e-02
-8.629638517353611926e-02
-1.073618569843128728e-01
-9.163497178969202961e-02
-8.500072959056560740e-02
-8.085672233427071420e-02
-7.785440611249717924e-02
-7.550397172202484575e-02
-8.349907587808433340e-02
-8.554236366539300085e-02
-7.914650172820357488e-02
-7.884768879233894356e-02
-8.471944285119115126e-02
-7.832695136889052112e-02
-7.476444565409040566e-02
-7.232696180665393326e-02
-7.405215552331528839e-02
-7.531572091544842806e-02
-7.141511136854196418e-02
-6.926079519445847710e-02
-7.058531285973224101e-02
-6.769251366143567983e-02
-6.620426047267942427e-02
-1.331345129057154786e+01
-1.081208183766717013e-01
-1.154784757098525638e+01
-9.629853734988065572e-02
-8.467561273707389924e-02
-7.861283775516342276e-02
-8.060353597559208327e-02
-7.557987220402885564e-02
-7.599146601278065905e-02
-7.636123736706537657e-02
-7.168519233624562337e-02
-6.929661361864324076e-02
-7.432368509697960535e-02
-6.929402461457635776e-02
-6.709095585166062470e-02
-6.562625908144480158e-02
-6.450554274194082727e-02
-6.358819328495916856e-02
-6.280744127131410171e-02
-6.596767175889738100e-02
-6.301692130063989150e-02
-6.187157763726967158e-02
-6.110236543506254725e-02
-7.670176000087593204e-02
-6.707759358712805930e-02
-6.396571112684602822e-02
-6.228477816575363202e-02
-6.299030063965008197e-02
-6.134491236903064776e-02
-6.036934896320069605e-02
-5.965246767879692907e-02
-5.907784651801276099e-02
-7.586784806032889628e-02
-6.599948785076845126e-02
-6.278683375420882062e-02
-6.110905652996358184e-02
-6.001019065279034059e-02
-5.920654766829552829e-02
-5.857656169496590348e-02
-5.805878871718547080e-02
-5.761869651147653176e-02
-6.677206160214549380e-02
-6.134985322144780040e-02
-5.947034604872750846e-02
-6.564354006317357770e-02
-6.191968974374097850e-02
-6.289958036440379541e-02
-6.229909226821367385e-02
-6.029400396277811297e-02
-5.910983944051067390e-02
-5.827843141732494403e-02
-5.764272741752501927e-02
-6.227179323879323408e-02
-5.857418018797365400e-02
