1.565645916460000064e-01
1.546047922480000003e-01
1.537888035770000050e-01
1.496049742710000019e-01
1.553985328499999929e-01
1.495057162289999964e-01
1.471969339199999949e-01
1.514053495650000136e-01
1.453829746380000121e-01
1.426609654340000033e-01
1.407821986199999931e-01
1.397096655099999973e-01
1.445436641129999866e-01
1.387405976230000060e-01
2.485416197579999875e-01
2.531872283919999744e-01
2.180942171399999907e-01
1.949808889050000105e-01
1.763215709379999940e-01
1.658473631219999911e-01
1.986096778370000093e-01
1.753919492550000125e-01
1.606956110659999992e-01
1.526143270570000099e-01
1.468809670740000017e-01
1.425173057209999927e-01
1.391275427010000010e-01
1.363230820730000070e-01
1.339395590559999960e-01
1.320238929570000108e-01
1.697243140080000046e-01
1.581532688729999914e-01
1.480331747080000093e-01
1.431105660579999883e-01
1.391552830470000057e-01
1.630029995229999862e-01
1.600782488639999890e-01
1.477613532800000073e-01
1.385224270640000033e-01
1.358811282780000018e-01
1.308623130909999932e-01
1.314968577769999869e-01
1.514621818319999980e-01
1.387218131490000061e-01
1.329678937940000083e-01
1.339460658180000041e-01
1.317418886479999884e-01
1.266039893270000105e-01
1.321112957739999927e-01
1.445278046500000080e-01
1.294360357409999884e-01
1.254754671119999998e-01
1.223204680050000021e-01
1.207560646549999950e-01
1.198933567850000020e-01
1.278857329130000109e-01
1.223145701320000056e-01
1.198001595729999980e-01
1.192917144489999970e-01
1.339208607469999923e-01
1.246674072959999963e-01
1.607633119649999887e-01
1.433442792029999968e-01
1.341418008939999906e-01
1.288811620850000006e-01
1.961137855099999994e-01
1.643342958819999922e-01
1.455364103000000020e-01
1.370787204560000028e-01
1.306959237870000123e-01
1.283454540139999933e-01
1.243079739079999968e-01
1.221504728499999970e-01
1.221294244159999987e-01
1.199722390919999992e-01
1.199992071170000035e-01
1.165526414159999968e-01
1.243235695340000058e-01
1.332668485290000038e-01
1.298510596599999900e-01
1.233439291060000054e-01
1.172832505240000017e-01
1.504399477039999877e-01
1.312648625160000027e-01
1.252657218550000118e-01
1.213835975939999978e-01
1.268858705719999869e-01
1.202622313710000057e-01
1.166165347099999972e-01
1.159911669779999932e-01
1.132669014530000018e-01
1.146115297889999940e-01
1.203576885000000041e-01
1.148796582469999994e-01
1.107926545769999938e-01
1.090322149939999957e-01
1.145337770999999977e-01
1.183190220709999935e-01
1.116531960029999992e-01
1.097399475579999978e-01
1.212404634369999984e-01
1.303156250839999919e-01
2.142133926700000024e-01
1.616000533220000035e-01
1.413643870390000057e-01
1.304009857210000067e-01
1.706419443169999994e-01
1.426265251259999922e-01
1.302149955909999990e-01
1.468727564990000012e-01
1.310107789649999910e-01
1.235584444469999960e-01
1.284385982319999897e-01
1.261784190499999903e-01
1.471288630339999959e-01
1.361769082169999867e-01
1.239708474189999965e-01
1.171094127620000008e-01
1.128351077340000036e-01
1.233160587399999980e-01
1.200993416819999965e-01
1.269782926659999978e-01
1.172436779469999968e-01
1.238894122279999982e-01
1.303843331160000063e-01
1.200260962000000015e-01
1.132897317419999939e-01
1.096221951920000048e-01
1.071329919109999945e-01
1.052549503609999937e-01
1.174119615129999988e-01
1.137254395260000051e-01
1.110670313499999978e-01
1.274711581740000099e-01
1.572856306129999937e-01
1.376016620080000030e-01
1.262046493779999945e-01
1.220617766899999984e-01
1.159552170970000046e-01
1.218944608340000041e-01
1.147736753470000037e-01
1.107897802210000004e-01
1.080100394049999940e-01
1.058730260809999935e-01
1.427844544390000081e-01
1.399248734240000069e-01
1.216292725280000014e-01
1.134203479110000023e-01
1.106308558889999988e-01
1.093319451060000003e-01
1.052510211199999962e-01
1.030148323859999965e-01
1.035098521939999960e-01
1.086130683930000007e-01
1.040564246130000065e-01
1.013863192270000047e-01
9.912622098659999714e-02
9.812198256800000462e-02
9.987968173160000074e-02
1.218263919489999958e-01
1.073068396730000040e-01
1.017690815280000022e-01
1.015229270759999969e-01
9.847355695539999898e-02
9.662069697439999716e-02
1.038955992589999933e-01
1.275505720410000099e-01
1.061114523799999987e-01
1.000293600990000004e-01
9.710093922760000551e-02
9.591925545420000587e-02
2.931109422679999965e-01
1.911312198100000026e-01
2.044516931900000056e-01
1.621156490589999999e-01
1.440532226790000037e-01
1.579523100180000028e-01
1.465722027930000115e-01
1.357110200830000113e-01
1.282196197899999890e-01
1.207788817630000011e-01
1.158376444219999940e-01
1.428090961909999901e-01
1.277194438960000122e-01
1.338162891670000021e-01
1.218628584589999952e-01
1.212074391219999936e-01
1.151593865729999971e-01
1.136881089300000036e-01
1.086128814959999994e-01
1.056106669389999947e-01
1.060774934979999973e-01
1.059981081740000025e-01
1.027043892219999949e-01
1.006016929519999992e-01
9.899366668079999376e-02
1.085876221020000004e-01
1.063662328749999941e-01
1.061634173240000034e-01
1.015898442759999992e-01
9.859185471999999673e-02
1.015852815709999968e-01
1.046717701120000038e-01
1.012758784899999986e-01
9.754139573429999877e-02
1.037276057329999945e-01
9.763081952669999675e-02
1.012509057490000031e-01
9.771888148519999873e-02
1.092397406920000008e-01
1.091459320010000067e-01
1.016437062969999944e-01
1.521094885879999969e-01
1.200150632269999934e-01
1.085119096990000004e-01
1.026773113810000027e-01
9.897716377210000194e-02
1.089455724650000012e-01
1.011941739440000015e-01
9.753248656540000616e-02
9.767933828439999411e-02
1.092606776319999945e-01
1.110937723540000033e-01
1.222443278680000051e-01
1.086882606599999940e-01
1.483306187890000016e-01
1.169089022929999944e-01
1.142371447000000012e-01
1.179959078399999972e-01
1.454666479349999986e-01
1.309457061719999926e-01
1.165129612139999965e-01
1.083762104849999991e-01
1.127106922100000047e-01
1.070815042239999931e-01
1.167242562109999937e-01
1.045867763470000045e-01
9.938571552210000160e-02
1.190426138550000068e-01
1.059441932269999942e-01
9.916650004509999783e-02
9.550074739729999540e-02
9.328852189630000569e-02
9.163917751580000215e-02
9.419077782769999518e-02
1.535859428749999922e-01
1.163401288950000056e-01
1.186175800800000069e-01
1.063988358390000055e-01
9.946262437720000682e-02
9.558942035219999966e-02
1.006498779470000049e-01
1.006792403709999978e-01
1.202811436000000012e-01
1.071643969570000021e-01
1.049514158609999998e-01
9.665568895470000310e-02
1.129883824379999957e-01
1.085662286689999950e-01
1.159885562989999980e-01
1.106109402699999994e-01
1.057792371390000041e-01
1.049416949749999994e-01
1.072925722440000035e-01
1.057435192069999946e-01
1.018581102729999993e-01
8.766564905160000032e-02
8.921174249150000402e-02
8.665032746659999396e-02
1.308764407640000127e-01
1.187048649459999938e-01
1.005177924450000038e-01
9.354629659400000297e-02
8.973092122480000321e-02
8.723762724349999609e-02
9.039245597059999970e-02
8.808272765609999333e-02
8.507113529939999697e-02
8.596570556249999440e-02
8.751804862299999987e-02
8.436158944280000571e-02
8.277270471080000469e-02
1.244573024900000047e-01
1.040130031159999940e-01
1.055952041329999980e-01
9.517758365410000643e-02
9.069638950819999823e-02
1.054404645770000010e-01
9.507537443260000165e-02
9.053303629749999415e-02
9.684745880240000493e-02
9.274010565819999774e-02
8.977147452710000641e-02
8.735759164600000182e-02
8.565484646340000563e-02
9.077389439930000359e-02
8.642772842420000379e-02
8.446689405460000577e-02
8.761122847619999543e-02
8.698659754290000157e-02
8.374432722470000201e-02
8.232836252080000250e-02
8.890261760730000518e-02
8.875070980900000295e-02
8.402584147250000135e-02
8.780762704439999677e-02
8.744610381860000448e-02
9.555239859019999671e-02
8.687382232220000611e-02
9.192877074510000246e-02
9.127371191090000169e-02
8.653535927739999800e-02
8.394017719230000008e-02
8.831871359579999969e-02
1.024452714210000032e-01
9.141583395949999524e-02
8.702695865810000653e-02
8.629546223339999711e-02
8.851530839110000048e-02
9.160658879149999323e-02
8.968710156659999433e-02
8.881584728159999664e-02
8.447501877429999806e-02
8.359346857079999471e-02
8.161778927530000116e-02
8.928959983169999781e-02
8.594875357900000346e-02
8.236712698739999394e-02
8.770295780039999434e-02
8.507500459960000427e-02
8.142430390160000642e-02
8.311766213299999484e-02
7.963509014309999579e-02
7.790781359039999909e-02
7.677433145659999514e-02
7.613773142660000548e-02
7.560307147759999513e-02
7.515926955389999609e-02
7.477714730409999733e-02
7.443535572060000494e-02
7.413383018249999901e-02
7.951603841899999858e-02
8.088213827100000641e-02
1.195795867359999987e-01
9.666735676920000520e-02
8.784265279059999543e-02
8.697820516069999786e-02
8.277743151560000567e-02
8.046578089969999570e-02
8.632861950969999976e-02
8.143624927150000525e-02
1.058827207649999935e-01
9.409742655580000115e-02
8.636071029500000384e-02
8.701734249879999883e-02
8.922000283280000221e-02
8.318511426249999841e-02
8.034688402829999465e-02
1.100062119289999946e-01
9.839738193130000143e-02
9.275902203319999484e-02
1.338904274130000016e-01
1.102846965620000036e-01
9.987890849210000199e-02
9.384259032670000389e-02
9.414827516779999961e-02
1.278876099150000056e-01
1.034364117369999947e-01
9.848797362340000472e-02
9.220580085219999555e-02
8.849822486859999782e-02
8.589504555019999987e-02
8.394239868099999391e-02
8.239359279300000061e-02
8.111907162280000694e-02
8.004035046549999588e-02
7.911052202139999545e-02
7.913526004599999442e-02
1.059207735780000048e-01
1.124002083990000012e-01
1.000632125689999985e-01
9.112731373349999831e-02
9.231971593320000002e-02
8.595941435840000200e-02
8.286675397140000343e-02
8.079660510529999840e-02
8.119614057790000561e-02
9.083817353150000495e-02
8.336525454700000060e-02
8.040043570190000266e-02
8.357164982220000038e-02
1.002551415790000067e-01
9.041901610319999505e-02
8.710139866070000514e-02
8.573621529109999584e-02
8.409658421689999996e-02
1.157799555189999996e-01
9.882690367099999929e-02
9.133723364040000070e-02
8.697476251749999832e-02
8.614137503570000465e-02
8.294660168240000631e-02
1.012288687019999994e-01
9.124022793239999762e-02
8.512697544460000321e-02
8.208614939889999351e-02
8.633252140540000064e-02
8.173231486960000347e-02
7.942533070229999825e-02
8.546654180300000681e-02
1.123131197490000038e-01
9.479724979509999983e-02
1.126179026550000045e-01
9.455177114370000302e-02
9.258382784209999439e-02
1.075745264769999987e-01
9.489872437410000472e-02
8.999038715300000657e-02
8.439795240149999822e-02
8.164310168190000438e-02
8.093769993570000543e-02
8.175549517039999714e-02
1.921884734469999911e-01
1.410970176399999887e-01
1.201135817530000066e-01
1.138687324640000054e-01
1.040285103960000013e-01
1.205345273650000049e-01
1.051228526430000032e-01
9.814238491700000289e-02
9.497710497309999611e-02
9.380864209040000457e-02
8.901130849780000687e-02
8.639066467830000540e-02
8.971050935320000475e-02
8.532354338689999984e-02
8.319927757129999546e-02
8.296852376629999803e-02
8.213776894429999920e-02
7.985871819409999517e-02
8.876492095999999332e-02
8.705981642670000686e-02
8.319040652749999654e-02
8.048570702410000333e-02
8.219563516489999944e-02
9.665199031519999817e-02
8.535113178900000097e-02
9.111413693719999651e-02
8.720755105720000289e-02
8.351115341879999932e-02
8.047212205010000063e-02
7.879999273309999663e-02
7.756702497230000271e-02
7.658427217360000427e-02
7.577001341550000657e-02
7.833452936000000200e-02
7.634374714750000179e-02
7.524880046769999442e-02
7.744267531310000674e-02
7.426143930070000510e-02
7.340761970219999988e-02
7.287775224579999545e-02
7.244602412330000685e-02
7.207633587639999950e-02
7.725831983769999856e-02
7.422353467669999538e-02
7.296125658060000074e-02
7.218704377350000645e-02
7.239887774370000473e-02
7.135503618510000146e-02
7.082722016780000629e-02
7.047244105689999538e-02
7.017217451450000198e-02
6.990382530810000661e-02
6.975816756670000229e-02
6.952437308740000432e-02
7.581696542339999567e-02
7.267645488820000110e-02
7.129530614659999876e-02
7.236279907319999316e-02
7.099520668769999932e-02
7.021911782829999560e-02
7.228004655599999662e-02
7.057419951860000040e-02
6.976370976170000182e-02
6.922934688800000402e-02
1.029986457749999945e-01
8.626444733070000315e-02
7.896257048259999745e-02
7.556734506680000407e-02
8.398716702219999330e-02
7.754712134760000097e-02
7.474358324469999870e-02
8.349073425149999839e-02
7.718609928259999309e-02
7.737659879819999698e-02
7.424663079729999782e-02
7.250372111689999677e-02
7.339326285479999545e-02
7.161504256419999603e-02
7.054162098539999703e-02
7.163734953269999817e-02
7.154053422799999673e-02
7.005481666839999400e-02
6.918700357069999807e-02
9.306699825479999855e-02
8.235168359010000549e-02
7.696363166340000617e-02
7.411390177910000265e-02
7.231974624369999494e-02
7.104882844849999546e-02
8.058066790869999885e-02
7.495531738550000045e-02
7.857356726040000405e-02
7.710217878639999411e-02
7.461169118919999677e-02
7.231380831450000268e-02
7.295919149309999796e-02
7.098068395980000611e-02
7.584715206820000222e-02
7.180308482689999605e-02
7.020343369220000129e-02
6.922748988339999521e-02
6.852275337560000124e-02
6.797033769089999566e-02
6.751471972330000404e-02
6.981077535040000615e-02
6.844213307339999663e-02
7.062645077309999408e-02
7.032001111049999975e-02
6.860896889049999947e-02
7.653847597149999737e-01
4.678287945469999931e-01
3.135419787570000172e-01
2.511488826200000135e-01
2.074146525979999878e-01
1.803102892760000131e-01
1.615753891099999950e-01
1.503442509460000132e-01
1.387646416270000016e-01
1.202687038429999938e-01
1.145576705100000009e-01
1.138315754700000015e-01
1.425621429220000069e-01
1.328963391019999940e-01
1.174643692309999959e-01
1.184051472259999988e-01
1.283730924750000058e-01
1.195438634560000019e-01
1.091573319879999976e-01
1.032787855650000031e-01
9.913371500119999569e-02
1.130513423880000062e-01
1.023884586180000000e-01
9.745088850659999746e-02
9.424499434770000628e-02
9.181366637299999411e-02
8.983334449350000028e-02
8.815219809429999942e-02
8.668679206000000359e-02
8.538772535779999562e-02
8.795488356920000417e-02
8.932129333110000458e-02
8.595867027999999632e-02
8.723968497310000125e-02
8.358469332010000363e-02
9.022771936699999773e-02
8.818706564580000573e-02
8.416121125000000647e-02
8.182706853570000105e-02
8.022253122120000246e-02
7.898934890099999773e-02
7.796482870500000273e-02
8.882605653559999537e-02
8.774921843440000591e-02
8.478518607530000084e-02
8.073255662660000498e-02
8.128215079009999677e-02
8.015617629919999376e-02
8.217005312500000325e-02
7.826088292079999564e-02
8.299931487849999956e-02
8.162236205820000423e-02
7.766390467200000314e-02
8.205940796930000225e-02
7.836044088339999547e-02
8.140753011369999959e-02
7.721404318070000661e-02
7.509196400949999517e-02
7.382184682119999342e-02
8.040793260030000555e-02
8.401685010609999393e-02
7.725685340269999868e-02
7.476964339409999938e-02
7.337274089400000476e-02
1.070609513650000039e-01
8.761319871509999635e-02
8.311549888230000682e-02
7.891343639499999452e-02
7.894746673980000684e-02
8.233370256579999880e-02
9.455420585269999623e-02
8.848061306049999353e-02
8.136663429790000346e-02
7.805727468369999533e-02
7.598599070879999418e-02
1.183606982250000050e-01
9.223843340979999417e-02
8.405958482139999632e-02
8.244714824469999426e-02
8.258821880290000139e-02
7.678885414349999328e-02
7.456596681539999494e-02
9.730291024150000689e-02
8.552525541119999908e-02
8.049264740690000031e-02
8.227766788000000220e-02
8.896987358100000298e-02
8.505737262620000072e-02
8.745222210920000627e-02
8.053639502340000089e-02
8.707622781809999657e-02
7.901919339519999919e-02
7.545242583670000447e-02
7.332015887659999731e-02
7.197089453350000166e-02
8.115941603519999381e-02
7.551889584290000235e-02
7.740474823380000258e-02
8.352855194279999729e-02
9.578716891340000039e-02
8.347216050519999653e-02
8.073152149310000580e-02
7.690387582490000595e-02
7.457604555209999819e-02
8.269361293150000181e-02
7.672443554690000500e-02
7.409870873759999421e-02
8.468736931470000062e-02
8.325024354559999729e-02
7.820851201440000289e-02
7.799078746019999508e-02
8.186349635959999649e-02
7.630242436400000439e-02
7.386048881460000048e-02
7.234447243460000176e-02
7.123931736560000505e-02
8.577824342489999421e-02
7.483581592709999397e-02
9.597810201299999955e-02
8.227792273969999903e-02
7.635595123900000558e-02
7.805068515280000341e-02
8.793511778700000003e-02
8.539805341509999759e-02
7.828151423250000185e-02
7.509964974589999898e-02
7.308854696680000540e-02
7.409822355459999565e-02
7.197408870459999497e-02
7.066397000549999585e-02
6.971113252530000692e-02
8.683627589209999553e-02
7.900458832130000109e-02
8.366800626459999779e-02
8.117894232630000484e-02
7.623433089099999893e-02
7.374408161390000327e-02
7.209802180869999411e-02
7.087100708160000428e-02
1.444710805099999884e-01
1.143812128760000046e-01
9.951306953050000070e-02
9.485580306789999361e-02
9.510652381089999829e-02
8.682005347689999986e-02
8.827658479479999487e-02
1.233350341089999996e-01
1.088061579660000028e-01
9.632615641819999852e-02
8.946679601000000204e-02
9.971024555219999697e-02
8.850277449620000403e-02
8.356592780679999999e-02
8.039325672029999648e-02
7.806726432579999542e-02
7.624337702819999896e-02
8.474496619589999558e-02
8.335379241809999507e-02
7.766863820340000335e-02
7.599673200470000167e-02
7.423020444960000408e-02
7.198725440000000586e-02
7.063884587990000574e-02
7.838993200459999644e-02
7.376284518419999603e-02
7.161876467790000145e-02
7.029069019649999972e-02
6.932755183869999949e-02
6.856175615039999949e-02
6.792272862970000213e-02
6.737245506609999823e-02
6.688745235800000466e-02
7.542451534140000302e-02
7.014172235000000477e-02
6.825893374399999436e-02
1.023278380649999958e-01
8.652776725529999491e-02
1.282739522130000032e-01
9.978026641850000489e-02
9.393114071529999609e-02
9.148659309100000414e-02
8.682691535320000153e-02
8.742490651829999682e-02
9.007736484629999540e-02
8.153067480469999850e-02
7.786337109060000039e-02
7.549530374500000585e-02
7.375033288650000018e-02
7.578589909659999568e-02
7.329826315619999977e-02
7.512092251660000553e-02
7.187618220949999748e-02
7.050570956170000569e-02
6.954437503509999785e-02
7.049718093380000217e-02
6.301975184539999608e-01
3.206192505739999810e-01
2.380001544660000079e-01
2.221199983609999928e-01
1.753315091769999945e-01
1.569503834340000015e-01
1.384365045350000045e-01
1.391199895759999972e-01
1.255315002519999945e-01
1.156739200250000016e-01
1.104893609409999949e-01
1.048850392159999950e-01
1.244569601840000012e-01
1.096546044009999998e-01
1.026065273500000041e-01
1.017127935010000012e-01
9.944964736439999842e-02
9.448623711289999560e-02
9.073941203929999921e-02
1.334148788819999876e-01
1.104069109159999951e-01
1.071449163429999962e-01
9.825846262199999792e-02
9.640863634519999947e-02
9.135866187570000629e-02
8.832503827689999754e-02
8.603480892199999452e-02
8.976866458649999936e-02
8.569749527200000438e-02
8.332893209309999438e-02
1.875406178100000043e-01
1.337987543489999875e-01
1.185765877949999936e-01
1.173776173139999962e-01
1.058801003579999955e-01
9.759602246840000384e-02
9.290464287499999863e-02
1.099039099300000016e-01
1.121455500199999983e-01
9.900346229860000624e-02
9.676445982999999640e-02
9.153880990490000091e-02
8.812891694549999932e-02
1.075246007709999979e-01
1.002479896129999937e-01
9.415523659669999823e-02
8.932834957000000686e-02
8.612671772140000070e-02
8.381936736039999336e-02
8.373050024559999804e-02
8.099007927949999908e-02
7.989434967429999424e-02
7.863216521900000255e-02
7.763416235240000463e-02
9.311512407119999779e-02
8.446474286390000252e-02
2.901327155749999775e-01
1.979430030830000020e-01
1.669564789369999969e-01
1.429116870669999984e-01
1.283545018739999932e-01
1.184234149310000039e-01
1.111607624280000067e-01
1.293827022800000115e-01
1.258072425669999883e-01
1.126263714369999946e-01
1.117438115400000015e-01
1.080204722619999974e-01
1.011457909079999939e-01
9.688827316060000250e-02
9.371107661430000402e-02
9.116076960810000351e-02
9.143348176969999519e-02
8.863438889090000106e-02
8.661700613249999348e-02
8.709821038880000144e-02
8.439898526050000627e-02
8.270547185149999814e-02
8.137717036390000602e-02
8.509700397899999658e-02
8.184434167279999728e-02
8.015841752970000178e-02
7.894676706389999743e-02
7.796384120110000371e-02
7.862978279420000660e-02
7.705108379609999780e-02
7.606403340230000198e-02
7.529900822900000013e-02
7.464571089009999771e-02
7.405838136400000327e-02
8.039397308519999341e-02
7.635985746829999921e-02
8.178735253770000324e-02
8.376905597940000059e-02
7.899841514590000280e-02
7.655119703630000605e-02
8.955625045529999606e-02
8.136547539129999895e-02
8.208681809109999450e-02
7.873979798699999588e-02
7.738447322430000441e-02
7.821025083429999913e-02
7.503513980850000376e-02
7.345414418659999833e-02
7.230529779279999680e-02
7.146131880969999739e-02
7.076670121439999905e-02
7.017415277720000233e-02
7.603618187510000070e-02
7.888848830410000179e-02
8.394633378980000116e-02
8.593011080750000141e-02
7.781767287160000490e-02
7.532386818490000024e-02
7.311108438749999716e-02
8.161006790449999715e-02
7.586946925140000686e-02
7.332798764169999595e-02
1.010033116240000028e-01
9.149633824929999382e-02
8.701253473200000477e-02
7.963847784449999689e-02
7.945637215320000557e-02
7.558295288209999907e-02
7.345897671529999506e-02
7.197366440289999778e-02
7.622337696769999893e-02
7.294229008010000292e-02
7.127558068450000339e-02
7.014261938999999391e-02
7.588983762190000537e-02
7.140777377779999879e-02
7.338714219899999947e-02
7.056924821290000427e-02
6.904461394010000252e-02
7.170474330369999705e-02
6.905489856999999509e-02
6.784537649800000125e-02
7.059841984329999487e-02
6.838961378089999932e-02
6.731442418430000352e-02
6.659593391550000518e-02
7.223448109879999912e-02
7.643432774250000228e-02
7.261878589329999467e-02
6.974707126500000187e-02
7.780919527759999621e-02
7.374337923059999522e-02
7.213403561579999346e-02
6.933711080540000404e-02
7.186556189260000227e-02
9.566858167590000517e-02
7.814059478080000176e-02
8.247271299000000222e-02
7.486401261979999666e-02
7.159881259030000111e-02
6.969275291229999614e-02
6.998466693820000473e-02
6.839880753089999654e-02
6.947430070769999855e-02
6.758619233760000677e-02
6.656300094690000002e-02
6.583936015430000288e-02
6.652549364479999616e-02
6.523713923160000261e-02
6.455153156250000024e-02
6.409867458019999353e-02
6.503230877349999717e-02
6.419680007080000306e-02
6.369190959579999756e-02
6.596258620040000575e-02
1.770926621439999904e-01
1.338698648390000134e-01
1.195848886760000063e-01
1.044676518490000039e-01
1.007392366849999971e-01
9.241784025879999642e-02
8.741011452600000453e-02
8.380877764899999360e-02
9.172665212430000659e-02
8.529864040119999880e-02
9.257797597479999752e-02
8.520780597570000447e-02
8.413433561600000554e-02
9.018501781549999319e-02
8.303543631609999753e-02
1.211121727349999955e-01
1.293643258449999889e-01
9.925960008259999967e-02
8.838967821349999476e-02
9.023959286299999827e-02
8.125863572449999739e-02
7.776824404740000085e-02
7.561365583109999622e-02
7.722323728669999721e-02
7.815224710359999771e-02
7.504621847810000190e-02
1.567776201320000007e-01
1.127464300219999938e-01
9.894460206640000310e-02
1.264745272410000010e-01
1.082771937900000037e-01
9.745639169380000688e-02
9.293793950770000423e-02
8.785213554510000467e-02
8.434267654190000241e-02
8.169529216540000194e-02
7.959707730439999351e-02
8.013371250100000120e-02
7.740121376660000219e-02
7.772860587459999582e-02
7.559288952909999637e-02
7.419016859419999554e-02
7.924864983929999496e-02
7.330492755199999322e-02
7.678680109530000575e-02
7.701913987800000638e-02
7.415414511180000445e-02
7.248478525830000241e-02
7.130779883399999963e-02
7.039154051960000436e-02
6.963607048639999797e-02
6.898979225260000459e-02
6.842330455619999308e-02
7.938981780449999581e-02
7.243673528089999980e-02
7.219612202899999831e-02
6.973816224690000676e-02
6.844767495440000349e-02
6.756157873529999858e-02
6.689483896169999555e-02
7.088495889199999955e-02
7.091833708049999352e-02
7.129920946909999724e-02
8.500811086409999773e-02
7.651714304909999764e-02
7.266218669250000539e-02
7.609846014729999830e-02
7.149605088499999539e-02
6.927650687969999499e-02
7.025184390279999580e-02
6.763466269460000069e-02
6.941208065939999394e-02
6.689872454539999569e-02
6.769218371660000455e-02
6.870693511229999939e-02
6.917469910119999899e-02
6.958769107289999867e-02
8.861107446980000246e-02
7.529017839630000597e-02
7.595401430989999481e-02
7.109071372229999741e-02
6.854518364360000227e-02
6.940875796919999952e-02
7.321168171429999483e-02
6.908926271340000425e-02
6.718576443399999765e-02
7.036210313620000489e-02
7.285982347500000178e-02
6.918337410750000083e-02
6.727824455729999875e-02
6.603929201409999838e-02
9.437119521999999538e-02
8.112086160150000502e-02
8.136218136810000057e-02
1.156888379510000037e-01
9.205202794519999621e-02
8.289899352240000241e-02
7.791558455109999504e-02
7.468289055719999625e-02
7.642438100300000259e-02
4.997079604949999920e-01
3.254900387720000010e-01
2.559509320130000098e-01
2.106250233049999920e-01
1.823693771340000047e-01
2.569105538190000204e-01
1.977226820820000008e-01
1.725861692850000073e-01
1.642120701800000027e-01
1.461756101760000037e-01
1.530625129560000131e-01
1.403792854250000000e-01
1.277056415280000135e-01
1.201870996089999949e-01
1.209779210450000059e-01
1.135927296040000062e-01
1.085391507270000028e-01
1.052390221449999996e-01
1.015277228850000046e-01
9.859365527430000165e-02
9.615312281490000224e-02
9.399948759050000269e-02
9.375010991899999924e-02
9.098629333169999667e-02
8.906643046529999497e-02
8.747842905319999640e-02
8.920054916880000573e-02
8.626102425039999799e-02
8.461080220779999828e-02
8.331238458560000226e-02
8.219761375999999620e-02
8.600296146480000681e-02
8.227503320430000489e-02
8.202199645980000342e-02
8.003612605240000011e-02
9.372382135829999961e-02
9.101350105569999682e-02
8.477469418770000598e-02
8.189032887809999384e-02
8.000807720279999591e-02
8.455415151719999911e-02
8.255739909529999365e-02
7.939315148770000052e-02
8.031767496720000621e-02
7.904191397540000219e-02
7.707749065589999948e-02
7.578128260789999959e-02
7.478742576649999307e-02
7.397677512370000319e-02
7.530837801980000412e-02
7.382038872960000608e-02
8.632600303939999553e-02
8.210483617819999691e-02
7.686372339060000558e-02
7.458563359250000580e-02
7.515068459489999964e-02
7.512664454369999412e-02
7.306718856209999668e-02
7.184943051070000197e-02
7.325128209600000051e-02
7.162829441390000662e-02
1.057357797170000030e-01
9.154878915530000050e-02
8.426656348869999980e-02
8.007616882580000095e-02
7.645911767049999586e-02
7.430965006220000002e-02
7.475259129120000179e-02
7.282440931939999917e-02
7.157818396659999804e-02
7.368664092960000578e-02
1.030397093070000020e-01
1.000834993760000013e-01
8.935700618139999496e-02
8.826818167890000677e-02
8.247690261430000447e-02
7.921113235549999410e-02
7.694663427089999674e-02
8.968250882730000040e-02
8.129801097760000483e-02
8.578085422299999707e-02
8.010871678780000227e-02
7.712413450680000171e-02
7.514367332999999372e-02
8.115072002909999582e-02
7.567991302319999891e-02
7.324764122790000664e-02
7.848309752300000608e-02
7.464799692250000118e-02
7.213179980080000608e-02
7.785829986099999933e-02
7.358276461429999471e-02
8.788930112329999822e-02
1.107103624330000036e-01
8.996209577840000304e-02
1.078154375600000048e-01
1.008161269680000055e-01
9.379195820989999488e-02
8.623820392019999892e-02
8.191034314639999980e-02
7.891471620709999968e-02
7.672533623919999823e-02
7.502065931699999912e-02
7.593677263610000561e-02
7.382126205939999741e-02
7.836973133119999602e-02
7.394295455509999893e-02
7.211076777630000267e-02
7.284070479910000062e-02
7.562999104579999632e-02
7.188361979610000119e-02
7.362574836730000072e-02
7.084203182129999998e-02
8.666397598359999732e-02
7.776723902530000010e-02
7.399022199749999418e-02
7.177903703959999382e-02
7.313303672559999524e-02
7.982993195389999352e-02
8.529709971929999579e-02
7.713133258899999845e-02
7.844402730760000053e-02
7.390137888870000615e-02
7.616904800029999922e-02
7.187793587830000608e-02
6.994056577109999950e-02
6.865428411589999391e-02
6.767755088559999910e-02
7.249167688320000413e-02
7.598476092170000640e-02
7.169042285109999968e-02
7.562307691540000321e-02
7.109181179949999874e-02
8.480970005740000317e-02
7.575947746239999891e-02
9.282633036699999840e-02
8.244799053100000663e-02
7.732822354820000077e-02
7.502725176779999339e-02
7.551772390260000356e-02
7.617269867890000268e-02
7.261482356439999397e-02
7.057974136660000175e-02
7.806417982070000539e-02
7.735723402230000600e-02
7.290540659619999808e-02
7.053146103000000611e-02
6.895170325480000362e-02
7.445552281150000229e-02
7.774688972639999529e-02
8.328383698760000176e-02
7.482520409319999566e-02
7.503788089710000664e-02
7.083308008930000454e-02
7.103463078860000612e-02
6.856580126800000674e-02
6.713764467159999416e-02
7.695024374459999428e-02
7.073732900239999843e-02
7.093566367049999877e-02
6.771078064919999751e-02
6.835346312560000581e-02
6.898282856880000313e-02
6.576998354059999941e-02
6.430571969010000222e-02
6.345725978760000108e-02
6.295494985140000221e-02
6.683564141110000245e-02
6.409349915949999477e-02
6.423104073190000207e-02
6.297268477200000658e-02
6.430134565320000384e-02
6.280864772659999762e-02
6.678242061990000145e-02
6.793482950720000635e-02
6.487290857409999667e-02
6.342706325090000097e-02
7.489029326729999825e-02
6.693810701409999564e-02
6.644017156839999994e-02
6.618394821230000336e-02
6.694900597279999921e-02
6.452625674270000278e-02
6.318137732909999416e-02
6.233398102530000179e-02
6.172668869580000273e-02
6.124913421650000217e-02
6.085322934250000232e-02
6.051613210029999773e-02
6.022339608769999852e-02
6.297560036100000036e-02
6.252694451170000278e-02
6.827972078720000171e-02
6.437394076039999746e-02
6.265892596010000370e-02
6.788393629620000091e-02
7.415120084859999627e-02
6.789855957599999492e-02
6.521834630839999647e-02
6.363542954390000173e-02
6.256744362539999604e-02
6.178029373660000323e-02
6.116826362180000087e-02
7.697054560089999775e-02
6.954454035340000562e-02
6.635635247519999780e-02
6.451783428070000104e-02
8.423544406520000472e-02
7.328834215509999472e-02
6.899110401720000285e-02
6.657838626199999443e-02
6.498773517979999914e-02
6.891232650419999717e-02
9.715700363120000072e-02
7.992184984960000460e-02
7.607401908249999956e-02
8.475848788350000274e-02
7.683542555929999407e-02
7.389290942960000108e-02
7.051521922200000569e-02
8.555660596820000019e-02
7.563364295159999418e-02
7.310448429860000319e-02
8.582177477940000632e-02
7.931459939870000309e-02
7.342008873239999622e-02
7.027461632800000024e-02
6.817684526450000504e-02
6.664127916249999728e-02
6.545635677050000434e-02
6.451557338289999610e-02
6.373370721370000269e-02
6.306871738319999587e-02
1.313521892049999973e-01
9.258261863470000630e-02
9.092372708250000268e-02
1.210562965660000045e-01
1.049090044429999979e-01
9.173093850590000042e-02
9.104585527859999916e-02
8.587029073599999895e-02
8.120861593019999825e-02
8.235795090130000606e-02
7.583475104280000545e-02
7.266433730650000145e-02
7.082293628359999371e-02
6.941092421590000505e-02
6.822708190420000152e-02
7.766681667689999402e-02
7.466549519119999867e-02
7.029786478720000120e-02
6.989870614179999331e-02
6.756959374979999711e-02
6.799910843150000495e-02
6.629836597129999676e-02
6.919249579309999509e-02
7.298289115070000221e-02
7.025102180070000313e-02
1.002060687380000037e-01
9.208471081430000260e-02
7.940506298949999431e-02
7.402437287219999773e-02
7.140820302099999684e-02
6.899543241540000149e-02
6.736181829569999613e-02
6.611830344510000179e-02
6.840594467310000260e-02
6.593504095730000347e-02
6.786978626640000067e-02
6.534334292360000074e-02
6.411047218019999550e-02
6.327039401270000141e-02
6.819083311729999541e-02
6.546325536539999990e-02
6.401286363319999562e-02
6.304722125209999417e-02
6.232742485369999891e-02
6.175263121380000081e-02
6.127308175059999890e-02
8.458526361109999780e-02
7.146710620339999376e-02
6.724384195679999898e-02
6.505807558189999340e-02
6.367715207410000466e-02
7.916685943630000222e-02
7.070782082109999811e-02
6.832514171240000600e-02
6.577053831220000535e-02
7.080470318579999700e-02
6.993631104899999951e-02
6.607558128040000311e-02
6.422831370539999751e-02
6.302693202869999456e-02
8.835752068360000488e-02
7.727447925270000684e-02
8.723577960120000585e-02
8.474090409130000112e-02
1.131886544540000039e-01
9.108246139980000211e-02
9.508085323039999759e-02
8.402150811820000009e-02
8.166206041199999821e-02
7.622165254250000410e-02
7.305386973770000569e-02
7.079808849289999373e-02
6.906580164249999376e-02
7.236029833010000634e-02
6.837826068020000370e-02
7.047834329539999498e-02
1.920396427649999904e-01
1.402055581939999906e-01
1.174373224899999957e-01
1.073174581230000035e-01
1.024539357809999968e-01
9.632231889869999342e-02
9.513532584679999793e-02
8.840282761079999718e-02
8.415187136399999990e-02
8.091866601420000249e-02
8.105490184239999563e-02
7.757104223350000383e-02
7.541726190200000179e-02
7.856372315809999340e-02
7.419808880139999729e-02
7.226341707290000194e-02
7.087780036429999764e-02
6.975503379410000204e-02
6.879759463220000426e-02
6.795874100910000160e-02
6.993048458169999482e-02
9.414399586360000516e-02
8.360208389720000244e-02
7.675363701430000518e-02
7.321853782300000169e-02
7.094291940560000509e-02
6.930457276910000075e-02
7.303021468980000486e-02
7.654519011759999825e-02
7.204596873650000177e-02
6.965079374700000603e-02
6.806674356569999973e-02
6.689481899520000052e-02
6.596751694169999958e-02
6.756278175450000645e-02
6.575664683159999913e-02
6.478100362460000039e-02
6.407003275000000553e-02
7.348844705059999483e-02
6.741756557750000489e-02
6.841106537140000110e-02
7.036389452440000580e-02
6.703065915349999682e-02
6.528013812409999561e-02
6.916506323410000212e-02
6.610164150790000248e-02
6.448786710149999324e-02
6.346204498200000432e-02
6.267794338019999634e-02
6.209904894639999701e-02
6.162138066180000012e-02
7.719981150499999334e-02
6.799983627239999939e-02
6.508976262339999375e-02
6.355750349369999885e-02
6.558602998019999464e-02
6.323417204829999416e-02
6.209831129829999907e-02
6.137599017220000258e-02
6.365545509139999836e-02
6.167001676819999778e-02
6.083351781949999926e-02
7.376488713270000497e-02
7.537506805020000034e-02
6.956373834699999814e-02
1.202199928380000005e-01
9.400970088330000418e-02
8.206868296949999808e-02
7.866787116850000594e-02
7.370896524520000048e-02
7.070468339669999658e-02
6.858757949429999945e-02
6.698714830749999405e-02
6.572270545199999925e-02
7.886225285219999881e-02
7.471760204659999571e-02
7.577485363640000526e-02
7.299680047230000524e-02
7.068215530280000380e-02
6.791880633489999486e-02
7.262064458359999974e-02
6.891108993540000227e-02
6.638141267750000130e-02
6.487041539620000408e-02
6.378892561580000453e-02
6.294513796270000128e-02
6.225302925569999729e-02
6.166670597010000254e-02
7.339990520549999342e-02
6.624189509050000535e-02
7.480485242300000115e-02
6.957610655220000662e-02
6.777582068519999448e-02
6.701527643309999893e-02
6.637581242109999446e-02
6.620193887920000630e-02
6.785754337690000360e-02
6.387847943789999594e-02
1.294015570439999985e-01
9.571352058620000158e-02
8.296298056489999351e-02
8.267803486470000351e-02
8.846273707479999915e-02
8.291047065859999399e-02
8.084833471709999830e-02
7.698867921099999956e-02
7.692055925790000637e-02
7.184767605290000303e-02
7.439455058890000194e-02
6.941775240719999518e-02
7.405319886260000595e-02
6.887189745730000479e-02
6.647347008789999956e-02
7.141433690069999562e-02
6.906096219849999773e-02
6.624456409149999392e-02
6.459998889040000081e-02
7.244026472740000555e-02
6.671718109910000638e-02
6.449340859459999631e-02
6.316231143410000470e-02
6.940418149869999331e-02
6.889448170209999667e-02
6.449426881170000625e-02
6.523159870929999549e-02
6.273032495159999722e-02
6.154438376759999857e-02
6.073652827099999818e-02
6.015200072400000292e-02
6.431548345630000441e-02
6.177850931389999856e-02
6.550119574200000128e-02
6.773632063369999790e-02
6.672904332569999653e-02
6.321399532610000316e-02
6.157887765359999765e-02
6.055371962859999735e-02
5.982126851430000225e-02
5.925603137950000154e-02
7.184775668180000407e-02
6.559708152899999811e-02
7.183550158399999719e-02
7.086696479069999610e-02
7.190144750030000309e-02
6.923967517449999831e-02
7.633069848340000296e-02
6.852264223229999340e-02
6.653101335870000022e-02
1.129673340899999934e+00
6.513889707769999760e-01
4.672179786430000203e-01
3.667727687910000145e-01
3.051286443419999883e-01
2.801541636200000074e-01
2.412029695440000010e-01
2.156838781200000055e-01
2.013510620850000044e-01
1.838288558270000095e-01
1.762483171589999953e-01
1.705550257869999919e-01
1.564197586699999920e-01
1.472280008309999888e-01
1.565434297259999941e-01
1.502072058410000022e-01
1.515589592019999932e-01
1.372514246369999913e-01
1.313948832229999975e-01
1.284806592599999908e-01
1.217218489210000060e-01
1.285687500569999975e-01
1.236643291249999999e-01
1.159279631799999960e-01
1.121646208009999951e-01
1.076277607200000069e-01
1.044654835110000041e-01
1.035129527360000024e-01
1.005879463410000035e-01
9.926941447010000086e-02
9.664290124219999945e-02
9.885870401690000087e-02
9.456426060040000470e-02
9.714272535850000667e-02
1.025791346889999983e-01
1.536657734350000137e-01
1.183834641960000017e-01
1.068509374720000016e-01
1.099523744280000020e-01
1.038825010920000069e-01
9.811331448370000374e-02
1.105101156979999971e-01
1.079372893529999961e-01
1.098676549840000016e-01
1.003510527219999976e-01
9.545528385800000626e-02
9.383522529370000309e-02
9.064459364910000538e-02
9.225600942070000254e-02
9.487700116670000350e-02
9.614837953100000001e-02
9.381394520630000067e-02
8.777740400019999611e-02
8.686904222609999338e-02
8.641475195919999519e-02
8.347582849170000208e-02
1.103199096690000020e-01
9.503629096389999698e-02
9.470763753170000077e-02
8.745384574459999505e-02
8.411040927460000649e-02
8.193077139319999980e-02
8.949507814509999326e-02
8.348371086670000607e-02
8.074846528199999818e-02
7.895941607390000172e-02
8.251227598539999375e-02
9.342696711900000395e-02
8.443641953939999556e-02
8.675009611829999356e-02
8.102405859179999392e-02
8.160032259119999465e-02
9.843587304770000379e-02
1.354120105570000010e-01
1.364860900410000133e-01
1.489982034829999968e-01
1.192555308049999957e-01
1.042344173179999972e-01
9.935782758769999556e-02
1.032775546239999981e-01
1.026105838200000037e-01
1.170543287609999983e-01
1.030661975160000049e-01
9.388309379970000146e-02
8.778665404060000121e-02
9.152840702810000062e-02
8.463429889500000136e-02
8.114608812059999343e-02
9.948648112619999651e-02
1.018075195959999985e-01
9.135327420930000608e-02
8.419424905460000386e-02
8.054216467239999622e-02
7.820714867790000413e-02
7.656487940339999632e-02
7.524624325199999464e-02
7.423296405439999690e-02
7.387363790419999854e-02
7.257209150460000591e-02
7.187965438490000192e-02
7.125372222360000507e-02
7.068324894789999868e-02
1.001147723820000057e-01
8.479225395589999603e-02
9.636929332539999338e-02
8.816702553709999945e-02
8.232535341190000411e-02
7.769849981699999963e-02
9.154718542470000053e-02
8.031946141619999979e-02
7.655866523769999654e-02
7.328239016229999570e-02
7.896172232909999533e-02
8.267154122120000392e-02
7.667104603289999487e-02
7.287018313220000598e-02
7.276145972210000534e-02
7.732166132069999420e-02
7.193506853929999834e-02
6.981071827880000469e-02
6.853674305760000529e-02
7.222059255849999637e-02
9.216998447589999643e-02
8.004241279880000559e-02
7.507140407949999816e-02
7.228314190649999527e-02
7.044823152449999903e-02
7.657151191840000370e-02
9.656389849969999883e-02
8.248326854979999567e-02
8.084212715659999660e-02
7.493531848399999362e-02
7.600574348449999629e-02
1.158815153840000028e-01
9.422485536640000381e-02
8.672695022149999600e-02
8.047540695169999592e-02
7.645210828279999649e-02
7.384912003639999833e-02
7.200907744770000674e-02
7.053469013719999847e-02
6.935268916360000369e-02
7.956613461269999854e-02
7.353394989320000130e-02
7.067322879390000590e-02
6.915555809960000078e-02
6.765586247730000224e-02
7.516061990040000251e-02
7.032933027830000350e-02
1.159829628209999991e-01
9.026625251210000644e-02
1.199447886869999952e-01
9.763140081219999489e-02
8.779767382269999809e-02
8.580120047099999703e-02
8.000526637799999785e-02
8.133182074099999659e-02
8.297686349379999882e-02
1.372268986769999977e-01
1.021570534080000064e-01
9.000500031310000593e-02
8.363849243510000642e-02
7.954619050760000643e-02
7.664388409200000030e-02
7.870071388740000617e-02
7.489890511839999987e-02
7.272260341439999720e-02
7.451678561470000128e-02
7.171232192609999778e-02
7.301231098129999653e-02
7.044862835420000191e-02
6.896362110239999399e-02
6.989979399010000372e-02
6.768624356789999796e-02
1.303269702000000030e-01
1.044411176710000055e-01
9.765705583769999920e-02
8.834077373609999784e-02
8.287016190830000240e-02
7.915164034959999706e-02
7.801760567090000598e-02
7.668281981529999347e-02
7.601497318699999839e-02
7.261359178920000212e-02
7.092699192790000162e-02
6.970030338259999847e-02
7.938938568200000490e-02
7.743767960979999754e-02
7.290314426810000359e-02
7.051634793960000203e-02
6.902770723749999948e-02
7.364715693930000417e-02
6.913361645059999672e-02
6.740607023399999842e-02
6.632651237089999541e-02
6.573124320190000536e-02
6.601034860729999842e-02
6.485555566940000294e-02
7.016056413139999670e-02
6.710640067390000185e-02
6.571329493100000474e-02
6.483220554780000366e-02
6.694039805960000367e-02
6.505243822120000685e-02
6.410302178420000663e-02
7.110095506890000416e-02
6.716387219080000026e-02
6.530511880910000455e-02
6.415348624510000541e-02
6.333623514260000587e-02
6.270588834239999854e-02
6.219919075750000165e-02
6.675563038300000307e-02
6.435817314989999982e-02
6.594930763190000322e-02
9.381014979889999716e-02
7.818353702109999415e-02
7.236851953940000304e-02
8.487919573129999729e-02
7.592165178960000316e-02
7.178816203360000037e-02
8.200497622590000035e-02
7.389409341989999769e-02
7.316136667229999890e-02
6.961533043879999938e-02
6.762591324460000275e-02
6.624130926860000157e-02
1.123679272750000013e-01
8.615852052660000204e-02
7.768238648500000454e-02
7.330342647739999939e-02
7.055975530190000677e-02
7.157401405629999769e-02
6.892883244609999960e-02
6.728155100179999959e-02
6.768271393220000320e-02
6.601965986209999693e-02
6.493485122809999899e-02
7.050184202230000419e-02
6.645961734420000044e-02
6.482677545470000302e-02
6.380022726789999488e-02
6.304787046170000353e-02
6.244671482800000228e-02
6.589748341600000503e-02
6.339552949370000356e-02
6.414912474330000669e-02
6.757577062420000447e-02
6.952151861300000235e-02
7.085506796069999946e-02
6.661098190559999743e-02
6.460563066049999914e-02
9.068589518830000307e-02
7.557820532749999487e-02
7.092766079119999789e-02
8.570234007200000503e-02
7.454687199270000619e-02
7.006409842989999581e-02
6.749320317800000524e-02
7.828115211300000487e-02
7.076263598040000158e-02
6.768084891980000184e-02
6.584008314330000444e-02
6.835248814329999978e-02
6.505777317640000501e-02
6.587780593179999589e-02
6.653912159489999700e-02
6.417007664359999919e-02
7.707384141409999445e-02
6.862978174049999547e-02
8.092016234200000158e-02
9.272013126349999690e-02
8.299416649389999845e-02
7.566666358510000523e-02
7.164167220669999392e-02
6.898863127779999993e-02
6.876751357110000296e-02
7.167549285549999760e-02
6.767086154979999602e-02
7.245115192199999554e-02
7.514992800229999825e-02
6.966161667499999599e-02
7.238189852580000083e-02
6.814105705150000358e-02
7.254142255649999316e-02
6.954039326670000132e-02
6.637213243829999387e-02
6.960577101199999506e-02
6.604867759599999943e-02
6.431055494819999663e-02
6.315033170169999377e-02
6.583657143979999848e-02
6.379030118329999388e-02
6.520974882049999921e-02
7.343896253190000667e-02
6.738530355770000480e-02
6.784617307409999964e-02
6.505074759470000356e-02
6.357538904010000269e-02
6.256747418619999779e-02
6.180129695650000282e-02
6.118324619689999994e-02
6.066536259480000137e-02
6.022005253570000133e-02
5.982942363439999744e-02
5.948204436770000020e-02
5.916926993840000010e-02
5.888493812179999842e-02
5.862424772359999675e-02
6.219014657030000337e-02
6.514868064129999969e-02
6.142065312449999925e-02
6.873564806779999814e-02
6.312450548990000687e-02
6.114367633960000187e-02
6.003504939359999987e-02
5.929080064190000304e-02
6.838467528779999804e-02
6.279753372980000081e-02
6.085360607399999816e-02
6.817290385629999616e-02
6.404654522019999352e-02
6.202873052970000328e-02
6.428165233669999590e-02
6.129411317399999920e-02
6.011400733470000091e-02
9.687428242859999483e-02
8.170152213209999625e-02
7.798688050459999521e-02
7.583784893839999597e-02
7.068119959370000593e-02
8.200243876420000577e-02
8.433950068140000367e-02
7.137083055970000478e-02
6.746020725979999522e-02
8.879026897290000220e-02
7.642081534620000227e-02
1.140582177680000003e-01
9.255545604489999467e-02
8.791642714269999603e-02
7.913022525790000539e-02
7.454334328749999405e-02
7.347296441690000235e-02
7.181436103119999415e-02
6.874649467849999751e-02
6.919163777799999804e-02
6.686381609920000191e-02
6.534203609710000082e-02
6.418801165080000037e-02
6.325441988280000594e-02
6.627479451079999750e-02
6.346783288650000021e-02
6.245732332199999820e-02
7.099178788540000395e-02
7.388601767289999789e-02
6.857659733939999724e-02
6.448500071139999512e-02
6.347994382379999745e-02
8.686775733340000583e-02
7.469495954690000272e-02
6.914803922039999828e-02
6.638178358370000476e-02
6.453763232930000149e-02
7.232897261260000377e-02
8.074025364159999330e-02
7.080009657209999918e-02
6.704948769429999733e-02
6.488460927019999713e-02
6.341678969029999891e-02
6.232833890239999897e-02
6.701091847869999896e-02
6.390910174540000155e-02
6.740726551459999549e-02
6.256836587500000380e-02
6.099320305750000060e-02
6.190325867259999920e-02
6.172970395909999769e-02
5.996540413600000285e-02
5.941124161119999691e-02
5.847321750110000271e-02
8.906225487360000526e-02
7.642888973339999337e-02
7.078206342720000377e-02
6.752863085030000323e-02
6.778690605119999657e-02
6.509939982540000059e-02
1.395570779849999998e-01
1.024476887080000009e-01
1.087417470959999993e-01
9.053377004859999855e-02
9.163885356839999996e-02
8.124322001509999558e-02
7.684199123590000624e-02
7.303010330159999397e-02
7.152632920210000300e-02
6.899805307150000400e-02
6.870491067379999595e-02
6.606428065040000075e-02
6.508546679820000069e-02
8.284184726729999781e-02
9.286336201769999910e-02
7.781336997349999618e-02
7.155746827209999439e-02
6.834782323740000443e-02
6.585652231659999689e-02
6.454467840569999559e-02
6.353418468190000223e-02
6.229408420640000082e-02
6.156886884159999684e-02
6.511038657800000129e-02
6.246212767730000004e-02
6.123925070950000243e-02
6.043373538749999968e-02
5.982066898309999770e-02
5.934985269990000062e-02
5.894707571090000015e-02
6.587656398020000359e-02
6.497615727710000233e-02
6.393936798310000114e-02
6.335835816269999587e-02
6.902199482500000205e-02
7.240467162640000509e-02
6.411261908750000293e-02
6.153713799419999880e-02
6.013511975360000261e-02
6.078388810890000132e-02
5.962203157289999722e-02
6.238088805730000047e-02
5.971116234340000106e-02
6.149615822219999667e-02
6.213764712139999841e-02
8.085522602370000256e-02
6.803625055959999779e-02
6.827120148620000051e-02
6.373451378389999311e-02
7.105934230079999359e-02
6.954844306339999505e-02
7.431476233799999553e-02
7.326423127339999619e-02
6.581440695960000253e-02
6.255985259999999326e-02
6.071546778109999931e-02
5.953259339610000173e-02
5.864954873219999781e-02
5.797846811790000054e-02
5.743995625019999995e-02
6.179461575069999935e-02
5.928438240969999967e-02
5.809164343030000233e-02
5.732911241860000340e-02
5.677067753020000052e-02
6.212596273740000202e-02
7.555569994890000418e-02
6.759829295659999793e-02
6.409576590740000135e-02
6.152120721079999688e-02
5.989052895699999851e-02
5.873361421219999712e-02
5.785779837180000246e-02
5.716596242509999759e-02
5.874764269280000062e-02
5.764972718979999994e-02
5.693998414269999669e-02
5.640111025330000333e-02
5.596220141129999714e-02
6.162821501090000320e-02
6.221858503899999754e-02
5.905694998799999873e-02
6.091712591830000106e-02
8.415495260189999327e-02
7.442114236239999459e-02
6.701246997349999401e-02
6.335329268959999371e-02
6.279339419500000463e-02
6.159122301949999934e-02
5.946802689559999716e-02
5.814920312480000020e-02
5.729957848830000144e-02
6.439628118519999389e-02
5.771941453639999747e-02
5.609814621459999900e-02
6.002099544509999912e-02
7.196198125269999413e-02
7.066999396169999781e-02
6.651564629110000293e-02
6.162125076560000247e-02
8.419369405979999776e-02
1.819452508269999991e-01
1.152465473629999959e-01
1.043399056980000017e-01
1.188391925930000065e-01
1.063778455800000050e-01
9.278654504550000459e-02
1.099333990270000005e-01
9.389529649769999542e-02
8.538634884000000091e-02
7.989155396130000197e-02
8.585553686529999451e-02
7.598468670090000043e-02
7.153047106460000415e-02
1.085438766769999952e-01
1.122857793380000052e-01
9.386571962820000614e-02
9.160741654260000366e-02
8.852772841459999320e-02
8.103390287339999609e-02
7.661578043729999621e-02
7.352039926560000049e-02
7.663951093920000346e-02
7.736747329710000343e-02
8.021214821210000123e-02
7.325416811710000475e-02
7.014495986850000087e-02
7.514977810640000033e-02
7.037261779299999742e-02
6.788672635619999451e-02
6.619000297619999362e-02
6.686306370859999848e-02
8.639105579870000329e-02
7.395765190609999984e-02
7.152802579460000587e-02
6.791803424200000550e-02
6.571406151290000441e-02
6.416265306589999384e-02
6.299549188889999596e-02
6.206210165989999722e-02
6.128298437910000007e-02
6.587135679050000470e-02
6.273579704449999683e-02
6.618268350000000577e-02
6.319746756709999913e-02
6.166638993339999819e-02
6.064886202820000266e-02
6.370931699859999631e-02
6.118673578159999904e-02
5.994150480149999793e-02
5.912853051690000056e-02
5.852605555910000285e-02
6.094763867439999955e-02
6.308420887299999447e-02
7.094504794429999650e-02
2.080311787570000015e-01
1.254685362500000123e-01
9.981533756919999667e-02
9.060219543660000263e-02
1.144467038919999985e-01
9.467049826319999528e-02
8.682468710210000662e-02
9.514330405970000681e-02
1.582854805349999949e-01
1.241024148869999955e-01
1.073293819370000068e-01
9.994793508700000606e-02
9.171193669369999413e-02
8.640983519059999840e-02
8.250027891180000683e-02
7.942622564689999498e-02
8.056475675599999997e-02
7.679420748260000484e-02
7.425549030500000480e-02
7.233647385470000357e-02
7.076022963149999900e-02
6.943108934470000604e-02
6.828089861489999857e-02
6.726927652570000027e-02
6.638496525119999547e-02
8.417695967049999839e-02
7.533256519629999426e-02
7.463200078209999977e-02
7.086548813140000624e-02
6.867611080759999931e-02
6.713804722239999356e-02
6.787517459769999706e-02
7.966358815419999351e-02
7.128263163150000414e-02
9.158018378009999405e-02
9.904967034519999991e-02
8.469693588130000617e-02
8.170854851570000243e-02
7.924255018980000398e-02
7.386944896180000497e-02
7.075828695550000214e-02
7.139532133029999339e-02
6.856612028290000327e-02
6.851911100490000461e-02
7.152258619899999614e-02
6.882806598379999363e-02
6.614255748569999871e-02
6.484552735699999904e-02
6.387535582580000648e-02
6.516354217879999355e-02
7.245096938429999855e-02
6.734218442330000554e-02
7.680318657239999791e-02
6.985212063689999473e-02
6.677930095119999354e-02
6.853240544270000623e-02
6.765354029520000145e-02
6.691650885500000090e-02
6.457784591800000418e-02
6.638994233690000135e-02
6.340345145049999798e-02
6.206451198040000006e-02
6.390425210950000101e-02
6.490326146159999809e-02
6.262179689110000669e-02
6.700567047069999616e-02
6.641458263619999525e-02
6.290058907260000221e-02
6.657990291830000185e-02
6.276393703719999884e-02
6.113235276000000135e-02
6.012087205310000237e-02
5.941768603909999835e-02
6.045077440840000010e-02
6.122456799309999864e-02
5.958469494589999776e-02
5.871117870900000035e-02
5.810998670919999970e-02
5.764569658799999913e-02
6.900580876930000052e-02
6.191865999780000324e-02
5.980540922080000016e-02
6.460634139840000512e-02
6.128587137989999906e-02
5.972319910840000190e-02
5.875268602259999667e-02
6.677979570309999779e-02
6.860831897319999428e-02
7.759539930280000275e-02
6.831946769760000038e-02
6.488242778769999497e-02
7.590151996600000284e-02
6.696429249009999696e-02
6.367427054360000338e-02
6.176671303180000100e-02
6.046638949150000275e-02
5.950021408529999889e-02
5.875291954410000184e-02
6.490582456469999595e-02
6.125048810690000151e-02
5.966326244009999974e-02
5.867772902119999801e-02
5.796905066090000253e-02
6.185601059859999890e-02
5.930388985499999988e-02
6.216922990800000104e-02
6.841987659520000487e-02
6.899325368490000221e-02
6.253567740090000548e-02
6.408303338659999959e-02
6.060203978970000321e-02
5.888942782960000094e-02
5.781120383939999940e-02
5.703541783899999940e-02
5.644605202189999921e-02
2.243592400299999901e-01
1.531619111970000113e-01
1.218138453439999991e-01
1.053341617219999971e-01
1.030013654470000040e-01
9.141436793880000633e-02
9.221207391300000056e-02
8.625887805640000683e-02
8.050320131179999894e-02
7.680591479970000357e-02
7.550744151379999713e-02
9.702183832350000370e-02
8.310060736650000390e-02
7.614335962450000106e-02
7.252344888999999462e-02
7.010166904719999925e-02
6.829017425649999695e-02
6.684884440259999949e-02
6.565611113829999956e-02
6.464557774630000364e-02
6.377993220769999361e-02
6.302173309170000515e-02
6.234627328470000035e-02
6.174127007460000066e-02
6.119435928479999981e-02
6.069682375279999986e-02
6.024543329769999761e-02
1.564165499559999895e-01
9.894220688200000557e-02
8.378952980709999943e-02
7.657367417719999902e-02
7.450261783120000481e-02
7.378329472559999602e-02
6.941555914699999719e-02
6.713466895820000002e-02
6.552483535530000125e-02
6.427997202530000287e-02
6.812647758800000064e-02
8.158586015869999375e-02
1.060529367309999971e-01
8.166009313710000106e-02
1.970807030310000041e-01
1.202123071600000037e-01
1.013343186700000065e-01
8.990121774640000285e-02
8.313868362239999754e-02
7.859395226840000526e-02
7.529626925410000393e-02
7.699556917819999624e-02
7.257010981960000662e-02
7.886042031619999726e-02
9.548967887230000451e-02
8.560006813289999794e-02
9.754356996110000178e-02
8.410518042280000495e-02
1.433818406260000122e-01
1.137845946510000067e-01
1.030987904200000027e-01
9.206121942179999740e-02
8.556926797119999983e-02
8.507366831960000431e-02
2.092252852539999985e-01
1.537126654519999913e-01
1.329011964219999897e-01
1.232753620790000004e-01
1.094540150300000042e-01
1.142342654449999967e-01
1.038885259670000033e-01
9.479935107449999343e-02
9.420839738380000494e-02
8.855090777679999747e-02
8.876688861840000000e-02
9.610252808020000592e-02
8.589007970570000650e-02
8.162797494500000084e-02
7.882891938819999722e-02
7.671887713090000394e-02
7.501113687810000152e-02
7.356616726459999644e-02
7.231147554229999663e-02
7.120483958760000232e-02
7.541694511360000353e-02
7.403857130709999568e-02
7.140817834569999911e-02
7.251811251070000575e-02
7.367288532309999860e-02
7.059291629510000554e-02
6.884839334160000601e-02
6.761596687849999454e-02
6.664915418639999478e-02
6.814058845060000369e-02
6.644067868590000647e-02
6.711078580609999844e-02
6.554245628410000635e-02
6.904538258669999651e-02
7.109676885419999315e-02
6.750505905879999879e-02
6.571669727359999436e-02
6.455107831919999761e-02
6.635897431960000037e-02
6.928636523610000320e-02
6.589208825219999843e-02
6.654981555590000486e-02
6.440884303190000382e-02
6.326163914629999441e-02
6.245435306520000229e-02
6.607999702559999577e-02
6.670290525850000596e-02
1.009757927239999936e-01
8.854156309659999557e-02
8.602744976430000412e-02
7.784170721550000283e-02
7.230444612069999999e-02
7.877555321199999905e-02
7.513111348619999630e-02
7.006062638410000265e-02
6.756408407380000425e-02
7.320855692830000039e-02
6.800326602419999589e-02
6.575447940720000051e-02
8.275186623909999706e-02
7.151511659900000595e-02
6.778726806990000020e-02
6.570436877059999958e-02
6.429814897879999880e-02
6.324896291600000386e-02
6.241676909700000220e-02
6.172906865310000268e-02
6.339939243370000532e-02
6.207376120719999835e-02
7.069656163279999794e-02
6.442189366129999484e-02
6.574475460430000140e-02
6.305535027049999353e-02
6.168152745469999976e-02
6.077673692300000069e-02
6.274599231890000406e-02
6.117833152399999863e-02
6.026932649559999661e-02
7.623802849510000201e-02
6.869245146659999635e-02
6.536766224209999976e-02
6.722990573699999528e-02
7.118255091309999560e-02
6.612460757009999690e-02
6.376185150209999486e-02
7.353300872439999525e-02
6.717144959849999375e-02
6.444230116440000100e-02
7.894096029580000007e-02
6.948734120039999629e-02
6.576620418409999391e-02
6.853460171639999543e-02
6.525511439209999431e-02
6.741151309670000147e-02
6.414384552620000512e-02
6.249056188959999786e-02
6.138262655409999768e-02
6.357604751989999470e-02
6.129651300109999895e-02
6.023299587869999916e-02
5.951110578600000284e-02
5.895288940329999894e-02
5.849321652899999724e-02
5.810050395579999943e-02
5.775646755569999874e-02
6.058220123070000296e-02
5.892775539609999835e-02
5.811979108189999771e-02
6.115403554760000249e-02
5.969208027720000059e-02
5.838047780839999978e-02
5.777568695649999697e-02
5.728032392299999692e-02
5.689233236550000211e-02
5.657132667369999673e-02
5.629604772059999818e-02
6.742488358539999727e-02
1.062453996900000058e-01
8.217858298119999627e-02
7.289594396529999742e-02
6.820831623259999976e-02
6.532947476849999824e-02
6.336353273490000215e-02
6.192457167089999992e-02
6.081853343919999683e-02
6.491927116880000237e-02
2.473216753920000066e-01
1.565013073260000109e-01
1.260170299910000069e-01
1.074710098289999999e-01
9.651000932709999369e-02
8.921356298520000117e-02
8.766112602360000283e-02
8.464128953459999771e-02
7.899320554220000401e-02
7.569141487890000686e-02
7.592168583870000098e-02
7.266295831089999990e-02
7.058702609219999480e-02
7.238919225140000302e-02
5.759830809289999687e-01
3.499904361499999728e-01
2.638441680460000272e-01
2.384844923109999959e-01
1.946986209430000003e-01
1.786731390340000059e-01
1.587038748090000007e-01
1.464453315260000055e-01
1.352001283160000067e-01
1.301547359640000123e-01
1.217853944399999999e-01
1.151975773989999952e-01
1.099975705910000018e-01
1.056541527720000068e-01
1.015274232580000019e-01
9.831812224560000646e-02
9.585321562500000170e-02
9.332585397010000061e-02
9.106616315130000583e-02
8.903046826209999598e-02
8.966626040740000025e-02
9.007745217450000008e-02
8.784881505090000320e-02
8.499464132879999689e-02
8.294535093100000034e-02
8.464083505330000090e-02
8.806963538360000621e-02
8.341963051200000645e-02
8.081705530169999707e-02
7.896245559589999685e-02
9.324861544739999897e-02
8.292792142119999321e-02
7.912731051990000430e-02
7.686230887740000406e-02
7.810902774340000576e-02
7.574101006830000204e-02
7.423926955489999757e-02
7.308822777960000128e-02
7.213328224390000432e-02
7.213328224390000432e-02
7.412240444390000293e-02
7.417052313659999729e-02
7.259594913920000558e-02
7.074883760080000195e-02
6.976572092669999781e-02
7.350234772380000170e-02
7.333647836369999728e-02
7.073764722860000076e-02
6.933015906249999361e-02
6.836280250090000232e-02
7.121654981830000120e-02
6.905272787459999784e-02
6.786583540570000073e-02
6.702606259359999985e-02
6.636903937209999438e-02
6.581656228809999731e-02
8.653665456079999430e-02
7.648777734660000549e-02
7.516442730990000043e-02
7.167515123350000350e-02
6.960429915690000136e-02
8.187575135039999730e-02
7.362339987509999850e-02
7.044960583940000631e-02
7.850841173229999859e-02
8.994784662490000471e-02
7.727088328129999573e-02
7.267946463270000268e-02
7.009171747230000249e-02
6.835451414269999582e-02
6.969034622879999308e-02
7.821929699759999632e-02
7.130113630810000491e-02
6.855213235200000033e-02
6.690731191260000654e-02
6.574647257929999711e-02
7.124585133989999597e-02
8.140271689439999847e-02
7.294445418679999793e-02
7.708719227830000686e-02
8.206717367969999788e-02
8.007508167110000130e-02
7.218884889049999309e-02
6.898641014310000208e-02
6.881019025269999312e-02
8.703307747850000387e-02
7.459105786000000404e-02
7.020481458640000227e-02
6.776319145890000173e-02
7.277465992010000162e-02
7.303302985380000223e-02
6.906070131189999406e-02
7.059184447409999619e-02
6.716803024119999410e-02
8.038422266090000656e-02
7.641548109069999650e-02
7.109410961159999542e-02
6.823689360309999341e-02
6.636503313409999882e-02
6.500464420630000517e-02
6.702553305449999999e-02
6.575132389860000037e-02
6.781506285270000323e-02
6.497053714540000635e-02
6.343951421089999432e-02
6.497059307529999550e-02
6.294776225879999965e-02
7.101188917990000626e-02
6.991104702620000444e-02
7.052570524439999433e-02
6.584875168020000447e-02
7.627516901179999531e-02
6.767937464119999635e-02
6.462525748840000639e-02
6.550320495950000266e-02
6.300703746590000098e-02
6.490877627369999459e-02
7.046485608779999577e-02
6.822005242110000534e-02
6.766472669900000514e-02
6.420844441480000331e-02
6.828197041300000658e-02
6.356854219520000071e-02
7.168532733959999403e-02
8.582336538889999422e-02
7.416181808739999437e-02
7.074429006240000317e-02
7.177038920139999778e-02
6.701793132599999370e-02
6.457591274719999552e-02
6.869733946229999999e-02
6.392751036690000332e-02
6.571801179550000593e-02
6.246823345179999820e-02
6.108956027129999744e-02
6.018852485190000212e-02
5.950292208699999724e-02
5.894577016279999720e-02
5.847642374610000082e-02
6.665346541859999696e-02
6.167576570230000332e-02
7.413304093490000191e-02
6.734244739849999661e-02
6.419325580519999463e-02
6.231300516039999654e-02
6.103949038039999803e-02
6.374941230660000069e-02
6.154086886650000227e-02
6.030563771439999970e-02
7.444690588379999918e-02
6.635046984719999985e-02
6.328329367580000364e-02
6.156219918179999667e-02
6.814331463950000500e-02
6.696456090970000219e-02
6.341887860190000004e-02
6.480229317879999951e-02
6.361743104439999963e-02
6.143563971439999771e-02
6.537035321070000515e-02
6.250509831059999910e-02
7.808932167929999446e-02
7.058538976419999333e-02
6.996885441859999888e-02
6.773518941509999725e-02
6.433510709570000596e-02
6.837742671280000462e-02
6.426666435439999658e-02
6.225927378949999702e-02
6.095521371599999655e-02
6.000029232330000156e-02
6.516991163389999897e-02
6.171465997910000056e-02
6.328001642019999429e-02
6.070331870370000021e-02
5.944183905090000275e-02
6.124603094040000084e-02
5.915871513120000286e-02
5.820968956730000060e-02
8.294301818629999656e-02
7.422319690989999386e-02
6.674934553420000527e-02
8.154557042009999424e-02
7.161994265540000404e-02
6.715910608920000469e-02
7.265852441749999502e-02
6.644292303210000417e-02
6.380868572289999374e-02
6.215649775260000121e-02
6.544389113739999819e-02
6.241324742169999940e-02
6.086986975280000295e-02
5.983001452310000162e-02
5.904481332110000230e-02
6.896657071299999719e-02
6.665789002420000053e-02
6.270093767720000266e-02
6.078460218179999874e-02
5.956730068459999833e-02
5.869401411689999931e-02
5.802133934590000125e-02
6.251764398190000349e-02
8.153125328190000132e-02
7.343703120269999551e-02
6.724280389959999549e-02
6.410493197519999409e-02
6.213678094350000292e-02
6.075943196079999775e-02
5.972883580619999661e-02
6.454459950870000684e-02
6.086195257569999850e-02
7.079469164179999496e-02
6.615296151959999815e-02
6.630433576989999689e-02
6.298489639889999492e-02
6.300205844959999579e-02
6.085639610429999929e-02
5.954556008229999753e-02
5.861509980949999865e-02
6.651623103940000614e-02
6.105544896319999720e-02
6.164255489280000277e-02
5.929468733519999840e-02
5.815282101449999880e-02
5.739373885409999876e-02
6.469000719409999378e-02
6.366739681789999883e-02
6.001700532950000194e-02
8.304635609699999310e-02
7.217455632199999693e-02
7.454364551740000344e-02
6.829184067169999373e-02
6.506168098820000467e-02
6.570733720799999678e-02
6.284904352629999691e-02
6.123852071270000086e-02
6.010172254840000228e-02
5.922485578009999835e-02
8.660314468629999596e-02
7.088819767800000338e-02
7.112175684650000329e-02
6.574813053719999467e-02
6.306778409699999310e-02
6.800246958969999311e-02
6.313486759670000614e-02
6.114310655119999799e-02
5.989800214260000005e-02
6.572296637230000405e-02
6.161605059999999967e-02
5.989533392399999656e-02
5.883348338169999692e-02
5.806902900159999908e-02
5.747844177139999761e-02
5.699575741360000253e-02
5.658733867210000157e-02
5.623310616100000298e-02
5.592053333639999957e-02
5.564105444030000014e-02
5.538839628310000124e-02
5.515799601649999662e-02
6.845934755820000384e-02
6.466569097909999342e-02
6.356241265539999685e-02
6.540725915370000643e-02
6.129776402780000299e-02
5.928581098909999764e-02
7.383915417880000664e-02
7.783446283870000537e-02
7.073505582819999971e-02
8.694202500870000516e-02
7.090778811469999887e-02
6.578926880490000573e-02
6.614267326269999969e-02
6.540911260720000397e-02
6.178016876709999800e-02
5.982046851270000215e-02
6.165066561939999690e-02
5.942135314310000027e-02
5.824119173750000322e-02
5.937273485939999901e-02
5.762513328959999875e-02
5.679359596909999697e-02
5.622327680889999818e-02
5.578165010930000167e-02
5.541606691400000062e-02
5.936576080279999668e-02
5.741121101689999895e-02
7.379621341990000305e-02
6.572301382329999442e-02
6.227018308480000014e-02
8.099124432700000042e-02
6.733755703240000556e-02
6.319908755649999987e-02
6.098493408899999940e-02
6.167298457229999920e-02
6.314101234779999350e-02
6.865193353790000064e-02
6.332917323560000034e-02
6.367012885440000158e-02
6.062505428000000002e-02
5.909036361629999706e-02
6.895488482419999399e-02
6.355332864389999503e-02
1.279485014660000086e-01
8.868571791779999991e-02
7.698653742590000348e-02
7.461963179540000157e-02
6.906889909640000214e-02
6.604026819970000572e-02
6.396210958930000079e-02
6.764274578430000406e-02
7.436210818680000223e-02
6.700537767519999799e-02
6.397288883059999709e-02
6.210371863690000022e-02
6.077261659819999801e-02
5.974919786229999918e-02
6.055129916899999742e-02
6.438830246380000677e-02
6.123886560450000210e-02
5.963166420049999944e-02
1.318345855889999918e-01
9.127421327720000588e-02
8.375061191890000034e-02
7.466917438039999411e-02
7.001278493660000046e-02
6.699898061320000431e-02
6.484914673250000150e-02
6.322073979339999650e-02
6.193664642630000022e-02
6.090279651359999796e-02
6.004264386069999709e-02
5.931040941259999727e-02
5.867713044520000282e-02
5.812226004630000054e-02
5.763075244100000077e-02
5.719273577939999742e-02
6.233322565559999695e-02
5.908550908199999840e-02
5.785197833789999800e-02
5.862763817439999720e-02
5.725335754790000092e-02
5.649442452540000270e-02
5.649442452540000270e-02
5.597933321379999771e-02
5.561800038189999851e-02
6.739663260860000171e-02
7.965049503620000304e-02
7.489028861070000376e-02
6.641589557919999609e-02
6.532513667200000318e-02
6.227446695629999807e-02
6.198148748139999803e-02
8.195640516150000388e-02
8.427193016940000281e-02
7.398588243169999801e-02
6.902859741389999471e-02
6.597293640159999917e-02
6.385244651499999424e-02
6.367032174469999806e-02
6.190370903859999940e-02
6.066636531229999824e-02
5.970525953650000078e-02
6.124496947500000094e-02
6.142899281070000189e-02
5.967233960030000200e-02
7.021784963560000203e-02
6.678674843019999363e-02
7.108514111880000208e-02
6.849311032110000363e-02
6.424804540079999404e-02
6.356211676659999366e-02
6.136007511100000089e-02
5.993605234729999787e-02
9.238730578520000514e-02
7.639561044119999589e-02
6.992187698219999581e-02
7.349727768100000613e-02
6.831438563370000050e-02
6.535770902159999951e-02
6.335313343199999725e-02
6.369697251849999742e-02
6.184013011190000325e-02
6.607372791359999997e-02
7.478486057470000448e-02
6.640190818089999891e-02
6.645221159549999368e-02
6.276065691120000234e-02
8.428853695900000165e-02
7.333185645919999829e-02
6.834207936819999829e-02
6.537744796659999968e-02
6.336614875769999711e-02
6.865611908950000619e-02
6.918084834269999650e-02
7.874200207739999458e-02
7.020993659230000128e-02
6.629551947570000436e-02
6.391073815469999753e-02
6.225365363419999715e-02
6.432986743929999807e-02
6.351837525749999547e-02
6.136811187389999700e-02
6.008006966749999955e-02
5.915071043359999836e-02
5.841881769079999842e-02
6.228864753610000027e-02
5.988124065969999826e-02
5.865105390239999661e-02
5.782745326850000089e-02
5.720344625780000164e-02
5.810679899809999965e-02
6.586098630509999718e-02
6.133433796709999997e-02
5.931313940670000090e-02
5.809518452379999753e-02
6.374791503809999760e-02
6.027659754999999814e-02
5.861919561469999818e-02
5.757159860629999792e-02
5.683345706969999966e-02
5.624823089980000163e-02
5.577978791780000001e-02
5.538612203249999866e-02
6.312500890949999943e-02
6.677635749219999750e-02
6.046653495169999892e-02
6.832255393559999446e-02
6.163116184499999733e-02
5.913754610420000196e-02
6.153675931469999860e-02
6.113519258890000307e-02
5.847304006279999827e-02
5.712366770450000297e-02
5.623128290709999977e-02
5.929023499140000097e-02
6.755433826399999397e-02
6.359117084000000253e-02
9.549866164900000509e-02
8.218988483479999774e-02
8.466038659310000380e-02
7.365740740090000183e-02
6.854144873390000114e-02
6.540565448339999421e-02
6.323338038219999957e-02
6.338693698189999670e-02
6.137786135280000333e-02
6.004199030309999990e-02
5.902316057169999797e-02
5.820920838170000333e-02
5.753028268399999756e-02
1.058709698029999952e-01
1.290928924539999911e-01
1.005874158900000037e-01
8.749418846779999370e-02
7.990923397309999954e-02
7.493318663020000214e-02
7.140214407929999785e-02
6.875656954769999996e-02
6.669409109339999309e-02
6.720543879489999928e-02
6.474779388840000427e-02
6.628101646929999979e-02
6.384286984730000447e-02
6.232307195620000184e-02
4.008277879700000157e-01
2.160612725949999924e-01
1.643884615339999966e-01
1.349734985749999894e-01
1.231722516699999964e-01
1.116325207019999988e-01
1.016463121010000026e-01
9.474378932929999886e-02
1.015231497129999994e-01
9.167686354180000496e-02
8.629638517349999538e-02
1.073618569839999981e-01
9.163497178960000600e-02
8.500072959049999322e-02
8.085672233420000687e-02
7.785440611239999309e-02
7.550397172200000451e-02
8.349907587799999809e-02
8.554236366530000579e-02
7.914650172819999441e-02
7.884768879230000249e-02
8.471944285110000195e-02
7.832695136879999631e-02
7.476444565400000575e-02
7.232696180660000418e-02
7.405215552329999507e-02
7.531572091539999458e-02
7.141511136849999775e-02
6.926079519439999610e-02
7.058531285970000291e-02
6.769251366140000004e-02
6.620426047260000169e-02
6.511165401099999750e-02
1.081208183769999942e-01
8.703168366150000612e-02
9.629853734979999802e-02
8.467561273700000002e-02
7.861283775510000127e-02
8.060353597550000415e-02
7.557987220400000372e-02
7.599146601270000134e-02
7.636123736699999831e-02
7.168519233619999320e-02
6.929661361859999757e-02
7.432368509690000236e-02
6.929402461450000217e-02
6.709095585160000652e-02
6.562625908140000408e-02
6.450554274189999882e-02
6.358819328489999367e-02
6.280744127130000187e-02
6.596767175880000056e-02
6.301692130060000674e-02
6.187157763719999815e-02
6.110236543500000006e-02
7.670176000080000667e-02
6.707759358709999842e-02
6.396571112679999560e-02
6.228477816570000131e-02
6.299030063959999703e-02
6.134491236899999866e-02
6.036934896320000216e-02
5.965246767869999966e-02
5.907784651800000036e-02
7.586784806030000272e-02
6.599948785070000601e-02
6.278683375419999435e-02
6.110905652990000075e-02
6.001019065270000313e-02
5.920654766820000053e-02
5.857656169489999787e-02
5.805878871709999750e-02
5.761869651140000270e-02
6.677206160210000241e-02
6.134985322139999836e-02
5.947034604870000268e-02
6.564354006309999767e-02
6.191968974369999740e-02
6.289958036440000677e-02
6.229909226819999729e-02
6.029400396270000184e-02
5.910983944050000188e-02
5.827843141729999871e-02
5.764272741749999762e-02
6.227179323870000310e-02
5.857418018789999764e-02
