-1.317385206790371022e-02
-1.183771553279573327e-02
-1.086999933809822128e-02
-1.331620398355903490e+01
-2.767017898675367196e-02
-1.674209691712364931e-02
-1.337672483658146165e-02
-1.165271550068468220e-02
-1.490222373244530552e+01
-2.208096199481537555e-02
-1.600700568586578207e-02
-1.333732898383410866e-02
-1.178373595838091113e-02
-1.074138049315893385e-02
-9.979322965620080962e-03
-9.389645598757467501e-03
-8.908601430448271144e-03
-8.515346811068398233e-03
-8.181312846101624139e-03
-7.892334744934056262e-03
-1.422889722036128554e-02
-1.093738559614508554e-02
-9.559508129139866750e-03
-8.764774925743160430e-03
-8.228307907537349766e-03
-7.828931435223415378e-03
-7.513050177187891379e-03
-7.252733141233944601e-03
-1.632416425406976757e+01
-1.655708213302053630e-02
-2.354567138447033869e+01
-3.245147187656006321e-02
-1.724570875370800768e-02
-1.316463961361355288e-02
-1.117991401407095187e-02
-9.979896621857805086e-03
-9.163329884776640413e-03
-8.566804477879143287e-03
-8.103948497741885609e-03
-7.728503621620730867e-03
-2.423212222221443612e-02
-1.324641182067354261e-02
-1.052874199941439097e-02
-9.238426840504942658e-03
-8.409065125210692798e-03
-7.875098416479646424e-03
-7.477424996955739193e-03
-6.106180668958255224e-03
-5.989984679921299231e-03
-5.882876617246223308e-03
-5.783581767676251005e-03
-5.691128880164443224e-03
-5.604823045034037360e-03
-5.523987731843575492e-03
-5.447945068078315599e-03
-5.376021106135076347e-03
9.946919312430358984e-01
-5.243634599752232742e-03
-5.182366352774390311e-03
-5.124047199461792199e-03
-5.068405810737517704e-03
-5.015092109688004847e-03
-4.970085159731793718e-03
-4.921043275587270831e-03
-4.874061147136924885e-03
-4.828864904515220088e-03
-4.785311416593691393e-03
-4.745105548471410112e-03
-4.702012198598851979e-03
-4.663109945648041994e-03
-4.629048788796185677e-03
-4.591856059498474786e-03
-4.555981030604798823e-03
-4.522642799370540576e-03
-4.489365238657504718e-03
-4.506377893629626673e-03
-4.471917075123042068e-03
-4.438077210532707061e-03
-4.408214580423685386e-03
-4.379265780311776372e-03
-4.350899426203766809e-03
-4.323384589416240202e-03
-1.843068375624005739e+01
-2.881089070405917080e-02
-7.585346539147722389e+00
-1.785471653995435865e-02
-1.294931476874850405e-02
-1.059927090299939492e-02
-1.667581883926183295e+01
-2.766184004320645928e-02
-1.550660379660399185e-02
-1.189934451340887885e-02
-1.008331842950103627e-02
-8.961303335903447742e-03
-8.187259176050717957e-03
-7.614478805461187376e-03
-7.170449520050153729e-03
-6.814306545670857466e-03
-6.521127909190334825e-03
-6.274314510044830609e-03
-6.063573893895614700e-03
-2.752549551550127305e+01
-2.772188517608323646e-02
-1.694597370850174298e-02
-1.293082826438517879e-02
-1.082688540877215812e-02
-9.527408058534622692e-03
-8.640260776909144957e-03
-7.992726557225401582e-03
-7.496722692859246473e-03
-7.102758267524986353e-03
-6.781066778648903691e-03
-6.511451333055753680e-03
-1.340425177579292004e+01
-1.348534239465822189e-02
-9.941206171598642588e-03
-8.452573646546751585e-03
-7.611196847750156293e-03
-7.046763326950656811e-03
-6.647399104732298371e-03
-6.328322185781749300e-03
-1.803135447716753248e+01
-1.507436845182231799e+01
-2.879421771396481478e-02
-1.671905775190369106e-02
-1.282788227442508387e-02
-1.081092703206604569e-02
-1.999780895156697724e+01
-2.810087573638524530e-02
-1.521131801155161875e-02
-2.386015792401178004e+01
-2.149879820006522779e-02
-1.287119737338749716e-02
-1.055214668664278960e-02
-9.327452663280324727e-03
-8.528040333067159542e-03
-7.948376531051758176e-03
-1.844232251953348722e+01
-7.795766393671086369e+00
-3.454179771265535742e-02
-1.852294478081299711e-02
-1.417378426256888854e-02
-2.144068439710095930e+01
-5.796832730951172880e-02
-2.510052154305984773e-02
-1.784198934874721421e-02
-1.449662764630090667e-02
-1.252498144207788051e-02
-1.120384331190039939e-02
-1.024519055702032173e-02
-9.511549370109714796e-03
-8.928163570836927451e-03
-8.450736332546828974e-03
-8.051295823357410009e-03
-7.710771512174161534e-03
-7.416267616724558399e-03
-7.158421235035145741e-03
-6.930157311948370071e-03
-6.726556851197737150e-03
-1.384265384003139331e-02
-1.011270774137239432e-02
-8.671360708788850014e-03
-7.877180381114822980e-03
-7.357107368789883063e-03
-6.979549649600498215e-03
-6.720458154358725789e-03
-6.448047987809367443e-03
-6.248645283614155319e-03
-6.077123652961011896e-03
-5.926955436464279893e-03
-3.343757788207319948e+01
-2.746714262216542329e-02
-1.642333944731573167e-02
-1.253170615450343271e-02
-1.053202800868288484e-02
-9.310865117106503080e-03
-8.481266884811497833e-03
-7.878271138600180870e-03
-7.417195099703864647e-03
-1.741212904365014325e+01
-6.751457906698237095e-03
-6.515872512631234147e-03
-6.301897182429127241e-03
-6.116390055631349548e-03
-5.953516108292237000e-03
-5.808833542855544596e-03
-5.679231606859516494e-03
-5.561961836369184661e-03
-5.455129443300553785e-03
-5.357131696203784078e-03
-5.266919889860662701e-03
-5.183337391127123411e-03
-1.482853599084186028e-02
-9.369928083565287960e-03
-7.672623143685019555e-03
-6.834541677264118452e-03
-6.327206671845273141e-03
-5.981598560498579270e-03
-5.727177852465332661e-03
-5.528907044083532403e-03
-5.368219053321814441e-03
-5.234011069932267661e-03
-5.118961068091965223e-03
-5.018637395139597529e-03
-4.929634955632002796e-03
-4.849617704079974521e-03
-4.777020976183047468e-03
-4.710622073109472716e-03
-4.649315404796888936e-03
-4.592485072019801898e-03
-4.539286096779628597e-03
-4.490316734648916626e-03
-4.443451913275964574e-03
-4.399236661778144382e-03
-4.357122383918219863e-03
-4.317206916627512256e-03
-4.279157242469748719e-03
-4.242833533503301974e-03
-1.429453238033114992e+01
-3.209014551767261358e-02
-1.768585422730777415e-02
-1.280734489036535265e-02
-1.038034691823083375e-02
-8.938604036780109507e-03
-7.985947991452245140e-03
-7.311534669841715690e-03
-6.807642855624255508e-03
-6.417008086542193637e-03
-6.104712718465244749e-03
-5.849024348114888021e-03
-5.635357550110530606e-03
-5.453717532408768401e-03
-5.297057260675085665e-03
-5.160359566806905010e-03
-5.039697975384835500e-03
-4.932399933942280788e-03
-4.835852484844038908e-03
-4.748726824840097255e-03
-4.669166988044756890e-03
-4.596358265285129842e-03
-4.529388864542886577e-03
-4.467390441366779832e-03
-4.417211729248665675e-03
-4.363592786091646976e-03
-4.313155270431433264e-03
-4.265876136563832334e-03
-4.221491999056616040e-03
-4.179410311143779734e-03
-4.139608890248443022e-03
-4.101731677449212132e-03
-4.065682644921831367e-03
-4.031377340121113616e-03
-3.998648789287234141e-03
-3.967226988403346928e-03
-3.937140154080426800e-03
-3.908296843242077198e-03
-3.959764483420032469e-03
-3.931778657426790446e-03
-3.904767825403365842e-03
-3.878796305775797804e-03
-3.853475933504285460e-03
-1.349618321351991490e+01
-6.631051928781444893e+00
-3.531242883728030052e-02
-2.187294622450151188e-02
-1.617411316792184001e-02
-1.306162257061413423e-02
-1.111458406988913121e-02
-9.788114563001486246e-03
-8.829329529698146800e-03
-8.107092146282456405e-03
-7.541199710620335311e-03
-7.089498994743004615e-03
-1.469712093064295999e+01
-3.337951854619060355e-02
-5.918016716663322541e+01
-1.283242777153913439e-01
-7.421470463132544271e-02
-6.169391659822779594e+00
-5.452514965051144524e-02
-3.876706187968171485e-02
-7.082956181372825455e+00
-3.775376643853352310e-02
-2.943033182871272399e-02
-2.497468288611450621e-02
-1.473493516289610383e+01
-3.243904619060975630e-02
-2.444151145349236776e-02
-2.081075527010183002e-02
-1.852447920919735036e-02
-1.687217450665185955e-02
-1.558793345329883076e-02
-1.454767478354372472e-02
-1.367628792847720362e-02
-1.293248154162346918e-02
-1.228919921115001826e-02
-1.172354254280674052e-02
-1.122286238446718563e-02
-1.077358357365571818e-02
-1.037078723388307373e-02
-1.000613023906414718e-02
-9.672694372820856562e-03
-9.368170511390040006e-03
-9.092178162455819002e-03
-8.834606753449615255e-03
-1.519228496591812139e+01
-2.542197226594279311e-02
-1.494239025721679284e-02
-1.216428519317959075e-02
-1.072179073139945850e-02
-9.847990849286177018e-03
-9.243357428147297786e-03
-8.787316827178827047e-03
-8.420901408678325289e-03
-8.119772633091234745e-03
-7.862207523338654927e-03
-7.637682151585589371e-03
-7.438036751377904640e-03
9.927414969367370778e-01
-2.012136032952671272e+01
-4.709046837668410396e-02
-2.329191272306114710e-02
-1.689526952404320562e-02
-1.385514530969570238e-02
-1.206419636521887523e-02
-1.087553079492585215e-02
-1.002267035385540073e-02
-9.376465531776683945e-03
-8.866302835834085488e-03
-8.451308290145528521e-03
-8.104566412102720552e-03
-7.809368744878422523e-03
-7.562841104420658586e-03
-7.338760821963925471e-03
-7.139232522060830893e-03
-6.960381775473321701e-03
-6.789394616779075541e-03
-6.642032238220590794e-03
-6.506880998786057808e-03
-6.382157927626088204e-03
-6.266168947591556349e-03
-6.158548157830637249e-03
-6.057843481436096106e-03
-5.963343395530742129e-03
-5.874354409844423190e-03
-5.790023371077443991e-03
-5.710895765713745569e-03
-5.635450731527643330e-03
-5.563666448305464030e-03
-5.495391660666011993e-03
-5.430170198737080400e-03
-5.367758821571385827e-03
-5.308097698017491366e-03
-5.250742660936268472e-03
-5.195898850853268927e-03
-3.302837124433496996e+01
-2.129271879963404862e-02
-1.042242801225756223e-02
-8.112137459225331540e-03
-7.097431778727322609e-03
-2.188405852932534881e-02
-1.142187997131571472e-02
-8.957105369082504071e-03
-4.467488130455407713e+01
-1.667186693162527877e-01
-7.143787287197607416e-02
-4.567480201625587211e-02
-3.378699402652593498e-02
-2.784235234982619644e+01
-2.263945253273299749e-02
-1.960869657374367248e-02
-1.375250798105735051e+01
-2.896766613225618472e-02
-1.985514066333927963e-02
-7.296639451895482864e+01
-1.102845335267046956e+01
-1.683996008724810878e+01
-3.909456925499271707e-02
-2.922891884251214989e-02
-1.495124509339495233e+01
-1.220153492279198204e+01
-3.869943497445570840e-02
-2.760392963730136720e-02
-2.273787640764933851e-02
-1.979828260971509477e-02
-1.775962255259353612e-02
-1.623387460975736843e-02
-1.503389617558262628e-02
-1.405747261876509960e-02
-1.324153038983248015e-02
-1.254869601492547213e-02
-1.194992125509414770e-02
-1.142565794543177853e-02
-1.098754999640854518e-02
-1.054945784755194176e-02
-1.017818813283560830e-02
-1.906442778165600060e+01
-2.500792013948038850e-02
-1.637099103179903009e-02
-1.578601068872819546e+01
-1.355577173486661735e-01
-5.865532583855805754e-02
-3.888341488235132898e-02
-2.979851469282799106e-02
-2.458011324121357061e-02
-2.118535842612565348e-02
-1.879746418336757444e-02
-1.701998609986591499e-02
-1.353754009769423305e+01
-2.441395013930993230e+01
-1.170883355189977593e+01
-3.312739972196023647e-02
-2.448774448400568848e-02
-2.032355046192291237e-02
-1.779771298528778217e-02
-1.606618208795988767e-02
-1.478428161974416379e-02
-1.378518996343311778e-02
-1.297704292889571842e-02
-1.230476138204666947e-02
-1.173362975054261480e-02
-1.124005245958724190e-02
-1.081325585011392101e-02
-1.043178783646029478e-02
-1.008891391333250308e-02
-9.779378429063916370e-03
-9.498438077987296849e-03
-9.241360017767588295e-03
-1.740586949001952585e-02
-1.240132631732238266e+01
-2.578548662256791371e-02
-1.775973056920309573e-02
-2.309650508174310701e+01
-2.020585685563959510e-02
-1.573450632649818839e-02
-1.360299005182538830e-02
-9.904813652969428617e+00
-2.585901505642544673e-02
-1.716925970921434619e-02
-1.761745777972160809e+01
-1.119900929163111236e+01
-3.058648740278924194e-02
-2.050677731113483351e-02
-1.671942148982606333e-02
-1.459247238988583932e-02
-2.003603191530468550e-02
-1.622767371327270280e-02
-1.419729434595528965e-02
-1.291948271451773787e-02
-1.200288866878627611e-02
-1.129639903982595367e-02
-1.072910456944577151e-02
-1.025601251277209573e-02
-9.853212326160985454e-03
-1.001162398251823404e+01
-2.013044658313190710e-02
-1.437985404897168355e-02
-9.810858293849832990e+00
-2.521318462931242550e+02
-1.978977358191211522e+02
-9.272670734601028641e+01
-5.272119313380488137e+01
-3.209232671407229986e+01
-3.225504516139555022e+01
-7.150292273081901406e+00
-1.364916438246403629e+01
-2.636011131653179795e-01
-6.388627272874151330e+00
-8.238850641435595534e+00
-1.614022039385357488e+01
-6.085546061012800934e+00
-6.695869565077821939e+00
-1.527007188323969422e-01
-7.489529307793844737e+00
-1.255761200305884617e-01
-8.918205715940379363e+00
-1.583903171244490160e+01
-1.421559301744229897e-01
-1.106131727383299485e-01
-9.320688735528774582e-02
-8.290295616525997224e-02
-1.496892862689248282e+01
-1.007136644534108449e-01
-6.580520807338813505e+00
-9.546019650824290326e-02
-7.545113845280866649e-02
-6.708893883062878871e-02
-6.916404226480256379e-02
-1.747994652200869936e+01
-8.755401188722795880e-02
-8.170389376669049852e+00
-7.350639313086526627e-02
-4.241186003065542565e+01
-5.655013406779427321e+00
-9.466055139930613926e-02
-7.384873015975038091e-02
-6.348708756582473189e-02
-5.697085838193170770e-02
-5.234303002892985029e-02
-1.657601766258220621e+01
-7.973140844060161436e-02
-6.145431304518958471e-02
-5.345310558230528808e-02
-1.557339091737476799e+01
-6.816273019840365599e+00
-6.969027044162807993e-02
-2.518629552258273918e+01
-1.485133364129946898e-01
-6.275483146886689845e+00
-7.699348502272555794e-02
-1.990365100778691598e+01
-8.207813138835996725e+00
-8.224242495331832159e-02
-5.939400899848309989e-02
-5.142389832022138674e-02
-4.665611319986179284e-02
-4.326922494010029818e-02
-1.624941427217196477e+01
-9.664635055139507713e+00
-6.225730273839703149e-02
-4.801305901624595973e-02
-4.238156136166439797e-02
-3.897820340941509504e-02
-4.356305920643944313e-02
-3.831640963857777665e-02
-8.789793939397036127e+00
-2.045257626835828191e+01
-2.989372671893569589e+01
-3.196918532015735082e+01
-8.859602034555162930e+00
-6.207307458819661861e+01
-1.704734545120954459e-01
-8.572685195613008347e+00
-9.431566333412610970e-02
-7.470356614795865824e-02
-6.365481409338974439e-02
-5.626720043819075784e-02
-5.089718145465153831e-02
-4.678459232300704457e-02
-7.679243443440339156e+00
-8.339020214182657043e+00
-5.305863788182313412e-02
-4.463542073148707434e-02
-4.039143601777821224e-02
-3.756320963129491930e-02
-3.542614092049442553e-02
-3.370010366096685972e-02
-3.225019929992307272e-02
-4.210527111871094352e-02
-3.451106445612601992e-02
-1.345219293276385031e+01
-8.912801321226824669e+00
-1.302707422323581454e+01
-1.389002854951641719e-01
-6.362707459546379507e-02
-4.774441667379337312e-02
-4.048677076052956819e-02
-3.620759199551150387e-02
-3.332082562803422021e-02
-3.120158630008506087e-02
-1.318919995818066937e+01
-3.842298449407957617e-02
-3.256309565516052329e-02
-2.887540056697008792e-02
-2.723656821173470188e-02
9.572054945658956537e-01
-5.195558803803226877e-02
-3.483339765164530227e-02
-3.005382817024752906e-02
-1.747858648012131155e+01
-4.595280395543006879e-02
-8.129053827300978696e+00
-3.504584110466845565e-02
-3.024797525054736050e-02
-2.763169244501094413e-02
-2.024038818756823943e+01
-4.113132203076738658e-02
-3.212334410955155345e-02
-2.838818665674619837e-02
-2.618610604632745989e-02
-2.466459075071206208e-02
-2.384782229307886442e-02
-1.489254652891098196e+01
-3.579459232732983692e-02
-2.675010586585602548e-02
-2.399065736466097012e-02
-2.247568276106480176e-02
-2.144719113872851565e-02
-2.066356627249831684e-02
-1.297966276456202550e+01
-1.948859274184476173e-02
-1.901713049482447321e-02
-1.630050265994497849e+01
-3.286121643991284091e-02
-2.501022959599553952e-02
-2.216411400831035799e-02
-2.042297716341979694e-02
-1.942375755405106874e-02
-1.869448360961297601e-02
-1.811265755879015379e-02
-2.942747868922150545e+01
-4.651762178730527164e-02
-2.852530798694697181e-02
-2.370378985600592528e-02
-2.133388931635703950e-02
-1.013742748058032817e+01
-3.644308459788749704e-02
-2.567935613944590661e-02
-2.218117164968396934e-02
-2.032804476172150182e-02
-1.927235044371685205e-02
-1.825647165252650833e-02
-1.758130212037829071e-02
-1.703234529473857117e-02
-1.657084840352940000e-02
-1.617108168204558355e-02
-1.594944068257427017e-02
-1.563263328482049352e-02
-1.522058832897388823e-02
-1.496002679253624103e-02
-1.472011033390380544e-02
-1.261031163275769984e+01
-8.164766397761674455e+00
-4.714293592135313654e-02
-3.286198953709592446e-02
-2.681683598235779301e-02
-2.993163402857457536e-02
-1.021685025461297691e+01
-3.838445573487592188e-02
-2.953260920792612210e-02
-2.536598667101795310e-02
-2.283011296401217527e-02
-2.108989468770566811e-02
-1.979605705719349878e-02
-1.878744570544424800e-02
-1.797070019213096656e-02
-1.729158310103760463e-02
-1.945542657727778746e+01
-3.131321954678824293e-02
-2.340761779840102447e-02
-2.036078297553004651e-02
-1.866875971856491942e-02
-2.756490937595428292e+01
-5.451848502335848723e-02
-4.258436766305881416e-02
-2.924644320912691067e-02
-2.429803922456086687e-02
-2.157334587776175289e-02
-1.980680874277353926e-02
-9.893100848276874970e+00
-2.795573817655838331e-02
-2.253095749613587273e-02
-2.004716975950436922e-02
-1.853527541127392847e-02
-1.748185877035698249e-02
-1.668031579372733497e-02
-1.604042550780046192e-02
-1.550921237696044515e-02
-1.505676830313108436e-02
-1.473613351805881308e-02
-1.431551477565241176e-02
-1.400366470397299695e-02
-1.372359524445711937e-02
-1.346811500855507084e-02
-1.323326404297173534e-02
-1.301597602590378634e-02
-1.030646183243273128e+01
-1.262557482713272568e-02
-1.540111797890282475e+01
-2.612034510578079699e-02
-1.999350281903920779e-02
-1.728783794876866814e-02
-1.441957327708519543e+01
-4.594460309233718703e-02
-2.599262272062779003e-02
-2.069996592073368794e-02
-1.807218036114874998e-02
-1.656153119195998696e-02
-1.552751553884725542e-02
-1.476296231102981055e-02
-1.416781802527450861e-02
-1.368544611000783832e-02
-1.328317188847935940e-02
-1.293964047175196613e-02
-1.264083966144729718e-02
-1.237727179373615191e-02
-1.214148931071767912e-02
-1.192848463248175929e-02
-1.173361258462789908e-02
-1.155525806496714505e-02
-2.637373157721139422e-02
-1.704874141011979843e-02
-1.458038130437657939e-02
-1.340055041696747683e-02
-1.268673199426325129e-02
-1.219442371211369031e-02
-1.182498521545063963e-02
-1.153034042783645033e-02
-1.128598004848957448e-02
-1.107708098532946168e-02
-1.089396798653562322e-02
-1.073047040792365903e-02
-1.058221494915463981e-02
-1.044697004827136767e-02
-1.032167761130797431e-02
-1.020508505428285168e-02
-1.409168368939637617e+01
-9.696726345435825678e+00
-2.325042018577400116e-02
-1.139817688196846746e+01
-4.841431980419988457e-02
-2.993329508712849751e-02
-2.322277727948333231e-02
-1.679893145769022311e+01
-3.761396003679390310e-02
-2.406520083797926771e-02
-9.364003462489408847e+00
-2.718935001208967750e-02
-2.113938285319814925e-02
-1.836116706099609822e-02
-1.666469404010162761e-02
-1.276715066644069196e+01
-2.892956604420149694e-02
-2.074791318286737379e-02
-1.770835500950262986e-02
-1.602244825211994461e-02
-1.490746196695746408e-02
-1.409324466396047817e-02
-1.346064329907507677e-02
-1.294835873832314403e-02
-1.252074335450638690e-02
-1.215516681420991847e-02
-1.183812404071190802e-02
-1.155747412136694588e-02
-1.130739499884766616e-02
-1.108220729233631852e-02
-1.087734709836291232e-02
-1.500033747679797358e+01
-1.701429460075645772e-02
-1.410156274379601241e-02
-1.278258907043757463e-02
-1.585543794710572563e+01
-2.997522437948696439e-02
-2.722792883523865448e-02
-2.103342710858969664e-02
-1.794878014518646106e-02
-1.608251118948920283e-02
-1.481542436693568908e-02
-1.389041179676030364e-02
-1.317974491366699988e-02
-1.261283111082827507e-02
-1.515601427500503995e+01
-9.953245330649558298e+00
-4.090323008055257725e-02
-2.837949628213457670e-02
-2.285448650430820655e-02
-1.971621331579413369e-02
-1.768067842987213964e-02
-1.624482475886718236e-02
-1.517023344198852042e-02
-1.433218788542036173e-02
-1.365641993597165038e-02
-1.309760920361039555e-02
-1.262584311319032288e-02
-1.222083652208330942e-02
-1.186815549019507553e-02
-1.060978315096759417e+01
-2.780213764359539680e-02
-1.644320095687043862e-02
-1.393196804615045963e-02
-1.275278246254715753e-02
-1.203093425686515942e-02
-1.152485213458386178e-02
-1.002958093648684468e+01
-2.968589094239644163e-02
-1.691267539874498696e-02
-1.402532200032848356e-02
-1.268228930467318882e-02
-1.285686472353330423e+01
-6.649249968726021753e-02
-1.062838361587007974e+01
-4.958732020087720793e-02
-3.041689777470881276e-02
-3.263915568734812211e+01
-4.012168691322698377e-02
-2.895248776348531561e-02
-2.387251359576020651e-02
-2.085349627724132973e-02
-1.881142137434019951e-02
-1.389446785804264373e+01
-2.789964981135903410e-02
-2.185091054720779413e-02
-1.899236565213064526e-02
-1.723265995525314828e-02
-1.435562139695456985e+01
-2.757290880095162808e-02
-2.014388117557680200e-02
-1.739422188134169545e-02
-1.584206494703726750e-02
-1.479302850900419963e-02
-1.401181705022483577e-02
-1.339392439545817465e-02
-1.293320417168991772e-02
-1.247246992557245193e-02
-1.209838071675086238e-02
-1.176994646078396989e-02
-1.147816497190051049e-02
-1.121544966133021341e-02
-1.097744093467386585e-02
-1.076006070732632436e-02
-1.056044566882797901e-02
-1.038770252268524964e-02
-1.021541509878437157e-02
-1.005495679377116369e-02
-9.904910055177166064e-03
-9.763813956387481022e-03
-1.174575821126245678e+01
-1.596396738590526165e-02
-1.286635349469943644e-02
-9.328671115748765175e+00
-3.388572411971156606e-02
-1.892470674116333504e-02
-1.511893484152127161e-02
-1.332087045367969132e-02
-1.224912228604125089e-02
-1.152569256940709670e-02
-1.099564019472734112e-02
-1.058534667909960363e-02
-1.028917341715396461e+01
-2.075857030302943190e-02
-1.794407705032820388e+01
-2.437077556323351962e-02
-1.944113509750230406e+01
-6.408910583026999896e-02
-1.473123894239002141e+01
-1.714214047692616916e+01
-1.639187022086612444e+01
-3.770383816605720612e-02
-2.778762158864062082e-02
-2.294874149105534042e-02
-1.276472361337067518e+01
-2.438047342375315035e-02
-1.998885572539100403e-02
-1.772034231647519331e-02
-1.622351656322401289e-02
-1.512594289776780787e-02
-9.400013569397561497e+00
-1.827159288389554326e-02
-1.585245789868948429e-02
-1.451694008796884303e-02
-1.361382798051689359e-02
-1.293676259480117628e-02
-1.283485660311803400e+01
-4.210080976068455300e-02
-2.208857678138038613e-02
-1.739475617950346845e-02
-1.520787528828991715e-02
-1.390104577091344495e-02
-1.301013043777439482e-02
-1.234880085215037289e-02
-1.178641945585930280e-02
-9.221934671155917584e+00
-2.170548483803636311e-02
-1.524656625559393103e-02
-1.323310473257301167e-02
-1.428029729246521606e-02
-1.347624608009725770e-02
-1.268245868771637232e-02
-1.239355003683986940e-02
-1.198976500159928613e-02
-1.164241639239159930e-02
-1.133787456418740812e-02
-1.106648799788148736e-02
-1.082236853344005316e-02
-9.614994245980090434e-03
-9.452363971539812226e-03
-9.889052133284607748e+00
-9.163477281309511877e-03
-9.034238282210135459e-03
-8.913047508007610267e-03
-8.798912524436144564e-03
-8.691698072770398520e-03
-8.589816011422286846e-03
-8.493572482722805753e-03
-8.401671312674547157e-03
-8.314380886685358504e-03
-8.287434181590148941e-03
-8.207434321186354853e-03
-8.544293992189019860e-03
-9.951115398411465307e+00
-2.876335916741138907e-02
-1.681711273518029029e-02
-1.337341534960871485e-02
-1.171927471692555539e-02
-1.074401922263931546e-02
-1.009584939899934274e-02
-9.630598974310036059e-03
-9.277010481130417222e-03
-8.996177790463598389e-03
-8.766103594033888835e-03
-9.372200313116099690e-03
-9.180499978653900925e-03
-9.011544681796821929e-03
-8.860277596448383475e-03
-8.723708434973250284e-03
-8.598988870828308886e-03
-8.484133825995925776e-03
-8.378045343525325137e-03
-8.278888859567975697e-03
-8.186414824521055095e-03
-8.099011032910751959e-03
-8.016705083325649170e-03
-7.938437573694789168e-03
-7.864297008937632880e-03
-7.793775782361313069e-03
-7.726049036658341751e-03
-7.661019394162517544e-03
-7.599116577291857924e-03
-7.539264320672229604e-03
-8.059110748611878622e-03
-7.953729198336223841e-03
-1.556660442471079442e+01
-1.483766457888790850e-02
-1.120829925735435974e-02
-9.888613705909928692e-03
-1.249334063103375669e+01
-1.837485723107559754e-02
-1.308446923607209725e-02
-1.897615486031653376e+01
-1.013000583855934965e-02
-9.487589705014547875e-03
-9.032206418623293237e-03
-8.691551762902453501e-03
-8.425833416238296195e-03
-8.208532496370336481e-03
-8.788898117431682283e-03
-8.341885960027032101e-03
-8.160987333387395570e-03
-8.003764996286532457e-03
-7.864711648852634740e-03
-7.740923611370602829e-03
-7.629055576869533083e-03
-8.058287793512426689e-03
-8.126555532663268244e-03
-7.988504929224239659e-03
-7.863538322130143518e-03
-7.749228140092335668e-03
-7.644241930940826567e-03
-7.547648182812725579e-03
-7.457770128500324815e-03
-1.854706249353099778e+01
-2.798498689800565931e-02
-1.377730323601069305e-02
-1.091578488526383055e-02
-9.670062907347762998e-03
-1.577452538542113913e+01
-2.372985543209544732e-02
-1.402452743680102781e-02
-1.047678415320163836e+01
-2.449466004004086442e-02
-1.456977992863508695e-02
-1.194750736215471031e-02
-1.064733228021598303e-02
-9.845931466865966500e-03
-9.289780686701710338e-03
-1.374333310563298838e+01
-2.079125946344323808e-02
-1.408562567030921357e-02
-1.606255852892092406e+01
-2.764677273212625894e-02
-1.861902121709000865e-02
-1.505500229382957314e-02
-1.310657753701401432e-02
-1.442208015437442548e+01
-3.085733313325415145e-02
-1.756430470581039904e-02
-1.409989770860640979e-02
-1.239187874124498753e-02
-1.133332261537019908e-02
-1.059402366129143583e-02
-1.003897984461374002e-02
-9.601982466575266495e-03
-9.245697817043610489e-03
-8.945400059286933922e-03
-8.690846221806818039e-03
-1.071181106579019193e+01
-1.484841538526833915e+01
-2.201517188090390195e-02
-1.412112479108231129e-02
-1.165338208698246496e-02
-1.042274247612857453e-02
-9.668820204278987668e-03
-9.150015549396537870e-03
-8.765043329931394844e-03
-8.462919132813013362e-03
-8.216964524773457540e-03
-8.010867948079909359e-03
-7.833935652518697265e-03
-7.679815293325824993e-03
-7.542835465944060583e-03
-7.420227496166068894e-03
-7.309233679896382299e-03
-7.207792686190091051e-03
-2.405943976985874500e+01
-2.129225017131648398e-02
-1.434180064974528365e-02
-1.173726139984166035e-02
-1.037163168594467874e-02
-9.526987752271060331e-03
-1.609573904673203870e+01
-2.405921186270766621e-02
-1.349253144481261935e-02
-1.101907466131315724e-02
-9.849629084451900704e-03
-9.142723740252075085e-03
-1.722619913824104998e+01
-2.592115322749013670e-02
-1.496151840300338343e+01
-2.454816803285576887e-02
-1.667364930783515886e-02
-2.955580556302395481e-02
-1.793665171099810551e-02
-1.557842973749756865e+01
-2.759580593478780028e-02
-1.668846659693249204e-02
-1.369958892196941266e-02
-1.214068306739969974e-02
-1.113622802685308028e-02
-1.041604555399973896e-02
-2.289216402057306965e+01
-3.310112871594545619e-02
-2.143643039226900485e-02
-1.692725061946870335e-02
-2.547407913826418499e-02
-1.533953825013047023e+01
-2.731080070680368815e-02
-1.869930559595659944e-02
-1.554441484123317979e-02
-1.376436782095105497e-02
-1.257720992225563883e-02
-1.167988690314895883e-02
-1.101753284730102971e-02
-1.048460852826353477e-02
-1.004424113029202606e-02
-9.671784329431283578e-03
-9.351542226618167822e-03
-9.046245031477729778e-03
-8.800121754848976019e-03
-8.581095253940587697e-03
-8.384485641828745214e-03
-8.206470354746382007e-03
-8.045297150886091680e-03
-7.896478629736469745e-03
-7.759953336679124673e-03
-7.633418721706525592e-03
-7.515732724274137855e-03
-7.406577844463496652e-03
-7.304368464374605928e-03
-7.208253265953312727e-03
-7.118109945459195377e-03
-7.032795995834202098e-03
-6.952338523602512657e-03
-6.876011332941708507e-03
-6.803384445201182337e-03
-6.734469070913216143e-03
-6.668940630229960170e-03
-6.606151355429364103e-03
-6.545966879731641118e-03
-6.488491747839735327e-03
-6.433517297820934289e-03
-6.380566543055630688e-03
-6.329513529245252811e-03
-6.301204895691594164e-03
-6.244523315779925733e-03
-6.195124071737027546e-03
-6.149247729909344817e-03
-6.101083770474674713e-03
-6.059838077147013287e-03
-6.019988168568033218e-03
-5.981289860638601061e-03
-5.983111113529253865e-03
-5.942242090610928840e-03
-5.903192086439129974e-03
-5.865810915137121412e-03
-5.829838294102868308e-03
-5.794934416092661043e-03
-5.761341768016541541e-03
-5.732031139455227159e-03
-5.700335858088002514e-03
-5.669566697310927765e-03
-5.639819373849546714e-03
-5.610625396535337713e-03
-5.582152121646686595e-03
-1.103568974238010192e+01
-2.195377183950929581e-02
-1.283671474888965942e-02
-1.005784350229913492e-02
-8.724751024570194177e-03
-1.639377072449882747e-02
-1.131974016148562349e-02
-9.521347106584766504e-03
-8.558797030734310862e-03
-7.945051917280798043e-03
-7.514103576521311001e-03
-7.191562978080291539e-03
-6.939509535717341103e-03
-6.735534601337160240e-03
-6.566302428985792625e-03
-6.423377769954117036e-03
-6.300035971137561697e-03
-6.192169610909257181e-03
-1.491448266846471427e+01
-1.234540405258724682e+01
-2.490930701742344669e-02
-1.592681354018217824e-02
-1.258349235189858834e-02
-1.080645971908732704e-02
-9.702117365650625783e-03
-8.941874245065683721e-03
-8.386184286430235085e-03
-7.960764619382297569e-03
-7.623188468794583374e-03
-7.348654024216736726e-03
-7.119585129745327652e-03
-6.924969491245836981e-03
-6.757821977516313347e-03
-6.611751396976571320e-03
-6.482673147697892539e-03
-6.367853625390672984e-03
-6.264489932822291454e-03
-6.171159034865655348e-03
-6.085675628221023405e-03
-6.007500829989028714e-03
-5.935505884770386070e-03
-5.868820652493248087e-03
-5.806596096814824193e-03
-5.748636823134099620e-03
-5.694269289448891137e-03
-4.578269798863059492e+01
-1.235260997439398167e+01
-3.644500094806537444e-02
-2.180493537138429930e-02
-1.634981376608274362e-02
-1.349905822773764946e-02
-1.175064786592145381e-02
-1.057054368804650514e-02
-9.719875443259985356e-03
-9.080102384754569836e-03
-6.136646622091964688e-03
-6.015993812249573018e-03
-1.424137338095099636e+01
-1.873809401720536241e-02
-1.349417041108843911e-02
-1.104499144556205827e-02
-9.616341030976919058e+00
-1.710273025588773463e-02
-1.307419358815472069e-02
-1.120722750553497342e-02
-1.009103642488867573e-02
-1.499935089883660844e+01
-1.931152343841301827e-02
-1.327209325140719411e-02
-1.112120437410856616e-02
-9.957754677827721987e-03
-9.202907279506414295e-03
-8.661386165436437204e-03
-8.262220197841285696e-03
-7.927599578927165339e-03
-7.651770151242213644e-03
-7.418906531375461279e-03
-7.218055533336252029e-03
-7.042924715410364515e-03
-6.887680640568337280e-03
-6.749180728576961372e-03
-6.624316920067090976e-03
-6.508755687099294744e-03
-6.404900325839807222e-03
-6.307104651289117264e-03
-6.218844756457207051e-03
-6.135973201361422623e-03
-6.059657336921727908e-03
-5.987694747231699262e-03
-5.918009133882626456e-03
-5.854764137344128407e-03
-5.795377308100497366e-03
-5.739144743228204518e-03
-5.685653964006599087e-03
-5.634974892486118055e-03
-5.586651828022803738e-03
-5.540536507378701972e-03
-5.496449122370670494e-03
-5.454277369438985043e-03
-5.413779322373785292e-03
-5.374969088430355327e-03
-5.337567190335176966e-03
-5.301620977163195789e-03
-5.267009465456478495e-03
-5.233623077777367627e-03
-5.201324808582622090e-03
-5.170036453847272513e-03
-5.139876799604719930e-03
-5.110463289716731493e-03
-1.837187168194448361e+01
-2.459430995636002412e-02
-1.221264185164219751e-02
-9.257338232870429909e-03
-7.939119941078763218e-03
-7.195974595268575698e-03
-6.718602761487182072e-03
-1.782383438726990732e-02
-1.081718651286753437e-02
-8.794661464750658589e-03
-7.801664120850056346e-03
-1.063657144151510181e+01
-2.758304937554394501e-02
-1.384027038487554984e-02
-1.057269295563238384e-02
-9.062594337569430947e-03
-8.178051677597879265e-03
-7.589353584288464905e-03
-1.271841280025019394e+01
-1.781739982028850144e-02
-1.206070853148712499e-02
-9.928071424605449877e-03
-8.789018551448025268e-03
-8.067626719175794922e-03
-7.561818699754251603e-03
-1.405719296983357937e-02
-1.049607932117873309e-02
-1.791790109511430876e-02
-1.235367946969227228e-02
-1.547335988043855096e-02
-1.169087020624349355e-02
-1.004896802235437370e-02
-9.074051621392813585e-03
-8.409896792741910349e-03
-7.920477872676827055e-03
-1.096917357484607081e+01
-1.912602955126544227e-02
-1.221453659590622694e-02
-1.002149843315159813e-02
-8.903161356431227996e-03
-8.208603083615061136e-03
-7.726384317006249579e-03
-7.359993904903456424e-03
-1.644624547960473393e+01
-1.471466361851206557e-02
-1.084128199354385952e-02
-9.265016709828249181e-03
-8.385336023798853691e-03
-7.811030548639046577e-03
-7.398827831959704435e-03
-7.083680803282110285e-03
-6.832279380021700002e-03
-6.625045951551259207e-03
-6.449895675560920333e-03
-1.183804571603731759e+01
-2.556803477431002572e-02
-1.246609505897839504e-02
-9.658952053789096603e-03
-1.441114457444545671e+01
-1.506851340693449344e-02
-1.126060340098148337e-02
-9.595686575936866747e-03
-8.634931687155008445e-03
-7.998078751705977457e-03
-7.538570296078926647e-03
-7.188129596602435556e-03
-6.909741964326802932e-03
-1.604531169446022076e+01
-1.545863248014519263e-02
-1.120413858409767364e-02
-9.455426900020104733e-03
-8.484487933704236082e-03
-7.856450283597743445e-03
-7.410354882027286351e-03
-1.482809848956632592e+01
-3.419228740924075538e+01
-5.076918423030351429e-02
-3.038005272213206015e-02
-2.237874786863870702e-02
-1.811035147870113104e-02
-1.546082839454393509e-02
-1.365439889737197869e-02
-2.036795084992502325e+01
-2.880182580320746893e-02
-1.881968352590056640e-02
-1.518968554502918462e-02
-2.301901059653693338e+01
-1.190631208891750580e-02
-1.097513713368309177e-02
-1.026288581045832655e-02
-9.694847749303415682e-03
-9.226516870374776302e-03
-8.833389165741950197e-03
-8.496991348004615321e-03
-8.204984688540282317e-03
-1.486778106708097980e+01
-3.794315200866413967e-02
-2.354056478419111822e-02
-1.796963513927532854e-02
-1.501017066270507634e-02
-1.316605745559990860e-02
-1.200654898626421843e-02
-1.106218396304608532e-02
-1.033650899440982304e-02
-9.757797684403393679e-03
-9.284396163110889694e-03
-8.888491535834782895e-03
-8.550715275248104222e-03
-8.258705064412235827e-03
-8.002751089470135082e-03
-7.776257700055953272e-03
-1.514146950785372781e+01
-2.190329287246579881e-02
-2.502975064335180022e+01
-1.362589978024453075e+01
-4.409278777892352424e-02
-2.752560147396460391e-02
-2.113554783216334276e-02
-1.761935213857205446e-02
-1.536938645984816873e-02
-1.379499787123428592e-02
-1.262771814440050155e-02
-1.172366602935898637e-02
-1.100128603095037669e-02
-1.040907417436373779e-02
-9.913600681779427895e-03
-9.491891864158214301e-03
-9.127897184458919760e-03
-8.810016912898356242e-03
-8.529268711498514191e-03
-8.279457709191161141e-03
-1.318132779599001481e+02
-6.339193751754208961e+00
-5.363773875618162990e+00
-9.811896819827991223e+00
-9.474028988455866773e-02
-6.528188904290711803e-02
-5.170305009547976338e-02
-4.316436640334014169e-02
-3.721678405870645218e-02
-3.281844317933403643e-02
-2.942702675764262421e-02
-2.673589945303428070e-02
-1.885593092381865077e+01
-3.367577056845251493e-02
-2.622417276825961957e-02
-2.305593899081071624e-02
-2.103390148997796513e-02
-1.950123442687090591e-02
-1.828607005115702455e-02
-3.564426185605102404e+01
-1.671127276383860619e-02
-1.594323065370149839e-02
-1.526707756246340614e-02
-1.466433095358768771e-02
-1.412073490528311347e-02
-1.362915899732174314e-02
-1.318107129842604683e-02
-1.277114697488148862e-02
-1.239379422605773294e-02
-1.400754415353087978e+01
-1.877814193379828467e+01
-5.839073521904105529e-02
-3.261837969630880518e-02
-2.446718087048488713e-02
-2.041392855817874413e-02
-1.796423509592913470e-02
-1.630453463888370536e-02
-1.505409220601210940e+01
-2.472556661984444404e-02
-1.876639565526344589e-02
-1.628587209112830614e-02
-1.482288548153487019e-02
-1.380995791526758686e-02
-1.531161353413517112e+01
-2.051827681684162408e-02
-1.650727542474783940e-02
-1.462137780112939857e-02
-1.346143953088244777e-02
-1.264380694097510215e-02
-1.262862914517400625e+01
-2.392754185376256421e-02
-1.628973342690340914e-02
-1.395264315978714947e-02
-1.270667357479015290e-02
-1.044041126093899585e+01
-1.858071563260439013e-02
-2.151907610275291916e+01
-4.709956674922499004e-02
-2.980055145923607082e-02
-2.307386133642388981e-02
-1.945174728239068562e-02
-1.716836246650181932e-02
-1.558416494302862672e-02
-1.441137940219611863e-02
-1.350164067382765391e-02
-1.920814134556673991e-02
-1.564419564803107981e-02
-1.398461891685251132e-02
-1.294574186925395026e-02
-1.219899726190441271e-02
-1.161926225237306515e-02
-1.112876808005087287e-02
-1.073352775391666486e-02
-1.039269496583144006e-02
-1.009317857996310311e-02
-9.827100684824355281e-03
-9.587231245633964435e-03
-9.370149763196035375e-03
-9.171294569395702437e-03
-8.988440191787851544e-03
-8.819168567839839878e-03
-8.661593050869758476e-03
-8.514623490108206433e-03
-8.377296041382315331e-03
-8.247745354400454199e-03
-8.125547808858168269e-03
-8.010064039620724136e-03
-7.900594754764976579e-03
-7.796390889624013609e-03
-7.697280253835371046e-03
-7.603092239203276641e-03
-7.512785344578470047e-03
-7.426321291738010102e-03
-7.343535095693715965e-03
-7.264355860443451850e-03
-7.187692084130610330e-03
-7.114442502074708533e-03
-7.043598331262604893e-03
-6.975080049650293247e-03
-6.909273406292620705e-03
-6.845635144879966619e-03
-6.783915347433678786e-03
-6.724182416202363795e-03
-6.666748927164870171e-03
-6.610631150688813483e-03
-6.556261774005591250e-03
-6.503831663234024840e-03
-6.452269240708211236e-03
-6.402527728923189040e-03
-6.354107238209465505e-03
-6.306987933070693636e-03
-6.261091577224401836e-03
-6.216328584412962599e-03
-6.172676185594053351e-03
-6.130138337283452289e-03
-6.088603452917265915e-03
-6.048085284513506424e-03
-6.008576627943858217e-03
-1.272193019733284913e+01
-2.242479492951134773e-02
-1.193412820840657716e-02
-9.431873798986181376e-03
-8.310194227876526590e-03
-7.671855065393197795e-03
-7.257451565722869424e-03
-6.964121778305902566e-03
-6.743374713201184638e-03
-6.569406399602621682e-03
-6.427571425423354509e-03
-6.308958398876280023e-03
-6.206668570789812371e-03
-6.117497486769311876e-03
-6.038273857052374634e-03
-5.966917808411201229e-03
-5.902094139673844629e-03
-5.842453991244422537e-03
-5.787341287576025159e-03
-5.736111659885648195e-03
-5.687858530696883637e-03
-5.642520251099425801e-03
-1.198601328672327959e+01
-1.358951109834577800e-02
-9.518043673309457137e-03
-8.073591271028650665e-03
-7.332980784312795493e-03
-6.880054348571223999e-03
-6.571726795163683986e-03
-6.346060932916244846e-03
-6.172256789696814114e-03
-6.032732783570880775e-03
-5.917331189853930820e-03
-1.658645893676919059e+01
-3.334233744611008604e-02
-1.650825367523695714e-02
-1.223369908129781289e-02
-1.024158436265076334e-02
-9.086093334067757779e-03
-8.329834551798356509e-03
-7.794800833277741245e-03
-7.394708877306962157e-03
-7.082818241828666740e-03
-6.832017638697240186e-03
-6.625148302581127663e-03
-6.450946299724114388e-03
-6.301691077936945849e-03
-6.172049892106107501e-03
-6.057811168168825838e-03
-5.956178929725982306e-03
-5.864937741355485436e-03
-5.782543162917054211e-03
-5.707126871340333085e-03
-2.228927379650847129e+01
-2.768593593553966142e-02
-1.825300257302472223e-02
-1.421823768873546959e-02
-1.199304695880222364e-02
-1.058927407271879027e-02
-9.623508539743582529e-03
-8.918119048490193157e-03
-8.379875797786319816e-03
-7.954536653991118103e-03
-1.556766415689103766e+01
-1.359330092082952288e-02
-1.050149549952862464e-02
-1.189923445182065539e-02
-1.090364422171708099e-02
-8.697627119296681641e+00
-2.377496502903404973e+01
-3.799036477368178399e-02
-1.341229236639073896e+01
-3.218319127664585888e-02
-2.070845162465846309e-02
-1.664493168221804764e-02
-1.440437070053562571e-02
-1.293969405118111302e-02
-1.188942278302482919e-02
-1.109048121825998746e-02
-1.631232805486042636e+01
-3.634226790129371082e-02
-2.054691318479233766e-02
-2.577830288340651776e+01
-3.668997228203311339e-02
-2.375634595147001898e-02
-1.873106380951004499e-02
-1.597546785847147460e-02
-1.420093430302633852e-02
-1.294656397195321530e-02
-1.200393833592868290e-02
-1.126417222563416351e-02
-1.066444767753467297e-02
-1.577183953727048227e+01
-2.889353865351099865e-02
-1.726109872576631066e-02
-1.386641092919286937e-02
-1.217209105041419659e-02
-1.111972030342645024e-02
-1.307820700353139287e+01
-9.826250185551948721e-03
-9.383735758794923415e-03
-9.019119427104153180e-03
-8.710444370268629471e-03
-8.444037658342732483e-03
-8.210047883813069436e-03
-8.001706705291534300e-03
-7.815033695554069945e-03
-7.645803141647793816e-03
-7.490983493647394333e-03
-7.349411330960892511e-03
-7.218005957706631441e-03
-7.096437072627093286e-03
-6.983082788340534176e-03
-6.877044555383814151e-03
-6.777009604040146531e-03
-6.683292959479633297e-03
-1.081912056696271840e+01
-1.380989774648964767e-02
-1.044924841463389445e-02
-9.064495206612952979e-03
-8.298571795548085120e-03
-7.804151650573560792e-03
-7.453107435598169128e-03
-7.186550989566369702e-03
-6.974200714260234135e-03
-6.798838547734388851e-03
-6.650152928998147826e-03
-6.521179755229653333e-03
-6.407322390837131773e-03
-6.305233372251990882e-03
-6.213010182479848653e-03
-6.128641766303786695e-03
-6.050799556113149388e-03
-5.978812612421199706e-03
-5.911253804486591053e-03
-5.848390315322153990e-03
-5.788839978948905930e-03
-5.732518265036125674e-03
-5.679150943617282399e-03
-5.628169619907181717e-03
-5.577803396088039205e-03
-5.531613414088544164e-03
-5.487200042769447075e-03
-5.444648760511324771e-03
-2.617915213426833176e+01
-2.116502648217453292e-02
-1.126270205785649334e-02
-1.408151544319328252e+01
-2.354386713235534154e-02
-1.429084441718237938e-02
-1.120356337111376617e-02
-9.630378141077328841e-03
-8.668402450998636405e-03
-8.297640965288132975e+01
-1.275437516031287521e-01
-7.010650269925017275e-02
-4.855939594783362928e-02
-3.735075583763574486e-02
-1.902262532379860716e+01
-8.169427262966395820e-02
-4.750100903747769138e-02
-3.571604066221500257e-02
-2.938383018242874886e-02
-2.531268175470475709e-02
-3.490958690621354110e-02
-2.511092241226536848e-02
-2.146498980655655794e-02
-1.921126001640232478e-02
-1.758011527756883977e-02
-1.630876160946553508e-02
-1.527257852090264760e-02
-1.440544230102595510e-02
-1.366584592968833438e-02
-1.302555912748204307e-02
-1.246312281334016961e-02
-1.196537157028682193e-02
-1.152084624495097569e-02
-1.112178024069031441e-02
-1.075974818683072924e-02
-1.043163669365691597e-02
-1.013054362885152347e-02
-9.854552859791842687e-03
-9.601171897100302388e-03
-9.366058180483430307e-03
-9.147645485858691208e-03
-8.944478826475067701e-03
-8.754980305206485833e-03
-8.577813833552763376e-03
-8.411456327557621099e-03
-8.254999800808236407e-03
-8.107659282353589861e-03
-7.970739392525844416e-03
-7.841078460698385280e-03
-7.716560733364816703e-03
-7.598333222169402316e-03
-7.486239937131675647e-03
-7.379179260156388219e-03
-7.277389417409324546e-03
-7.180061386020735077e-03
-7.087317932428657818e-03
-6.998496401775411435e-03
-6.913382210900287719e-03
-6.831673969719990851e-03
-6.753295562670214545e-03
-6.678074504349246383e-03
-6.605973255503113685e-03
-6.536184113638445446e-03
-6.469080996511188987e-03
-6.404534246730821459e-03
-6.341993036720879572e-03
-6.281796744796516209e-03
-6.223512626123404480e-03
-6.167260035941666239e-03
-6.112655281188216633e-03
-1.893333751067766002e+01
-2.444115737987713477e-02
-1.370032029739697357e-02
-1.065801139364053012e-02
-9.225826508255784153e-03
-8.390319744791404147e-03
-7.840580908557095649e-03
-7.448301930560156763e-03
-7.150138691381246851e-03
-6.916104404604929597e-03
-1.624562925643218136e+01
-1.871116683757573229e-02
-1.984753911036793092e-02
-1.441239584600797000e-02
-1.195381830345423370e-02
-1.052667622317771806e-02
-9.586369804306282133e-03
-8.915414756586716866e-03
-1.793340984880572447e-02
-1.230686920654750979e-02
-1.038185204993198781e-02
-9.350084723221156399e-03
-8.681878415076581257e-03
-8.201324440844377783e-03
-7.832667965405437638e-03
-7.537138684246716229e-03
-7.292885786864582859e-03
-7.085590850717422839e-03
-6.906422353349431914e-03
-6.749534619081131587e-03
-6.610152246285357774e-03
-2.447610860896942597e+01
-1.191055077433115983e+01
-2.763050532523293745e-02
-2.077040996352402047e+01
-2.189557797175277487e-02
-1.594904793157777070e-02
-1.315588503187897079e-02
-1.150476780601382074e-02
-1.040458471464484648e-02
-9.613272735523398227e-03
-9.014251386908440217e-03
-8.542373214431213044e-03
-8.159992261383398893e-03
-7.842212642892518182e-03
-7.573599643944487446e-03
-7.342548766139075749e-03
-7.140987641028698554e-03
-1.770891618865952713e-02
-1.038480732663314698e-02
-8.738283713860392141e-03
-7.965139667977639767e-03
-1.265686494119476180e+01
-1.676183876450788868e-02
-1.161041652143190647e-02
-9.739294381415547486e-03
-8.743935001939364890e-03
-8.111386082745955864e-03
-7.665638433687427776e-03
-7.329434866305769430e-03
-7.063592904165623930e-03
-6.845636433812467281e-03
-6.662395786654163460e-03
-6.504819630257977110e-03
-6.366958332916499742e-03
-6.244889145409064125e-03
-6.135429292403703216e-03
-6.036446799421868979e-03
-5.945982877449888619e-03
-5.862952943348098689e-03
-5.786272047597316136e-03
-5.715078689882515002e-03
-5.648631700836947815e-03
-5.586078403179804176e-03
-1.473821438429841990e+01
-1.554846104479166990e-02
-1.102835343001759734e-02
-9.167590986107931189e-03
-8.153799290098353095e-03
-1.779059281835572648e+01
-6.414736725350446422e-02
-2.527138290305009846e-02
-1.717215675145948930e-02
-1.363218074488338309e-02
-1.164180552696061910e-02
-1.036380015196582648e-02
-9.469478072186086892e-03
-8.806619932274873525e-03
-8.294338695255936214e-03
-7.884987584228583465e-03
-7.549633325680491294e-03
-7.269072423992091123e-03
-7.030445826507890524e-03
-6.824166603892692362e-03
-6.644162335907496594e-03
-6.484786370291398434e-03
-6.342671853253299859e-03
-6.215301785184265161e-03
-6.099703161125594360e-03
-5.994526588563508715e-03
-5.898132608459695329e-03
-5.809303389232087569e-03
-5.727105768535376527e-03
-5.647714554037396549e-03
-5.576739287731330777e-03
-5.510373927814671280e-03
-5.448020031495353667e-03
-2.061281406381453962e+01
-2.418020622662436434e-02
-1.461033487858007414e-02
-1.126345828880202446e-02
-9.570051049183507519e-03
-8.549051288336323787e-03
-7.865009342311705953e-03
-7.373043785464191216e-03
-7.000815228599363907e-03
-6.708249707451035583e-03
-6.471074019989688127e-03
-5.652077853729056342e-03
-5.545602051050341208e-03
-5.452325907926023479e-03
-5.369416384214307190e-03
-5.294987512699546144e-03
-5.227365538687508105e-03
-5.165585785431259409e-03
-5.108640415253270367e-03
-5.055918549407709822e-03
-5.006684815272972357e-03
-4.960643329949188454e-03
-4.917325946580994311e-03
-4.876559132339250598e-03
-4.837773159832533566e-03
-4.800933030221181744e-03
-4.765929782829824747e-03
-4.732436644877020294e-03
-4.700446065400436420e-03
-4.669777093583206244e-03
-4.640325306906203408e-03
-4.611939234865384749e-03
-4.584555847554754385e-03
-4.558107972344860488e-03
-4.532563740204644843e-03
-2.133197933000693070e+01
-1.283062388047578363e-02
-8.806794810658716971e-03
-7.302498588632964568e-03
-1.628666775250847465e+01
-1.654163168187279889e-02
-1.063995700187319801e-02
-8.605373937812858115e-03
-7.551557042386715206e-03
-6.898547178053534255e-03
-1.487739727450274074e+01
-1.449182399477517436e+01
-3.295485527237233814e-02
-1.975277825374472584e+01
-2.258399924349866958e-02
-1.707237937710453721e-02
-1.415177704685920655e-02
-1.230050292184380750e-02
-1.101129803618577756e-02
-1.005819268085014935e-02
-1.307067703387783730e+01
-1.666982482289907155e-02
-1.248237881476549523e-02
-1.066938870793766349e-02
-9.597084255117616786e-03
-8.862039848812385337e-03
-8.314257208162671373e-03
-7.883517512746494177e-03
-7.531648721473842636e-03
-7.237504904114536348e-03
-1.369231295765717782e+01
-3.248647097830509312e-02
-1.646121484561133622e-02
-1.639970595200337300e+01
-2.545982189840087853e-02
-1.688053338960126409e-02
-1.347132794132920031e-02
-1.158420792563993884e-02
-1.036544894016763925e-02
-9.504517112229212555e-03
-8.858083043818468921e-03
-1.407085580337896147e+01
-1.963130298488400052e-02
-1.401950406201041104e-02
-1.163540354111297463e-02
-1.027883050627642625e-02
-9.383521052651045552e-03
-8.737543698786126578e-03
-8.242983259279090119e-03
-7.848406246628794256e-03
-7.523642313836357599e-03
-7.249651564602229738e-03
-7.014508561703073838e-03
-6.809465818746185221e-03
-6.628442171807695689e-03
-1.849439851715827032e+01
-2.364589387299939269e-02
-1.302225447734962384e-02
-1.018816876547153603e-02
-8.850622044006408590e-03
-8.058509547682911334e-03
-7.525721246853798660e-03
-7.136768055355343504e-03
-6.836100750220546612e-03
-6.593961938265412159e-03
-6.392852364152877206e-03
-6.221923746391309733e-03
-6.073479969490437266e-03
-5.942759994641543322e-03
-5.826277506154980274e-03
-5.721164211095076252e-03
-5.625809193930649162e-03
-5.538390812496200334e-03
-5.458025958015299932e-03
-5.383418783417658060e-03
-5.313917956319066938e-03
-1.835347568730927392e+01
-1.902619061851221552e-02
-1.074419843139881939e-02
-8.485265260071395491e-03
-7.426398152920986491e-03
-6.807956745538512426e-03
-6.398332933827707500e-03
-6.103806789893096059e-03
-5.879529528784190572e-03
-5.701266524315408771e-03
-5.554779636795021368e-03
-6.630838915253224286e+01
-2.139344465151357677e-01
-1.156645236601522575e-01
-1.301537001742956257e+01
-1.282507666443574301e+01
-6.814620335028541420e-02
-6.959806469976451027e+00
-1.648775352352149071e+01
-1.045498261052559563e+01
-9.201311451292367494e+00
-4.973637144841478591e-02
-3.909177937987183549e-02
-3.334061374543823009e-02
-2.945114352016061851e-02
-2.655972332451977252e-02
-2.428899523244797132e-02
-2.244268432037730895e-02
-2.090321599883337295e-02
-1.959699376701750165e-02
-3.140387246611485850e+01
-6.433144157448332512e-02
-3.800532712470207353e-02
-2.956001314682962788e-02
-2.511622414302621883e-02
-2.228574141479342657e-02
-2.027491467500720443e-02
-1.874786096616121861e-02
-1.753145911263230897e-02
-1.652995512126222491e-02
-1.568201632642190688e-02
-1.495297713115308590e-02
-1.431551011214715098e-02
-1.375101662767740443e-02
-1.324624888127836492e-02
-1.278964847923963477e-02
-1.237664996806683328e-02
-1.199942408387151029e-02
-1.165265381123916158e-02
-1.133293569491819648e-02
-1.103690921954145372e-02
-1.621738109497597691e+01
-2.287763955203183860e-02
-1.609285036938121194e-02
-1.374267961686880500e-02
-1.249598567273293992e-02
-1.169065428433147327e-02
-1.110817199937231062e-02
-1.065429950404749720e-02
-1.028260223707865018e-02
-9.967534289405874381e-03
-9.693215101734377684e-03
-9.449945653064704271e-03
-9.231142185609188949e-03
-9.031847067413787192e-03
-8.848820702719101955e-03
-8.679132348683941955e-03
-8.520979407957514698e-03
-8.373327088679927838e-03
-8.234088385130525212e-03
-8.103077041750892870e-03
-7.978921402428449869e-03
-7.861378994071988383e-03
-7.749321087295557055e-03
-7.642369544987257131e-03
-7.540355477462534241e-03
-7.442686164204443885e-03
-7.349244122167117137e-03
-7.259517304571349097e-03
-7.173359096081919142e-03
-7.090107014180993192e-03
-7.010388589575619438e-03
-6.933393234248175045e-03
-6.858750298464996037e-03
-6.787114881260929156e-03
-6.717678139897911328e-03
-6.650644451406608967e-03
-6.585480902397553710e-03
-6.522513925534965257e-03
-6.461552191300752764e-03
-6.402136052254353733e-03
-6.344769400848429206e-03
-1.551092780427443607e+01
-1.489621223582906530e-02
-1.062081793074323363e-02
-2.578400772747048109e+01
-4.239776371407998762e-02
-2.036300172932832900e-02
-1.507192416347995396e-02
-1.256215463525701265e-02
-1.107805204030613486e-02
-1.009068043672079092e-02
-9.382328949555616970e-03
-8.846362111196508574e-03
-8.424997508484004943e-03
-1.737638473002965644e-02
-1.241343922349966329e-02
-1.054454316078919963e-02
-9.523319667562934326e-03
-8.859613717636900115e-03
-8.382309676099057930e-03
-8.016166069818473836e-03
-7.722610002235204621e-03
-7.479354389623152008e-03
-7.272416081432037625e-03
-7.093636120020701229e-03
-6.936318471694970754e-03
-6.796142912347366734e-03
-6.670115106240910065e-03
-6.555749699926806222e-03
-6.450836149861225582e-03
-6.354539387654284735e-03
-6.265185600149411442e-03
-6.182127031853503277e-03
-6.104403455849043841e-03
-6.031375199360510149e-03
-5.962863845250455236e-03
-5.891425820441127843e-03
-1.738119017494848961e+01
-3.224960384658091817e-02
-1.676411942010604117e-02
-1.242723814412274863e-02
-1.039627010408243450e-02
-9.221845824635095668e-03
-8.454862351999530706e-03
-7.913032540458104017e-03
-7.507078740484806646e-03
-7.190926467556830320e-03
-6.935731019739125799e-03
-6.724387657049381121e-03
-6.545869021434368336e-03
-6.392122594345696872e-03
-6.257784142530168833e-03
-6.138939673737013603e-03
-6.032649725325124786e-03
-5.936691086969326722e-03
-5.849348428331574076e-03
-5.769256910975951308e-03
-5.695466987910526545e-03
-5.626846715800123619e-03
-5.562964313325384838e-03
-5.503095222346784596e-03
-5.446903484243561383e-03
-5.393973367975776409e-03
-5.343609982255624093e-03
-5.295868062559546535e-03
-5.250557411170762682e-03
-5.207271871230634806e-03
-5.165785448701673901e-03
-5.126176396221308884e-03
-5.087875833666924939e-03
-5.051417117881626222e-03
-5.016289728468658823e-03
-4.982204318158479223e-03
-4.949291528188633216e-03
-4.917654624157815312e-03
-4.886894842604525349e-03
-4.856964727823065778e-03
-4.828029350591608870e-03
-4.799917716988844930e-03
-4.772625766482561406e-03
-4.745955413904917770e-03
-4.720267556251848615e-03
-4.694877817682188530e-03
-4.670288291450818211e-03
-4.646408543309337065e-03
-4.622952660916722877e-03
-4.600038349669274308e-03
-2.254481894661455144e+01
-1.111676074586976648e-01
-5.675501681298598944e-02
-4.699597121855787069e-02
-3.303921588927047348e-02
-2.604990275909726399e-02
-2.171978901735397219e-02
-1.876122813618363513e-02
-1.661009466623049324e-02
-1.498053175316713288e-02
-1.370079003077103764e-02
-1.267441473939444341e-02
-1.183033674849670591e-02
-1.112616107068216051e-02
-1.570295891867809601e+01
-2.038824482754765868e-02
-1.445869222920660203e-02
-1.228875116439227116e-02
-1.107733084330866924e-02
-1.026408754518495434e-02
-9.660094881023996091e-03
-9.182503005503623444e-03
-8.789362750466033283e-03
-8.456605999241700519e-03
-8.168665096969307884e-03
-7.916134642099080521e-03
-7.691639969460523259e-03
-7.491915981415265928e-03
-7.309465579919446031e-03
-7.143258605543585313e-03
-6.990891595282105672e-03
-6.850417148233798638e-03
-6.720415142468762031e-03
-6.599983504301601585e-03
-6.487408848558216812e-03
-2.050505935737430008e+01
-3.442338471711007403e-02
-1.644041143247955764e-02
-1.216070725257647166e-02
-1.023383000597571403e-02
-9.132148379081408279e-03
-8.412832403350667398e-03
-1.823785088376800659e-02
-1.198528066435662620e-02
-1.115900019359577881e-02
-9.915518761512696552e-03
-9.105586938437600780e-03
-8.523463243196242878e-03
-8.078394261268806095e-03
-7.722716939561243173e-03
-7.430728864589711616e-03
-7.182267414714242106e-03
-6.970717138174227674e-03
-7.093682314316746701e-03
-6.903312390731015241e-03
-6.734292193395477813e-03
-1.327801633898878109e+01
-2.014517278332886643e-02
-1.246039716752656533e-02
-1.004719856503042200e-02
-8.847665896674128394e-03
-8.118402773041884235e-03
-7.620450540827936221e-03
-7.252780177161832417e-03
-6.966556205688268985e-03
-6.734811821182834675e-03
-6.541547727861705790e-03
-1.166868410700146796e+01
-1.632364694760518598e-02
-1.052644826272466569e-02
-8.736385489396971890e-03
-7.815922746185387238e-03
-9.815190960478796356e+00
-1.820166746506947320e+01
-1.474136495463441143e+01
-1.354615703290770412e+01
-6.251456318117049049e-02
-4.039410944614955229e-02
-2.913520914014100516e-02
-2.701352213362823163e-02
-7.411187366007739641e+00
-8.012193593618137655e+00
-3.525686540827398241e-02
-2.544212975582313407e-02
-2.089366051898881166e-02
-7.226763765978172493e+00
-2.420146227453381579e-02
-1.872114561449282275e-02
-1.500957226113857601e+01
-7.585902049363545174e+00
-2.904297402446709420e-02
-2.032996787632982208e-02
-1.773459708158791129e-02
-1.570566425424173990e-02
-1.430653770734342280e-02
-1.325682798002360274e-02
-1.242626875078770704e-02
-1.174715217676436385e-02
-1.117506264686655808e-02
-1.068578992518526456e-02
-1.025915258236534747e-02
-9.883618736301915536e-03
-2.247370356419352788e+01
-2.801695294015192975e-02
-1.845659369112841522e-02
-2.073318909126928983e-02
-1.629992306053580642e-02
-1.405477623213482151e-02
-8.516264667245083686e+00
-2.234615413671100365e-02
-1.588545849315753725e-02
-1.347496604757989283e-02
-1.211375797880043410e-02
-1.107159685725351075e-02
-1.040768438076608050e-02
-9.885237177822114515e-03
-9.459756561569219666e-03
-9.101209488764062938e-03
-8.793248683141786232e-03
-8.524355605900865024e-03
-8.286778788475866048e-03
-8.072788182152275047e-03
-1.397034539277587584e+01
-1.696926716513991878e-02
-1.251291099381771077e-02
-1.070857543922278284e-02
-9.706652888326070330e-03
-9.053069193425493030e-03
-8.583002652137928026e-03
-8.221594949051769935e-03
-7.930216210823010439e-03
-7.745804005450061640e-03
-7.507958196403883080e-03
-2.496114696587229531e+01
-3.728452189434483532e-02
-2.116120032423415148e-02
-1.595612603463857776e-02
-1.334195119862672391e-02
-1.020059841559984269e-02
-9.445866755354158373e-03
-8.887321121917424183e-03
-8.453616981636852268e-03
-8.104182183806077702e-03
-1.346456224357194209e+01
-2.489785098329498625e-02
-1.665987503203173944e-02
-1.345130484988722903e-02
-1.169611247662759486e-02
-1.057276205604846565e-02
-1.739615990481417285e+01
-2.683276723041862558e-02
-9.978483655853203516e+00
-2.845485726824791353e-02
-1.938960387843333827e-02
-1.564185407492839353e-02
-1.352272064692258691e-02
-1.213471670130792865e-02
-1.404214242489536701e+01
-1.481250846974354651e+01
-8.095761630134971909e-02
-4.699015060407094740e-02
-3.422286219272559216e-02
-2.740411247507382533e-02
-2.314489111557745116e-02
-2.022763579746948356e-02
-1.809719852680253052e-02
-1.647167595913966859e-02
-1.518941976717147826e-02
-1.414944558563056669e-02
-1.328838894830782803e-02
-1.553519394242671402e-02
-1.362277239346720674e-02
-1.254974458767606389e-02
-1.179022430284859708e-02
-1.812620355824121177e+01
-2.741104197030447276e-02
-1.965653023794475610e-02
-1.628662531461373339e-02
-1.435187094297547643e-02
-1.306822210814210378e-02
-1.213610844245878624e-02
-1.141824549396182158e-02
-1.084167917942497825e-02
-1.036345822975668317e-02
-9.957516225125265241e-03
-9.606514495467483039e-03
-9.298007268797861199e-03
-9.024083580934877044e-03
-8.778393442433425620e-03
-8.555849907600250950e-03
-8.353153631035094284e-03
-8.167077099084610325e-03
-7.995223050430025694e-03
-7.836231152851360834e-03
-7.688397778187978926e-03
-7.571427147176873484e-03
-7.441310109179964140e-03
-7.323665686437001894e-03
-7.207913619652631110e-03
-7.098633339244566492e-03
-6.995036490987246135e-03
-6.897109426224648683e-03
-6.803660834457975377e-03
-6.714621288594425745e-03
-6.630060398560731413e-03
-6.548885373843174248e-03
-6.471572576389908113e-03
-6.397378583503525451e-03
-6.326128259316790570e-03
-6.257713272813397558e-03
-6.192071651226233910e-03
-6.128911460203646799e-03
-6.069901778073916870e-03
-6.011056370449331665e-03
-5.954387504098386519e-03
-1.623225700586574760e+01
-1.685099413307651270e-02
-1.083443746821815233e-02
-1.388217911657042691e+01
-1.716728732643833105e-02
-1.199080612502343574e-02
-9.995178859926684076e-03
-8.907560272915476807e-03
-8.212173869551725458e-03
-7.723303000090192549e-03
-7.357393278266001653e-03
-7.071035153440938595e-03
-2.491628299493903143e+01
-4.346204167219636094e-02
-2.061899035919195072e-02
-1.480116189077206046e-02
-1.213437098070366087e-02
-1.059952136882290341e-02
-9.597709063937025220e-03
-8.888399410926409172e-03
-8.357181436672092567e-03
-7.941748727859600926e-03
-7.606689197527643359e-03
-7.329486102452874817e-03
-7.094690793501566388e-03
-6.893340132018952598e-03
-6.717819230553822435e-03
-6.562836620611151722e-03
-6.424699421055324149e-03
-6.300470674302663041e-03
-6.187720785959052033e-03
-6.085085509745490236e-03
-5.990559818900699322e-03
-5.903236344605152647e-03
-5.822379770252093800e-03
-5.747021614337680280e-03
-5.676571800060051243e-03
-5.610300574028595846e-03
-5.547885238803298980e-03
-5.488973515241128698e-03
-5.433132727824431171e-03
-5.380039950842346354e-03
-5.329317528641209882e-03
-5.281111598757672575e-03
-5.235005171713205327e-03
-5.190942494450747312e-03
-5.148547397697181456e-03
-5.108067959250866229e-03
-5.069045359290678260e-03
-5.031183433401745751e-03
-4.994825867429626004e-03
-4.959775480348292860e-03
-4.925815968873081645e-03
-4.892981193160869484e-03
-4.861070038031062995e-03
-1.283966352980097980e+01
-1.795106427220809309e+01
-1.610150203597751281e-02
-1.147895281563306343e-02
-9.444347318416925277e-03
-1.550703421551093619e+01
-2.111915492173542172e-02
-1.369015908478191448e-02
-1.094307798046072373e-02
-9.473351289797163344e-03
-8.543181193911541724e-03
-7.895207246296200021e-03
-7.413807495480577263e-03
-7.040416326123824856e-03
-6.740864797058204218e-03
-6.494128666306295782e-03
-6.286904047684712359e-03
-6.109542426697725688e-03
-5.955857330248514464e-03
-5.820885405592645008e-03
-5.763537999556185218e-03
-5.656008188111622328e-03
-5.559180982837118486e-03
-5.471643500406568605e-03
-5.329327680316751741e-03
-5.255719339326211069e-03
-5.187517983164696353e-03
-5.124406062011605673e-03
-5.065303625806126704e-03
-5.010248156688219823e-03
-4.958572180483938191e-03
-4.909747165812769661e-03
-4.863812330485939306e-03
-4.820243212850979994e-03
-4.778956146193709051e-03
-4.739639977133890646e-03
-4.702167193251393339e-03
-4.666203035669316303e-03
-4.631898431750356565e-03
-4.598985953802128303e-03
-4.567505127748356514e-03
-4.537055489714171899e-03
-4.507836571912017185e-03
-4.479507507113352806e-03
-4.452408711367787306e-03
-4.425958978977433643e-03
-4.400516218842250894e-03
-4.375817080593510759e-03
-4.351812605667079899e-03
-4.328546761337745408e-03
-4.305947607089831604e-03
-4.284160188034079157e-03
-4.263027981786226932e-03
-4.242458165563597720e-03
-4.221896443184742533e-03
-4.202146247433717965e-03
-2.278559123870784831e+01
-1.609641374558257523e-02
-1.080744489453959629e-02
-8.644495609918709592e-03
-9.475882792123585183e-03
-1.903190106573272189e+01
-8.061813716503538174e+00
-1.263925472006420699e-02
-1.043422339066568671e-02
-9.173903978220194697e-03
-2.107205095208259174e-02
-9.802338439470355880e+00
-2.487729238272965576e-02
-1.740003199687006202e-02
-1.399092388277189090e-02
-1.199661431852130228e-02
-1.067382897878920746e-02
-9.725561135583760120e-03
-9.007220543485738862e-03
-8.441887594886916119e-03
-7.983684468014770608e-03
-7.604508249337206538e-03
-7.284404156027167281e-03
-7.010005138972213654e-03
-6.772129827995160278e-03
-6.563136237501955399e-03
-6.378036638292036535e-03
-6.212649221675514526e-03
-9.473011255515615403e+00
-5.929446730993272532e-03
-5.807062347299949204e-03
-5.695115589988012164e-03
-1.537379316685055564e+01
-1.667226593154948894e-02
-1.188318732481448252e-02
-9.683183960478571398e-03
-7.535516773551747746e-03
-6.939494996409186975e-03
-6.532502874580901550e-03
-6.233310226350601176e-03
-6.618888906598483640e-03
-6.374688932793387552e-03
-6.170555473959995693e-03
-5.996288637311355391e-03
-5.844935365407410814e-03
-5.711783573440479787e-03
-5.593162617591967631e-03
-5.486696003052972913e-03
-5.389888796887670232e-03
-5.301790002653239409e-03
-5.220782319609291490e-03
-5.146131596056180077e-03
-5.076530316453723574e-03
-5.024369824111162876e-03
-2.301138765169431011e+01
-1.502972408736638794e-02
-1.047281175944579125e-02
-8.601952765184231464e-03
-7.583658295333322967e-03
-6.941173831469297194e-03
-1.121725293124752021e+01
-2.880044549255775937e-02
-1.394926499579745993e+01
-2.471783287744653765e-02
-1.551666902122962079e-02
-1.225232768024313995e-02
-1.048373658887725469e-02
-9.350571559754168594e-03
-8.554448746487938390e-03
-7.962980420049402958e-03
-7.500489757182032292e-03
-7.128201386711142951e-03
-6.821376638218033632e-03
-9.563604374068294334e+00
-1.664187637531506364e-02
-8.134807563690861443e+00
-1.504013354834464293e-02
-1.174827186124717711e-02
-1.007383971547553582e-02
-9.032019736975087365e-03
-8.308590559002975232e-03
-7.772039817562277110e-03
-7.354374234007679013e-03
-7.017856242721538448e-03
-6.739334406749744599e-03
-6.503733663518525103e-03
-6.301121635930593580e-03
-6.124674328927693333e-03
-5.968791944470275626e-03
-5.830173270824736895e-03
-5.705141950366897537e-03
-5.592150821855698672e-03
-5.489239591297353019e-03
-5.394909856839563526e-03
-5.308022426502950059e-03
-5.227467761826269134e-03
-5.152634647805406226e-03
-5.082920453279497590e-03
-5.017679095010016931e-03
-4.956311569005912403e-03
-4.893794740281159211e-03
-4.839204095108818986e-03
-4.787680176014782497e-03
-4.738791292226022904e-03
-4.692314055057156263e-03
-4.647921996349500470e-03
-1.554405220721844470e-02
-9.155183325610292966e-03
-7.341139807441050651e-03
-1.372067698352290677e+01
-1.210841736275871522e-02
-9.076328125668008812e-03
-7.733942839016228615e-03
-6.960816560341841382e-03
-6.451476626918654401e-03
-6.087052065763457094e-03
-5.810950325435643334e-03
-5.593004172099701188e-03
-5.415772501601358660e-03
-5.267800700427632994e-03
-1.737843844996522336e+01
-1.464333621389113729e-02
-9.029909158204054917e-03
-7.371741211100252093e-03
-6.563095510378071096e-03
-6.075262454238706221e-03
-1.963645963932552974e+01
-2.044155669913965898e-02
-1.376684795238114663e-02
-1.092597700946873127e-02
-9.349041218474194240e-03
-8.343695230778406732e-03
-7.642888253177707557e-03
-7.125818685976332938e-03
-6.725553102756120886e-03
-6.462044793881340995e-03
-6.194659517911251141e-03
-5.971130737826703221e-03
-5.780896087355113372e-03
-5.616745652693003188e-03
-5.473446693012254220e-03
-5.346668635321972715e-03
-5.233672653103828808e-03
-9.378332546319491314e+00
-1.856879590364876945e-02
-1.159743120251131680e-02
-9.161030258160202111e-03
-7.917446203349626926e-03
-7.158160727521161587e-03
-6.642154302902518979e-03
-6.266073608125492279e-03
-5.977414949895199295e-03
-5.747183064982729593e-03
-5.558295429678177142e-03
-5.004806141792672754e-03
-4.907123395309807672e-03
-4.820848294663706603e-03
-4.743736325482715566e-03
-4.674190347504013354e-03
-4.610531049847499570e-03
-1.925847780310343182e+01
-1.066355794734562856e+01
-4.133919148085329898e-02
-2.610083249515956702e-02
-1.888846674175171358e+01
-2.771764531411239837e-02
-1.724536664358361193e+01
-1.397604313962035150e+01
-3.224501848967183809e-02
-2.307733573028153060e-02
-1.278364899511904085e+01
-8.893110439222482455e+00
-3.040980669912764223e-02
-2.130127384398226506e-02
-1.690013050009951101e+01
-1.393232784547437753e+01
-3.162767546405181873e-02
-2.263993554639071037e-02
-1.844922172942088656e-02
-1.592115962307135563e-02
-1.419084946721044412e-02
-1.291389625435726378e-02
-1.192348341592841011e-02
-1.112700838636426597e-02
-1.047035795788089745e-02
-9.916867895716899306e-03
-9.443541599607301051e-03
-9.032392251057770258e-03
-8.672215595717380418e-03
-8.353234914109532172e-03
-8.068603015485308061e-03
-7.812927903565488816e-03
-1.348196049530708507e+01
-1.893187249968638144e-02
-1.234072551801907239e-02
-1.022593223847765090e-02
-9.141412885482560341e-03
-8.458808483229962941e-03
-7.975502916767200981e-03
-7.606412485498743534e-03
-7.310065311904054806e-03
-7.063278020196868574e-03
-6.852162432317185706e-03
-6.667775808795723888e-03
-6.504474190052944409e-03
-6.357751642248918138e-03
-6.224689413700848148e-03
-6.103072896884441899e-03
-5.991057270150350160e-03
-5.887505993392440698e-03
-5.791057360186848725e-03
-5.701155734537345296e-03
-1.270649769029321731e-02
-9.208900016628321014e-03
-7.876996294697839740e-03
-3.856355867845707763e+01
-7.763083252746509622e-02
-3.050958552695316045e-02
-2.018825629731038282e-02
-1.643871007206818646e+01
-2.428540230907500624e-02
-1.744205450457056439e-02
-1.144294219103623433e+01
-2.921578535140534072e+01
-3.362667453338363810e-02
-2.359297331120024932e-02
-1.886381173176372716e-02
-1.605515847485328162e-02
-1.416991461825958462e-02
-1.280631914295179974e-02
-1.176782335054555630e-02
-1.094718598541564135e-02
-1.028002714393770785e-02
-9.725207990101519470e-03
-9.255760419730764063e-03
-8.852647640124845438e-03
-8.501542263328764129e-03
-8.193399863583429241e-03
-7.919879854226046997e-03
-7.675238188054589288e-03
-1.940789807049439730e+01
-1.752323107224317694e-02
-1.246563259471770643e-02
-1.042077289175752895e-02
-9.319296668957257126e-03
-8.612402612140019134e-03
-8.108120255222282455e-03
-7.723563720161807922e-03
-7.415281745178401752e-03
-1.616939403393989494e+01
-1.374640063572872251e+01
-2.146509309331585957e-02
-1.469468899435520844e-02
-1.197183868032696864e-02
-1.046096655334803963e-02
-9.484676396238563706e-03
-8.794058821064399192e-03
-8.273304685207035630e-03
-7.863959958483905319e-03
-7.530541072230892245e-03
-7.251913235118056557e-03
-7.014721394211335254e-03
-6.808709391377683329e-03
-6.627827303326692086e-03
-6.466901162428052505e-03
-6.322167291776820651e-03
-6.191228274260814589e-03
-6.072002735403378773e-03
-5.962285552423370397e-03
-5.860985817422747525e-03
-5.767002557468659148e-03
-5.679681699819241411e-03
-5.597710120886326655e-03
-5.521008780238445893e-03
-5.448682490973924541e-03
-5.380414576401892392e-03
-5.315812850513777083e-03
-5.254450131779299198e-03
-5.196094403458242569e-03
-5.140535393323409329e-03
-5.087508432326224433e-03
-5.036876044692745191e-03
-4.988276577735806065e-03
-4.941752825509253613e-03
-4.897038975869859138e-03
-4.854084770816812985e-03
-4.812616684372989298e-03
-4.772670983418890282e-03
-4.734262055013577393e-03
-4.697144424019992180e-03
-4.661066464479590374e-03
-4.626323426188971161e-03
-4.592708174836783973e-03
-4.559941259205830925e-03
-4.528476653650015220e-03
-4.497578783695999928e-03
-4.467690314027633613e-03
-4.438778785485241081e-03
-4.410494655763085373e-03
-4.383110476927607607e-03
-4.356432016313585391e-03
-4.330353077919718748e-03
-4.304900542756587463e-03
-4.280183717476377693e-03
-1.388238491634066936e-02
-8.552201913511060793e-03
-6.911495414136423210e-03
-6.118439140289095267e-03
-5.651054426931949835e-03
-5.341681567142496194e-03
-5.120634115581481662e-03
-4.953538105788322064e-03
-4.821968190887818834e-03
-4.714644531122915219e-03
-4.625089034322691153e-03
-4.548481768571277853e-03
-1.386850910576932705e+01
-2.509456941206588201e-02
-1.147623496452121472e-02
-8.468304685839487048e-03
-7.145726087286095700e-03
-6.402313330020665064e-03
-5.924303397748080686e-03
-5.589156667797743824e-03
-5.340097793480774388e-03
-5.146717449370300825e-03
-4.991249156232143228e-03
-4.862679122618008588e-03
-4.754390716052580776e-03
-4.661292762184152637e-03
-1.643123892292752330e+01
-3.992147789454045942e-02
-2.251436102494233649e-02
-1.620235792896485352e-02
-1.297633138972176942e-02
-1.103029265188238198e-02
-9.732035297879011379e-03
-8.805933687365227400e-03
-8.112446216372443120e-03
-7.573818743965846784e-03
-7.143020961446649650e-03
-6.790345397913379911e-03
-6.496060845360952796e-03
-6.246390473331224144e-03
-6.032240287334001555e-03
-5.845548535542920664e-03
-5.681566649589552161e-03
-5.536353637038692564e-03
-5.406367052392871755e-03
-5.289831235419228429e-03
-5.183887807454555345e-03
-5.087557902905319451e-03
-4.999487889868213346e-03
-4.918341854178841926e-03
-4.843498912232305220e-03
-4.774202460361293317e-03
-4.709414253506032447e-03
-2.760617499575881340e+01
-6.885488736405442900e-02
-2.493085434975766262e-02
-1.619805270336160605e-02
-1.247932636651884024e-02
-1.043575175258665798e-02
-9.148429009780266463e-03
-8.263657891981581252e-03
-7.618011852254656657e-03
-7.125318625999145158e-03
-6.736664570730138343e-03
-6.421363405034195664e-03
-1.555674564324088749e+01
-4.203760576936286381e-02
-2.245909212235931207e+01
-1.297921801175265857e-02
-1.056263058353771114e-02
-9.179978193416440946e-03
-8.278512107509714696e-03
-7.638441223696838984e-03
-7.157303257310715545e-03
-6.780216047144721654e-03
-6.474906498128738669e-03
-6.221357503492967213e-03
-1.497510206693364054e+01
-1.851414130113611736e-02
-1.105677593760636020e-02
-2.083158516375274716e-02
-1.839651738777407886e+01
-4.055889367310932386e-02
-2.524737149986562221e-02
-1.898424482295794913e-02
-1.555061212573543086e-02
-1.337443227658161038e-02
-1.939048650707163901e+01
-3.561667781956025930e-02
-2.359629875639907698e-02
-1.846216852805319247e-02
-1.554804684028362159e-02
-1.364189515428082533e-02
-1.228225617435639745e-02
-1.125647075697851912e-02
-1.045065040666012628e-02
-9.797747674707302928e-03
-9.256133349756728509e-03
-8.798925639233194998e-03
-8.406182014304880087e-03
-8.065132508848991619e-03
-7.765629122546211481e-03
-7.500241715333351086e-03
-7.263066863380311135e-03
-7.049534582135218164e-03
-3.605050965714680444e+01
-6.680322806027458142e-03
-6.519379660234883751e-03
-6.371323985646081163e-03
-6.234647566651954805e-03
-6.108418105992240166e-03
-5.990806819278686988e-03
-2.538941696952710589e-02
-1.793714521120106167e-02
-1.385409931388389797e-02
-1.165884630632468486e-02
-1.028549974766949753e-02
-9.342444622787814471e-03
-8.650489019400841098e-03
-8.119715101737741067e-03
-7.696695449682550670e-03
-7.350766738477646119e-03
-7.060315337484970692e-03
-6.813215700571541820e-03
-4.970145630790087296e-03
-6.410571588659559790e-03
-6.243331962986009044e-03
-6.102934344635634230e-03
-5.967424746504971372e-03
-5.843993868686881560e-03
-5.731088908637130448e-03
-5.627381139819102353e-03
-5.531307191763261584e-03
-5.442028409949659085e-03
-1.550122638987040879e+01
-1.571994078650307181e+01
-3.191180478038834617e-02
-2.030710120829582951e-02
-1.546152275669012213e-02
-1.281135284699881291e-02
-1.114460344953856034e-02
-9.998191297338745662e-03
-9.161832866254748450e-03
-8.523224315013755784e-03
-8.018181843174300438e-03
-7.608245731941996187e-03
-7.267916024362294433e-03
-6.980385810955996341e-03
-6.733442768706326964e-03
-6.518535647665055915e-03
-6.329945690407350230e-03
-6.162056928278998764e-03
-6.011946055180174449e-03
-5.876556347304422862e-03
-5.753331319095089311e-03
-5.641145413279916553e-03
-5.540050694860117718e-03
-5.444871209436631665e-03
-5.356414915197304540e-03
-5.274440156292743535e-03
-5.197529114310383419e-03
-5.126957973321633055e-03
-5.059516998678893068e-03
-4.995757840937577361e-03
-4.935806083861127291e-03
-1.229342682454617552e+01
-1.311576559133894801e-02
-9.105411371421210515e-03
-7.583141023681499310e-03
-6.777687553030257127e-03
-6.276283477972861499e-03
-5.930633284612346103e-03
-5.675285591985676156e-03
-5.476864358683425534e-03
-5.316612917932716890e-03
-1.966390756856764099e+01
-1.535364847579606326e-02
-9.839069040622965695e-03
-7.982422789152543094e-03
-7.040891193601844268e-03
-6.465069079556570904e-03
-6.071836681869238750e-03
-5.782640752768291627e-03
-5.559336288018554978e-03
-5.379847695780278112e-03
-5.230989875376267258e-03
-5.105115282735391870e-03
-4.996292241398168216e-03
-4.901103629246631767e-03
-4.816284668150153797e-03
-4.740444627649162586e-03
-4.671381433511680170e-03
-4.608433876919237199e-03
-4.550587332487817695e-03
-4.496984673736667895e-03
-4.447039108230906729e-03
-4.400534897244012811e-03
-4.356798418432480773e-03
-4.315553723469521021e-03
-4.276703428636806359e-03
-4.239768402556314333e-03
-4.204777078661984732e-03
-4.171363787248974324e-03
-4.139416551628739144e-03
-1.392324155020991228e+01
-2.697010450946111387e-02
-1.433466005428491591e-02
-1.058561767736522150e-02
-8.761907454811741422e-03
-7.681183440717056013e-03
-6.965280807238143426e-03
-6.455740800333176210e-03
-6.074007219284760679e-03
-4.573149557238899376e+01
-5.714284731510215626e-02
-2.884866363720059793e-02
-1.998943157913907545e-02
-1.566710798326424736e-02
-1.311606136795770948e-02
-1.143339050693655511e-02
-1.024005683002240583e-02
-9.349696006002029824e-03
-8.658780674138397485e-03
-8.106925280522319852e-03
-7.655502754164890053e-03
-7.279052689874348885e-03
-6.959992501952646897e-03
-3.716407603505942348e+01
-1.929415339777086347e-01
-1.007998221415128959e-01
-6.780824592566291054e-02
-5.103298821557915310e-02
-4.095562999627395256e-02
-3.427067915882889976e-02
-2.952769024554587410e-02
-2.599069601675501121e-02
-2.326152980815569121e-02
-2.109299109801748839e-02
-1.932885901627550210e-02
-1.786884840701076851e-02
-1.663779808034150307e-02
-1.558718530217745660e-02
-1.468363111350640994e-02
-1.389464581031069415e-02
-1.319992493605365996e-02
-1.258526463429989958e-02
-1.203679388338028608e-02
-1.154452791365482255e-02
-1.110021373855637344e-02
-1.069742795479877197e-02
-1.033047735010528788e-02
-9.993470926061455775e-03
-9.686189304448721005e-03
-9.402000856722433214e-03
-9.137054576825945004e-03
-8.893082745715059217e-03
-8.666679772845979970e-03
-8.454099439965636481e-03
-8.256861336744674568e-03
-8.071517484820343868e-03
-7.897593787775152030e-03
-7.733654378705023466e-03
-7.579421530576484906e-03
-7.433608801211489051e-03
-7.295748687605170188e-03
-7.165407479394416898e-03
-7.041617372113363575e-03
-7.041617372113363575e-03
-6.923844664643180949e-03
-6.811926261886940351e-03
-6.705294666717770934e-03
-6.603545210924766096e-03
-6.506302712221142572e-03
-6.413391344654927918e-03
-6.324527850889305122e-03
-6.239365863672640539e-03
-6.157652170225506004e-03
-6.079289796461079254e-03
-6.004065642083895003e-03
-5.931583796300686669e-03
-5.861872074075868445e-03
-5.794727441121428832e-03
-5.730078601391391975e-03
-1.220039026815164718e+01
-1.353297900649914377e-02
-1.007596892255961142e-02
-8.592443116706482975e-03
-7.763986544562956858e-03
-7.230027106694908098e-03
-6.853203623525798253e-03
-6.569618476030336836e-03
-6.346064659422164661e-03
-6.163584230711531206e-03
-6.009652024917582630e-03
-5.877687462210597416e-03
-5.761931255695599760e-03
-1.341637555585324115e+01
-5.566849027978276396e-03
-5.482555706175515700e-03
-5.405383326646337298e-03
-5.334126774539869539e-03
-5.267690876895865168e-03
-5.205605575602702956e-03
-5.149741600394415822e-03
-5.094621842497503751e-03
-5.042306039505053614e-03
-4.992640087993722997e-03
-4.945246125266374027e-03
-4.900101907146426142e-03
-4.856886272580161062e-03
-4.815228351996192133e-03
-4.775475036514516616e-03
-1.175992574107452349e+01
-1.946506920916611996e-02
-1.043431341640277225e-02
-8.099113376182775700e-03
-7.028957430080965373e-03
-6.413910168215959488e-03
-6.012653138406792719e-03
-5.728323646700938902e-03
-5.514595221874110838e-03
-1.456682958995640575e+01
-1.501857313976336442e-02
-9.844652455052714871e-03
-8.044694624065061583e-03
-7.118748674141841572e-03
-6.547984438780838669e-03
-6.156904325519287242e-03
-5.868855288123513841e-03
-5.646089658244858762e-03
-5.466879041492895067e-03
-5.319014923822953413e-03
-5.193614595713076133e-03
-5.085494643626591559e-03
-4.991002358327101956e-03
-4.907107316257093392e-03
-4.831613123063343597e-03
-4.763529873766512122e-03
-4.701371594357407237e-03
-4.644166272452645433e-03
-4.591219593524301437e-03
-4.542053166705219830e-03
-4.496090632493881384e-03
-4.453072549477543954e-03
-4.412373954695560270e-03
-4.374055455556073724e-03
-4.337681157984670834e-03
-4.303058248727576092e-03
-4.270058604850887445e-03
-4.238489403520196222e-03
-4.208370060737903762e-03
-1.162915153894091702e+01
-1.367224578694275182e-02
-8.800465280138182120e-03
-7.113493822178256279e-03
-6.262409217630983578e-03
-5.749598509114213322e-03
-5.405778967362275325e-03
-5.158222795905125294e-03
-4.970141556103414154e-03
-4.821679728917774820e-03
-4.700750389400845837e-03
-4.599762565589579806e-03
-4.513666288379173351e-03
-4.439017425250880479e-03
-4.373499544295695630e-03
-4.314976752196820337e-03
-4.262263870930396888e-03
-1.603280915968570852e+01
-1.190911500293150363e-02
-1.053471272338927199e-02
-8.098627211125303607e-03
-6.938240042242235783e-03
-6.252800824541932326e-03
-5.797962292311440065e-03
-5.472821142690906075e-03
-5.227448261007430069e-03
-5.034870924767389719e-03
-4.878599557529060202e-03
-4.749477898491393478e-03
-4.639761040664366031e-03
-4.545242796192517851e-03
-4.462768280242211151e-03
-4.389885208296016340e-03
-4.324820101506044942e-03
-4.266112705716126885e-03
-4.212696361605038596e-03
-4.163762713823128750e-03
-4.118942795171893177e-03
-4.077370079893480152e-03
-4.038630549010983027e-03
-4.002422927373933993e-03
-3.968486318867716321e-03
-3.936547220553500252e-03
-3.906425169836645443e-03
-3.877796671079203252e-03
-3.850670702291987633e-03
-3.824760603540805839e-03
-3.799994502871096875e-03
-3.776425751078667063e-03
-3.753692104184654706e-03
-3.731887124232902749e-03
-3.711060542103515689e-03
-3.690685436848378190e-03
-3.671247782812478346e-03
-3.652520522178125204e-03
-1.345647730015010524e+01
-2.103904542909854763e-02
-9.773937014876986698e-03
-1.774029924573833128e+01
-2.283330641100663264e-02
-1.384763302425168208e-02
-1.050414166289746938e-02
-8.746720659181063395e-03
-7.662026222724352582e-03
-6.925397772435045417e-03
-6.391965062816548290e-03
-5.988137702250933767e-03
-5.671257862450500634e-03
-5.415832232156908045e-03
-5.205012316779191600e-03
-5.028482661542099663e-03
-4.878037212440225132e-03
-4.747746659174554087e-03
-4.634363396669220758e-03
-4.534079715452723862e-03
-4.445102359320701052e-03
-4.365111951676074395e-03
-4.292997997043962802e-03
-1.745849408123814683e+01
-1.339585959059564312e-02
-8.709707379279809508e-03
-7.040637426939808791e-03
-6.183160381383345956e-03
-5.658126995312140299e-03
-5.300820526542769813e-03
-5.040006240188807732e-03
-4.839640771044769786e-03
-4.679833043114008453e-03
-4.548467905714828272e-03
-4.438067029478597915e-03
-3.029156313233545461e+01
-2.326232623132490351e-02
-1.207871192448113293e-02
-8.945901095426700422e-03
-7.473133227332794809e-03
-6.616038779081222579e-03
-6.053595238357307139e-03
-5.654327901782971004e-03
-5.354716218710817502e-03
-5.120557739952845931e-03
-4.931652215998265192e-03
-4.775247204682466114e-03
-4.643370538277441679e-03
-4.530047926563129761e-03
-1.863960612588405397e+01
-1.305897194970093503e-02
-9.061910014648689657e-03
-7.429046846977119430e-03
-6.537445756858801561e-03
-5.971927483761058260e-03
-5.578339623397571279e-03
-5.286427116517788266e-03
-5.059837672871047264e-03
-4.877590999716307357e-03
-1.986964428251544135e+01
-2.026663194894991887e-02
-1.040709169432174792e-02
-7.923544383306845712e-03
-6.775339372995807866e-03
-6.106305006661020066e-03
-5.663133321206314900e-03
-5.344667149033472189e-03
-5.102503750492839302e-03
-4.910246760097484141e-03
-4.753220520033109298e-03
-4.621730260042743524e-03
-4.509170539171313344e-03
-4.411446795583815264e-03
-4.325564443770323932e-03
-4.249039657974000399e-03
-4.180339366891118111e-03
-4.118129183329517252e-03
-4.061311901454062179e-03
-4.009229071184270722e-03
-3.961117492987146875e-03
-3.916602125100273821e-03
-3.875075762418792990e-03
-3.836289288677850393e-03
-3.799832291561799393e-03
-3.765549434535293578e-03
-3.733203138546495065e-03
-3.702507043848006236e-03
-3.673442793994442963e-03
-3.645751804322395605e-03
-3.619445704959789976e-03
-3.594286360371460459e-03
-3.570224047145394240e-03
-3.547116222531830100e-03
-3.524967017205695580e-03
-3.503693480466612241e-03
-3.483252303693388629e-03
-3.463502545205813035e-03
-3.444473102295191828e-03
-3.426115099606207373e-03
-3.408329588830234878e-03
-3.391104385979620481e-03
-3.374445538678430643e-03
-3.358289436497593258e-03
-3.342578303032224876e-03
-3.327321724635320336e-03
-3.312504110499158404e-03
-3.298126499495846776e-03
-3.284044816705250589e-03
-1.524342122315599646e+01
-1.009766628865968463e-02
-7.109474851889351771e-03
-5.865566117688438864e-03
-5.189970880535463467e-03
-4.767261787824198307e-03
-4.478172810545258398e-03
-4.267770512139216176e-03
-4.107403384213921017e-03
-3.980831041196035945e-03
-3.878180412315739012e-03
-3.792821226947043229e-03
-3.720535484717745617e-03
-3.658462916941770254e-03
-3.604297153208128705e-03
-1.060480119649663718e-02
-1.964979363288957614e+01
-2.932341661909445424e-02
-1.378277673112478403e-02
-9.864166611048157118e-03
-8.036734017403159014e-03
-6.972076863553462039e-03
-6.272501132422312470e-03
-5.776470900098426044e-03
-5.406047266835353922e-03
-5.117885212632415116e-03
-4.887185151795560116e-03
-4.690607091735340094e-03
-4.533418820942072998e-03
-4.399421384016738261e-03
-4.284110565399992278e-03
-4.183283683103233147e-03
-4.094425488862325248e-03
-4.015538966562439381e-03
-1.494934149569334281e+01
-3.284253111638742867e-02
-1.531868520362129546e-02
-1.070784911007025171e-02
-8.595779993717328482e-03
-7.387895002714267405e-03
-6.606819835325410291e-03
-6.059779157505414474e-03
-5.654534100465413889e-03
-5.341097040466834256e-03
-5.091362439964809694e-03
-4.886820500842286967e-03
-4.716104740096431665e-03
-4.570857635783486840e-03
-4.445683867935320589e-03
-4.336526776281939173e-03
-4.240016893187859709e-03
-4.154196040962803219e-03
-4.077093180395843612e-03
-4.007530876618484866e-03
-3.944121546295586110e-03
-3.886191587865658707e-03
-3.833168458631795814e-03
-3.833168458631795814e-03
-3.783856032448543356e-03
-1.672134159944928200e+01
-9.207997307356548949e-03
-6.818452123063750182e-03
-5.788770411180999345e-03
-5.213961826152086441e-03
-4.844832473244906242e-03
-4.585831052568175789e-03
-1.612976740206777748e+01
-1.323731546151576260e-02
-9.006195620588040851e-03
-7.293994913996474684e-03
-6.360525330219921405e-03
-5.768709562884183177e-03
-5.357252235415554953e-03
-5.052835297719454437e-03
-4.817126358492082941e-03
-4.628333018758194750e-03
-4.472848357235161346e-03
-4.342299107945447705e-03
-4.230611975759189167e-03
-4.133631895279010239e-03
-1.073891115646209010e-02
-7.526973511411541758e-03
-6.265847451803360953e-03
-5.585339147607263147e-03
-5.154398988133912507e-03
-4.853834139044128221e-03
-4.629656903130116921e-03
-1.609386294385227245e+01
-1.752118154833254282e-02
-1.074830125471238663e-02
-1.489020533266070778e+01
-7.093600625263362172e-03
-6.331479446755296052e-03
-5.813578581489177791e-03
-5.436288806360379568e-03
-5.147759461801223145e-03
-4.918824331978622136e-03
-4.732001924398985745e-03
-4.575918950413000903e-03
-4.443120577304696291e-03
-4.328474627458529268e-03
-1.302245180655070023e+01
-1.521015777400162167e-02
-9.994042974922304201e-03
-7.943957591650627550e-03
-6.847784242286843355e-03
-6.161699420039055269e-03
-5.689264602359111675e-03
-1.638641053809355697e+01
-1.419318525466316087e-02
-9.426559925662818251e-03
-7.649889078581657668e-03
-6.698412989666857088e-03
-6.094283381060933494e-03
-5.670694339581304477e-03
-5.353236303481578341e-03
-5.104798815036788728e-03
-4.903220077146800034e-03
-9.944125638406083045e-03
-7.487551541712596063e-03
-6.429425488034301236e-03
-5.823009093062436747e-03
-5.420452771672749220e-03
-5.128943824792880218e-03
-4.904495661385187971e-03
-4.724660849225990195e-03
-4.575800697976429784e-03
-4.449577154453862593e-03
-4.340727920015283528e-03
-4.245366127300549859e-03
-4.160834742285008173e-03
-4.084923073967553289e-03
-4.016422448760903832e-03
-3.954014880052019593e-03
-3.896836190953724931e-03
-3.844183791196837362e-03
-3.795385806609037453e-03
-3.750009595646957867e-03
-3.707534566736245783e-03
-3.667893779219598329e-03
-3.630594677002432855e-03
-3.595389592330242631e-03
-3.562142103923500360e-03
-3.530646350062067573e-03
-3.500752387652013992e-03
-3.472328772890943740e-03
-3.445144292737988174e-03
-3.419254747714513178e-03
-3.394539602968364277e-03
-3.370784410314543126e-03
-3.348016166081854966e-03
-1.430856477234008750e+01
-1.654438953105675375e-02
-1.037038771359746238e-02
-8.054521034549969039e-03
-6.773871715832906724e-03
-5.992904606786113829e-03
-5.468171399113608451e-03
-5.091312884453976818e-03
-4.807671548647345777e-03
-4.586029442910197380e-03
-4.407599517016083483e-03
-4.260817805744415709e-03
-4.137472950652375074e-03
-1.606657158359020343e+01
-1.444874257591100708e+01
-1.301117935532848657e-02
-9.417833162145899592e-03
-7.716313502077208619e-03
-6.724302376375656046e-03
-6.073368082408065610e-03
-5.611615916584660954e-03
-5.266294277285811856e-03
-4.996734493374516660e-03
-4.780348062775119540e-03
-4.602005687587773335e-03
-4.452007287432306268e-03
-4.323861023391186581e-03
-2.422575524728912555e+01
-6.601090309961592240e-02
-2.775109283985738307e-02
-1.814567100470466238e-02
-1.381049646124687773e-02
-1.136026492297321014e-02
-9.790905758181898261e-03
-8.701966391631704711e-03
-7.900348121332051790e-03
-7.287069989098546308e-03
-6.802705668201083043e-03
-6.409203982484873441e-03
-6.083449873320886415e-03
-5.808960569453623310e-03
-5.574350202917180939e-03
-5.371161010913103918e-03
-5.193345664599712322e-03
-5.036466790476160083e-03
-4.896807317096865675e-03
-4.771693212381967510e-03
-4.658668649841455310e-03
-4.556197690606145732e-03
-1.032959719887318988e-02
-7.663128711327524614e-03
-6.529290602638344702e-03
-5.890810431309836601e-03
-5.474480536646389971e-03
-5.176519389429622316e-03
-4.949323913509247677e-03
-4.768492538706830056e-03
-4.619286734391207794e-03
-4.493255833541297435e-03
-1.499390672200932428e+01
-1.607639380084701131e+01
-3.098139121785061997e-02
-1.236766537769270435e+01
-2.172960320182619476e-02
-1.536626962733551177e-02
-1.231294730528760539e-02
-1.048242932835924748e-02
-9.253600013478557526e-03
-8.368287256764399967e-03
-7.698646983858240499e-03
-7.173490125105304836e-03
-6.749669714255534733e-03
-6.400021469917370302e-03
-6.106160774314681183e-03
-5.855314446054435060e-03
-5.638663307654020670e-03
-5.449004540056278691e-03
-5.281658950630065824e-03
-5.132673749842922920e-03
-4.998899223034440967e-03
-4.878655169675261659e-03
-4.769147594341068171e-03
-4.669020110646936346e-03
-4.577300714916519506e-03
-4.492864777534415384e-03
-4.414826527636409557e-03
-4.342214681732115694e-03
-4.274532903183070158e-03
-4.211527326249694426e-03
-4.152354396791225338e-03
-4.096806708037827732e-03
-4.044426890090354991e-03
-3.995103244686811460e-03
-3.948370640005909038e-03
-3.904108782947226033e-03
-3.862120364843409526e-03
-3.822124405609067695e-03
-3.784045379473844044e-03
-3.747778413514217880e-03
-3.713027771374153609e-03
-3.679825836453045999e-03
-3.648007251032176802e-03
-3.617463848251011548e-03
-3.588233811176841544e-03
-3.560007970999620134e-03
-3.532947798134265967e-03
-3.506846052338957048e-03
-3.481641409056767788e-03
-3.457348876028316139e-03
-3.433887748352511520e-03
-3.411162122544194545e-03
-3.389232985413902655e-03
-3.367985053333496463e-03
-3.347376233261981342e-03
