1.054193976510980768e+01
8.422104222336391999e+00
6.728538255135828372e+00
5.375525020719148728e+00
4.294584141679266942e+00
3.431005693536977486e+00
2.741081159121150801e+00
2.189891199481249551e+00
1.749538273296371127e+00
1.397734651956227259e+00
1.116674365212585451e+00
8.921319829271926460e-01
7.127426193538400900e-01
5.694267186359952548e-01
4.549305080480973706e-01
3.634588598160787276e-01
2.903819794428116330e-01
2.320010750527868315e-01
1.853611474766115041e-01
1.481014257079195373e-01
1.183358776915784810e-01
9.455774856670098871e-02
7.556329452929066992e-02
6.039085192664866986e-02
4.827215720384358394e-02
3.859345313237983605e-02
3.086441169422045674e-02
2.469329905947225887e-02
1.976712321014405943e-02
1.583575579334114969e-02
1.269921943096568445e-02
1.019749023810335477e-02
8.202291425406378969e-03
6.610455870293586653e-03
5.338523099396932058e-03
4.318323012774458354e-03
3.493406265061704038e-03
2.816339164172739374e-03
2.247113381053060001e-03
1.753188352503524125e-03
1.311740882232988962e-03
9.138981476003358272e-04
5.682214334359807304e-04
2.971016737722310692e-04
1.204262545834242629e-04
3.389514833118342264e-05
5.712231523012055208e-06
4.720815285304413734e-07
1.456370488773648740e-08
1.143912515255229233e-10
1.572748646088708701e-13
