1.317385206789999964e-02
1.183771553280000069e-02
1.086999933809999937e-02
1.012960724500000000e-02
2.767017898679999949e-02
1.674209691710000156e-02
1.337672483660000064e-02
1.165271550069999981e-02
1.056617259339999969e-02
2.208096199479999897e-02
1.600700568590000122e-02
1.333732898380000052e-02
1.178373595840000003e-02
1.074138049319999996e-02
9.979322965619999430e-03
9.389645598760000197e-03
8.908601430450000663e-03
8.515346811069999383e-03
8.181312846100000438e-03
7.892334744930000479e-03
1.422889722039999937e-02
1.093738559610000008e-02
9.559508129140000324e-03
8.764774925739999764e-03
8.228307907540000424e-03
7.828931435219999707e-03
7.513050177189999936e-03
7.252733141229999840e-03
7.031879457210000323e-03
1.655708213300000065e-02
1.165959592640000014e-02
3.245147187659999655e-02
1.724570875370000020e-02
1.316463961359999948e-02
1.117991401409999981e-02
9.979896621859999511e-03
9.163329884780000573e-03
8.566804477880000240e-03
8.103948497739999965e-03
7.728503621619999681e-03
2.423212222219999976e-02
1.324641182070000062e-02
1.052874199939999970e-02
9.238426840509999377e-03
8.409065125210000644e-03
7.875098416480000307e-03
7.477424996959999674e-03
6.106180668960000356e-03
5.989984679919999923e-03
5.882876617249999801e-03
5.783581767679999742e-03
5.691128880159999730e-03
5.604823045029999791e-03
5.523987731840000227e-03
5.447945068080000015e-03
5.376021106140000359e-03
5.308068757159999616e-03
5.243634599750000153e-03
5.182366352769999726e-03
5.124047199460000229e-03
5.068405810740000093e-03
5.015092109689999779e-03
4.970085159730000014e-03
4.921043275590000418e-03
4.874061147139999682e-03
4.828864904520000119e-03
4.785311416589999901e-03
4.745105548469999782e-03
4.702012198600000366e-03
4.663109945649999630e-03
4.629048788800000334e-03
4.591856059499999608e-03
4.555981030610000392e-03
4.522642799370000209e-03
4.489365238660000118e-03
4.506377893629999638e-03
4.471917075120000230e-03
4.438077210530000025e-03
4.408214580419999966e-03
4.379265780310000016e-03
4.350899426199999857e-03
4.323384589420000215e-03
4.296594866089999999e-03
2.881089070409999925e-02
1.588550140169999944e-02
1.785471653999999922e-02
1.294931476869999945e-02
1.059927090300000034e-02
9.197403873380000094e-03
2.766184004319999917e-02
1.550660379660000025e-02
1.189934451340000053e-02
1.008331842950000064e-02
8.961303335900000847e-03
8.187259176049999781e-03
7.614478805459999958e-03
7.170449520050000206e-03
6.814306545669999646e-03
6.521127909190000023e-03
6.274314510050000085e-03
6.063573893900000081e-03
5.880521096500000364e-03
2.772188517610000083e-02
1.694597370850000131e-02
1.293082826440000027e-02
1.082688540880000043e-02
9.527408058540000335e-03
8.640260776910000176e-03
7.992726557230000334e-03
7.496722692860000210e-03
7.102758267529999704e-03
6.781066778650000036e-03
6.511451333060000284e-03
6.279103407740000038e-03
1.348534239469999924e-02
9.941206171599999142e-03
8.452573646550000722e-03
7.611196847750000168e-03
7.046763326950000218e-03
6.647399104729999862e-03
6.328322185779999831e-03
6.081724890360000295e-03
1.753677783120000111e-02
2.879421771399999844e-02
1.671905775189999957e-02
1.282788227439999977e-02
1.081092703209999943e-02
9.555209219079999206e-03
2.810087573640000086e-02
1.521131801160000019e-02
1.180183438410000070e-02
2.149879820009999859e-02
1.287119737339999931e-02
1.055214668659999917e-02
9.327452663280000333e-03
8.528040333069999285e-03
7.948376531049999166e-03
7.501157562550000123e-03
2.217691288839999941e-02
3.454179771270000227e-02
1.852294478080000056e-02
1.417378426260000081e-02
1.195819945319999932e-02
5.796832730950000206e-02
2.510052154309999964e-02
1.784198934869999850e-02
1.449662764629999941e-02
1.252498144209999997e-02
1.120384331190000041e-02
1.024519055699999945e-02
9.511549370109999291e-03
8.928163570839999647e-03
8.450736332550000049e-03
8.051295823359999951e-03
7.710771512169999932e-03
7.416267616730000227e-03
7.158421235040000365e-03
6.930157311949999843e-03
6.726556851200000096e-03
1.384265384000000002e-02
1.011270774140000071e-02
8.671360708790000135e-03
7.877180381119999394e-03
7.357107368790000157e-03
6.979549649600000349e-03
6.720458154359999943e-03
6.448047987809999750e-03
6.248645283609999788e-03
6.077123652959999685e-03
5.926955436460000330e-03
5.793102364649999926e-03
2.746714262219999980e-02
1.642333944730000120e-02
1.253170615449999969e-02
1.053202800869999962e-02
9.310865117110000283e-03
8.481266884810000767e-03
7.878271138600000459e-03
7.417195099699999683e-03
7.050848808229999605e-03
6.751457906699999574e-03
6.515872512629999891e-03
6.301897182429999807e-03
6.116390055629999933e-03
5.953516108290000074e-03
5.808833542860000233e-03
5.679231606859999615e-03
5.561961836369999981e-03
5.455129443300000408e-03
5.357131696199999779e-03
5.266919889860000037e-03
5.183337391129999583e-03
1.482853599079999966e-02
9.369928083569999469e-03
7.672623143689999946e-03
6.834541677260000218e-03
6.327206671850000262e-03
5.981598560500000009e-03
5.727177852469999934e-03
5.528907044079999639e-03
5.368219053319999920e-03
5.234011069930000377e-03
5.118961068089999782e-03
5.018637395139999985e-03
4.929634955630000058e-03
4.849617704079999675e-03
4.777020976180000426e-03
4.710622073110000071e-03
4.649315404800000162e-03
4.592485072019999656e-03
4.539286096779999828e-03
4.490316734649999961e-03
4.443451913280000408e-03
4.399236661779999669e-03
4.357122383919999689e-03
4.317206916629999849e-03
4.279157242470000254e-03
4.242833533499999928e-03
4.207951847909999731e-03
3.209014551770000140e-02
1.768585422729999912e-02
1.280734489040000028e-02
1.038034691820000077e-02
8.938604036780000220e-03
7.985947991450000408e-03
7.311534669840000049e-03
6.807642855630000045e-03
6.417008086540000079e-03
6.104712718469999626e-03
5.849024348120000251e-03
5.635357550109999780e-03
5.453717532410000055e-03
5.297057260680000136e-03
5.160359566809999757e-03
5.039697975389999772e-03
4.932399933939999627e-03
4.835852484839999604e-03
4.748726824840000110e-03
4.669166988050000092e-03
4.596358265290000078e-03
4.529388864539999997e-03
4.467390441370000347e-03
4.417211729249999677e-03
4.363592786089999856e-03
4.313155270430000382e-03
4.265876136560000330e-03
4.221491999059999618e-03
4.179410311139999772e-03
4.139608890249999937e-03
4.101731677449999697e-03
4.065682644920000366e-03
4.031377340119999923e-03
3.998648789290000158e-03
3.967226988399999779e-03
3.937140154080000058e-03
3.908296843239999867e-03
3.959764483420000376e-03
3.931778657429999685e-03
3.904767825400000045e-03
3.878796305780000172e-03
3.853475933499999825e-03
3.829133294570000092e-03
7.068155877760000372e-02
3.531242883730000004e-02
2.187294622449999920e-02
1.617411316789999984e-02
1.306162257059999970e-02
1.111458406989999925e-02
9.788114562999999588e-03
8.829329529699999485e-03
8.107092146280000036e-03
7.541199710619999642e-03
7.089498994740000073e-03
6.716513816810000190e-03
3.337951854619999881e-02
1.943498325589999853e-02
1.283242777149999903e-01
7.421470463130000472e-02
5.231261790740000112e-02
5.452514965050000301e-02
3.876706187969999884e-02
3.152033263839999766e-02
3.775376643850000130e-02
2.943033182870000153e-02
2.497468288610000045e-02
2.198346264450000073e-02
3.243904619060000022e-02
2.444151145350000054e-02
2.081075527010000162e-02
1.852447920920000102e-02
1.687217450670000160e-02
1.558793345329999996e-02
1.454767478349999928e-02
1.367628792849999962e-02
1.293248154160000010e-02
1.228919921120000085e-02
1.172354254279999938e-02
1.122286238449999966e-02
1.077358357370000047e-02
1.037078723389999943e-02
1.000613023910000045e-02
9.672694372819999609e-03
9.368170511390000108e-03
9.092178162459999685e-03
8.834606753450000363e-03
8.585604248409999320e-03
2.542197226590000095e-02
1.494239025720000072e-02
1.216428519319999978e-02
1.072179073139999973e-02
9.847990849290000348e-03
9.243357428150000485e-03
8.787316827179999720e-03
8.420901408679999298e-03
8.119772633089999622e-03
7.862207523339999338e-03
7.637682151589999906e-03
7.438036751380000186e-03
7.258503063340000262e-03
2.877900357539999940e-02
4.709046837670000096e-02
2.329191272310000144e-02
1.689526952400000059e-02
1.385514530969999929e-02
1.206419636519999970e-02
1.087553079489999956e-02
1.002267035390000047e-02
9.376465531780000737e-03
8.866302835830000215e-03
8.451308290150000638e-03
8.104566412100000505e-03
7.809368744880000254e-03
7.562841104420000259e-03
7.338760821959999792e-03
7.139232522059999961e-03
6.960381775469999706e-03
6.789394616780000148e-03
6.642032238220000120e-03
6.506880998789999968e-03
6.382157927630000005e-03
6.266168947590000302e-03
6.158548157829999738e-03
6.057843481440000101e-03
5.963343395529999667e-03
5.874354409839999645e-03
5.790023371080000106e-03
5.710895765710000301e-03
5.635450731529999951e-03
5.563666448310000331e-03
5.495391660670000122e-03
5.430170198739999940e-03
5.367758821569999783e-03
5.308097698019999776e-03
5.250742660939999862e-03
5.195898850849999841e-03
5.142741378520000219e-03
2.129271879959999947e-02
1.042242801230000050e-02
8.112137459229999681e-03
7.097431778730000154e-03
2.188405852930000103e-02
1.142187997129999986e-02
8.957105369080000865e-03
7.804918326129999841e-03
1.667186693159999900e-01
7.143787287199999947e-02
4.567480201629999653e-02
3.378699402649999739e-02
2.700935910489999855e-02
2.263945253269999958e-02
1.960869657369999908e-02
1.738228141749999928e-02
2.896766613230000037e-02
1.985514066329999855e-02
1.662816889990000047e-02
5.028107284769999658e-02
4.026978469840000047e-02
3.909456925500000291e-02
2.922891884249999989e-02
2.406350717520000168e-02
3.287027226019999943e-02
3.869943497449999936e-02
2.760392963730000024e-02
2.273787640769999938e-02
1.979828260969999920e-02
1.775962255259999970e-02
1.623387460980000099e-02
1.503389617559999954e-02
1.405747261880000050e-02
1.324153038979999919e-02
1.254869601489999945e-02
1.194992125510000065e-02
1.142565794540000013e-02
1.098754999639999994e-02
1.054945784760000053e-02
1.017818813279999964e-02
9.842149758559999226e-03
2.500792013950000128e-02
1.637099103180000154e-02
1.348455658779999962e-02
1.355577173489999898e-01
5.865532583860000315e-02
3.888341488239999838e-02
2.979851469279999956e-02
2.458011324120000160e-02
2.118535842610000039e-02
1.879746418339999989e-02
1.701998609989999883e-02
1.564183213169999948e-02
3.106015438869999881e-02
4.747992004530000171e-02
3.312739972200000327e-02
2.448774448399999859e-02
2.032355046190000014e-02
1.779771298530000156e-02
1.606618208800000142e-02
1.478428161969999946e-02
1.378518996340000018e-02
1.297704292889999972e-02
1.230476138200000021e-02
1.173362975049999958e-02
1.124005245960000079e-02
1.081325585009999986e-02
1.043178783649999913e-02
1.008891391329999956e-02
9.779378429059999364e-03
9.498438077989999548e-03
9.241360017769999560e-03
1.740586948999999981e-02
1.281844010760000048e-02
2.578548662259999916e-02
1.775973056920000098e-02
1.457907268030000057e-02
2.020585685559999831e-02
1.573450632649999945e-02
1.360299005180000062e-02
1.229008068410000071e-02
2.585901505639999834e-02
1.716925970920000002e-02
1.413017404089999922e-02
2.918856512029999878e-02
3.058648740280000070e-02
2.050677731110000027e-02
1.671942148980000084e-02
1.459247238989999987e-02
2.003603191529999827e-02
1.622767371330000041e-02
1.419729434600000041e-02
1.291948271450000033e-02
1.200288866879999951e-02
1.129639903980000047e-02
1.072910456940000083e-02
1.025601251280000049e-02
9.853212326160000131e-03
9.968312792189999369e-03
2.013044658309999860e-02
1.437985404899999944e-02
1.221641018819999945e-02
1.103235941700000076e-02
1.345251615000000012e+00
7.915598346640000393e-01
6.380223532009999809e-01
4.755111420890000273e-01
4.092730389570000127e-01
3.461513986399999965e-01
2.678919497650000259e-01
2.636011131650000117e-01
2.086568163489999905e-01
1.799360010770000018e-01
1.875045644710000015e-01
1.677834589880000116e-01
1.483438550979999937e-01
1.527007188320000097e-01
1.417045258640000083e-01
1.255761200309999936e-01
1.071014790539999983e-01
1.069031675630000011e-01
1.421559301739999948e-01
1.106131727380000040e-01
9.320688735529999991e-02
8.290295616529999578e-02
7.557289107610000445e-02
1.007136644530000069e-01
8.142214803970000692e-02
9.546019650819999314e-02
7.545113845280000675e-02
6.708893883060000618e-02
6.916404226479999640e-02
6.129039267090000132e-02
8.755401188719999506e-02
7.424278010210000334e-02
7.350639313090000238e-02
6.186317555600000240e-02
1.467629379890000030e-01
9.466055139930000528e-02
7.384873015979999400e-02
6.348708756580000168e-02
5.697085838189999696e-02
5.234303002889999917e-02
5.540075137819999718e-02
7.973140844060000454e-02
6.145431304519999999e-02
5.345310558230000064e-02
4.857431329479999782e-02
6.820764766119999378e-02
6.969027044160000517e-02
5.569040071019999705e-02
1.485133364129999911e-01
8.649562964639999352e-02
7.699348502269999506e-02
6.284871883779999391e-02
6.400031980390000208e-02
8.224242495330000291e-02
5.939400899850000304e-02
5.142389832020000107e-02
4.665611319989999839e-02
4.326922494009999981e-02
4.064540117579999723e-02
6.406241260980000130e-02
6.225730273840000134e-02
4.801305901620000344e-02
4.238156136170000143e-02
3.897820340940000294e-02
4.356305920640000245e-02
3.831640963860000193e-02
3.552577764860000153e-02
5.551001938439999867e-02
7.264959789199999796e-02
6.838696052140000314e-02
7.899640548269999674e-02
7.512886502070000028e-02
1.704734545119999944e-01
1.090086212000000027e-01
9.431566333410000558e-02
7.470356614800000017e-02
6.365481409340000007e-02
5.626720043820000045e-02
5.089718145469999955e-02
4.678459232300000159e-02
4.350877962309999958e-02
5.194583002219999718e-02
5.305863788179999985e-02
4.463542073150000150e-02
4.039143601780000037e-02
3.756320963129999857e-02
3.542614092049999747e-02
3.370010366099999988e-02
3.225019929990000089e-02
4.210527111870000089e-02
3.451106445609999906e-02
3.182105962509999830e-02
3.010576151850000159e-02
4.710617807039999688e-02
1.389002854949999977e-01
6.362707459550000222e-02
4.774441667379999976e-02
4.048677076050000156e-02
3.620759199549999918e-02
3.332082562799999759e-02
3.120158630010000031e-02
2.955080455849999968e-02
3.842298449409999733e-02
3.256309565519999866e-02
2.887540056700000149e-02
2.723656821170000047e-02
4.279450543419999892e-02
5.195558803800000292e-02
3.483339765159999823e-02
3.005382817020000111e-02
2.755035115019999897e-02
4.595280395540000257e-02
3.368893795789999757e-02
3.504584110469999986e-02
3.024797525049999908e-02
2.763169244500000149e-02
3.761085555460000340e-02
4.113132203079999938e-02
3.212334410960000081e-02
2.838818665669999922e-02
2.618610604629999922e-02
2.466459075069999882e-02
2.384782229310000029e-02
2.259477465470000057e-02
3.579459232729999968e-02
2.675010586590000072e-02
2.399065736470000140e-02
2.247568276109999930e-02
2.144719113870000027e-02
2.066356627249999953e-02
2.002825457699999867e-02
1.948859274179999893e-02
1.901713049479999973e-02
1.862770653180000069e-02
3.286121643989999702e-02
2.501022959600000123e-02
2.216411400830000170e-02
2.042297716340000027e-02
1.942375755409999835e-02
1.869448360960000027e-02
1.811265755880000008e-02
1.763988150079999831e-02
4.651762178729999808e-02
2.852530798689999897e-02
2.370378985599999946e-02
2.133388931640000166e-02
1.988138945820000156e-02
3.644308459790000093e-02
2.567935613939999889e-02
2.218117164970000166e-02
2.032804476170000166e-02
1.927235044370000094e-02
1.825647165249999829e-02
1.758130212039999904e-02
1.703234529470000133e-02
1.657084840349999991e-02
1.617108168199999849e-02
1.594944068259999959e-02
1.563263328479999950e-02
1.522058832899999929e-02
1.496002679249999918e-02
1.472011033389999946e-02
1.449665370550000040e-02
4.220515019659999700e-02
4.714293592140000183e-02
3.286198953709999759e-02
2.681683598239999883e-02
2.993163402859999947e-02
2.476674965420000082e-02
3.838445573489999985e-02
2.953260920790000063e-02
2.536598667099999871e-02
2.283011296400000098e-02
2.108989468769999903e-02
1.979605705720000053e-02
1.878744570539999867e-02
1.797070019209999828e-02
1.729158310099999929e-02
1.671447093730000014e-02
3.131321954679999742e-02
2.340761779840000098e-02
2.036078297550000110e-02
1.866875971859999900e-02
1.755212309740000060e-02
5.451848502340000263e-02
4.258436766310000343e-02
2.924644320910000164e-02
2.429803922459999876e-02
2.157334587780000007e-02
1.980680874280000073e-02
1.854296102380000033e-02
2.795573817659999932e-02
2.253095749609999865e-02
2.004716975950000118e-02
1.853527541130000136e-02
1.748185877040000016e-02
1.668031579369999920e-02
1.604042550780000048e-02
1.550921237700000031e-02
1.505676830309999985e-02
1.473613351810000062e-02
1.431551477570000043e-02
1.400366470399999966e-02
1.372359524450000000e-02
1.346811500860000017e-02
1.323326404299999919e-02
1.301597602589999944e-02
1.281415609020000040e-02
1.262557482710000012e-02
1.244802997910000007e-02
2.612034510580000038e-02
1.999350281899999957e-02
1.728783794880000071e-02
1.580670572880000027e-02
4.594460309230000150e-02
2.599262272059999976e-02
2.069996592069999961e-02
1.807218036110000078e-02
1.656153119200000010e-02
1.552751553879999982e-02
1.476296231099999932e-02
1.416781802530000037e-02
1.368544611000000084e-02
1.328317188849999914e-02
1.293964047180000063e-02
1.264083966139999994e-02
1.237727179370000027e-02
1.214148931070000055e-02
1.192848463249999991e-02
1.173361258459999952e-02
1.155525806500000072e-02
2.637373157720000055e-02
1.704874141009999830e-02
1.458038130439999989e-02
1.340055041699999942e-02
1.268673199429999968e-02
1.219442371209999987e-02
1.182498521549999945e-02
1.153034042780000032e-02
1.128598004850000017e-02
1.107708098529999914e-02
1.089396798650000067e-02
1.073047040789999913e-02
1.058221494919999936e-02
1.044697004829999928e-02
1.032167761129999979e-02
1.020508505429999942e-02
1.009568785019999970e-02
2.199298742509999890e-02
2.325042018580000119e-02
2.855311519420000027e-02
4.841431980420000253e-02
2.993329508709999948e-02
2.322277727949999954e-02
1.969992017489999997e-02
3.761396003680000238e-02
2.406520083800000112e-02
1.979908618389999986e-02
2.718935001209999910e-02
2.113938285319999846e-02
1.836116706100000134e-02
1.666469404010000044e-02
1.548636127739999938e-02
2.892956604420000161e-02
2.074791318290000047e-02
1.770835500950000002e-02
1.602244825209999876e-02
1.490746196699999949e-02
1.409324466400000038e-02
1.346064329909999954e-02
1.294835873829999935e-02
1.252074335449999964e-02
1.215516681419999932e-02
1.183812404069999914e-02
1.155747412139999930e-02
1.130739499879999943e-02
1.108220729230000035e-02
1.087734709840000071e-02
1.069012824109999947e-02
1.701429460079999928e-02
1.410156274380000054e-02
1.278258907040000052e-02
1.878827277700000076e-02
2.997522437949999910e-02
2.722792883520000137e-02
2.103342710860000089e-02
1.794878014519999884e-02
1.608251118949999975e-02
1.481542436690000061e-02
1.389041179679999932e-02
1.317974491369999952e-02
1.261283111080000081e-02
1.214741548289999945e-02
5.965938570249999795e-02
4.090323008059999765e-02
2.837949628210000019e-02
2.285448650430000131e-02
1.971621331580000053e-02
1.768067842989999930e-02
1.624482475889999986e-02
1.517023344200000082e-02
1.433218788539999955e-02
1.365641993599999923e-02
1.309760920359999935e-02
1.262584311319999916e-02
1.222083652209999920e-02
1.186815549020000041e-02
1.155725716719999997e-02
2.780213764360000075e-02
1.644320095689999831e-02
1.393196804619999986e-02
1.275278246250000080e-02
1.203093425689999961e-02
1.152485213459999991e-02
1.113796577700000047e-02
2.968589094240000129e-02
1.691267539869999864e-02
1.402532200029999940e-02
1.268228930470000071e-02
1.187708159929999965e-02
6.649249968730000515e-02
3.405391902249999686e-02
4.958732020090000220e-02
3.041689777470000036e-02
2.396358743080000131e-02
4.012168691319999841e-02
2.895248776349999831e-02
2.387251359580000107e-02
2.085349627720000168e-02
1.881142137429999903e-02
1.732097085900000111e-02
2.789964981140000133e-02
2.185091054719999829e-02
1.899236565209999963e-02
1.723265995529999969e-02
1.599793609330000047e-02
2.757290880099999911e-02
2.014388117559999872e-02
1.739422188129999963e-02
1.584206494699999870e-02
1.479302850899999987e-02
1.401181705019999973e-02
1.339392439550000057e-02
1.293320417169999993e-02
1.247246992559999934e-02
1.209838071680000016e-02
1.176994646080000047e-02
1.147816497190000049e-02
1.121544966129999973e-02
1.097744093469999946e-02
1.076006070729999993e-02
1.056044566879999966e-02
1.038770252270000000e-02
1.021541509879999969e-02
1.005495679380000000e-02
9.904910055180000603e-03
9.763813956389999840e-03
9.631161302640000796e-03
1.596396738589999850e-02
1.286635349470000023e-02
1.159882098000000056e-02
3.388572411969999892e-02
1.892470674120000015e-02
1.511893484150000043e-02
1.332087045369999972e-02
1.224912228599999917e-02
1.152569256939999995e-02
1.099564019470000015e-02
1.058534667909999914e-02
1.025506283120000001e-02
2.075857030300000058e-02
1.516055966949999938e-02
2.437077556320000130e-02
1.835782995639999998e-02
6.408910583030000274e-02
3.047227291589999984e-02
3.362413490689999951e-02
3.272915547130000186e-02
3.770383816609999827e-02
2.778762158860000053e-02
2.294874149109999914e-02
2.000614774790000078e-02
2.438047342379999829e-02
1.998885572540000030e-02
1.772034231649999986e-02
1.622351656320000085e-02
1.512594289779999913e-02
2.578753453779999982e-02
1.827159288390000150e-02
1.585245789870000019e-02
1.451694008800000039e-02
1.361382798050000086e-02
1.293676259480000014e-02
1.239685887830000062e-02
4.210080976069999897e-02
2.208857678139999892e-02
1.739475617949999900e-02
1.520787528829999936e-02
1.390104577090000085e-02
1.301013043779999934e-02
1.234880085219999986e-02
1.178641945589999941e-02
1.416714164950000007e-02
2.170548483799999984e-02
1.524656625560000082e-02
1.323310473260000050e-02
1.428029729250000074e-02
1.347624608010000030e-02
1.268245868770000000e-02
1.239355003680000025e-02
1.198976500160000083e-02
1.164241639240000056e-02
1.133787456420000048e-02
1.106648799790000033e-02
1.082236853340000013e-02
9.614994245980000229e-03
9.452363971539999576e-03
9.302267057240000414e-03
9.163477281309999334e-03
9.034238282210000151e-03
8.913047508010000716e-03
8.798912524440000854e-03
8.691698072769999533e-03
8.589816011420000480e-03
8.493572482720000705e-03
8.401671312679999393e-03
8.314380886690000624e-03
8.287434181589999754e-03
8.207434321189999507e-03
8.544293992189999978e-03
8.469100392349999951e-03
2.876335916739999887e-02
1.681711273520000022e-02
1.337341534959999960e-02
1.171927471689999944e-02
1.074401922259999968e-02
1.009584939900000020e-02
9.630598974309999630e-03
9.277010481129999153e-03
8.996177790460000573e-03
8.766103594029999585e-03
9.372200313119999349e-03
9.180499978649999532e-03
9.011544681799999942e-03
8.860277596450000237e-03
8.723708434969999412e-03
8.598988870830000242e-03
8.484133826000000642e-03
8.378045343530000216e-03
8.278888859570000119e-03
8.186414824520000383e-03
8.099011032910000824e-03
8.016705083329999856e-03
7.938437573700000277e-03
7.864297008940000777e-03
7.793775782359999883e-03
7.726049036660000147e-03
7.661019394159999593e-03
7.599116577290000035e-03
7.539264320669999617e-03
8.059110748609999916e-03
7.953729198340000334e-03
7.857691348599999542e-03
1.483766457889999953e-02
1.120829925740000031e-02
9.888613705909999815e-03
9.162291074269999364e-03
1.837485723110000163e-02
1.308446923610000028e-02
1.115667523659999959e-02
1.013000583859999942e-02
9.487589705020000111e-03
9.032206418620000732e-03
8.691551762900000602e-03
8.425833416239999693e-03
8.208532496369999945e-03
8.788898117429999601e-03
8.341885960030000213e-03
8.160987333389999390e-03
8.003764996290000169e-03
7.864711648849999695e-03
7.740923611370000013e-03
7.629055576869999723e-03
8.058287793509999811e-03
8.126555532660000025e-03
7.988504929219999995e-03
7.863538322129999536e-03
7.749228140089999863e-03
7.644241930939999971e-03
7.547648182810000328e-03
7.457770128500000421e-03
7.374285139240000127e-03
2.798498689800000064e-02
1.377730323600000022e-02
1.091578488529999953e-02
9.670062907350000792e-03
8.970756527929999932e-03
2.372985543209999923e-02
1.402452743680000086e-02
1.143035518249999917e-02
2.449466004000000127e-02
1.456977992860000043e-02
1.194750736220000047e-02
1.064733228019999929e-02
9.845931466869999732e-03
9.289780686699999901e-03
8.875387397059999670e-03
2.079125946339999836e-02
1.408562567030000046e-02
1.176113166339999919e-02
2.764677273209999869e-02
1.861902121710000066e-02
1.505500229379999957e-02
1.310657753699999949e-02
1.186105386480000058e-02
3.085733313330000019e-02
1.756430470580000111e-02
1.409989770859999998e-02
1.239187874119999921e-02
1.133332261539999990e-02
1.059402366130000016e-02
1.003897984459999927e-02
9.601982466580000555e-03
9.245697817040000530e-03
8.945400059289999178e-03
8.690846221809999522e-03
8.469535012100000079e-03
8.274879698219999788e-03
2.201517188089999882e-02
1.412112479110000027e-02
1.165338208699999954e-02
1.042274247610000017e-02
9.668820204280000746e-03
9.150015549400000378e-03
8.765043329930000127e-03
8.462919132810000147e-03
8.216964524770000236e-03
8.010867948079999565e-03
7.833935652520000043e-03
7.679815293329999605e-03
7.542835465939999595e-03
7.420227496169999777e-03
7.309233679900000065e-03
7.207792686189999978e-03
7.114479401729999902e-03
2.129225017130000064e-02
1.434180064970000043e-02
1.173726139979999923e-02
1.037163168589999920e-02
9.526987752270000415e-03
8.948387407920000217e-03
2.405921186269999873e-02
1.349253144479999923e-02
1.101907466129999937e-02
9.849629084449999447e-03
9.142723740250000355e-03
8.657583910920000833e-03
2.592115322750000034e-02
1.559251373900000064e-02
2.454816803290000085e-02
1.667364930779999949e-02
2.955580556299999828e-02
1.793665171099999983e-02
1.445329384060000007e-02
2.759580593479999885e-02
1.668846659690000067e-02
1.369958892199999931e-02
1.214068306739999985e-02
1.113622802689999934e-02
1.041604555399999917e-02
9.866811547649999639e-03
3.310112871589999950e-02
2.143643039230000089e-02
1.692725061950000123e-02
2.547407913830000009e-02
1.800770703270000023e-02
2.731080070680000013e-02
1.869930559599999875e-02
1.554441484119999974e-02
1.376436782100000020e-02
1.257720992229999918e-02
1.167988690309999973e-02
1.101753284729999928e-02
1.048460852830000040e-02
1.004424113030000058e-02
9.671784329429999882e-03
9.351542226619999690e-03
9.046245031480000531e-03
8.800121754849999506e-03
8.581095253939999626e-03
8.384485641829999419e-03
8.206470354750000640e-03
8.045297150890000012e-03
7.896478629739999908e-03
7.759953336679999841e-03
7.633418721710000243e-03
7.515732724269999672e-03
7.406577844460000316e-03
7.304368464380000051e-03
7.208253265950000273e-03
7.118109945460000289e-03
7.032795995829999730e-03
6.952338523599999910e-03
6.876011332939999804e-03
6.803384445200000123e-03
6.734469070909999966e-03
6.668940630230000069e-03
6.606151355429999879e-03
6.545966879730000069e-03
6.488491747839999872e-03
6.433517297820000140e-03
6.380566543059999589e-03
6.329513529249999881e-03
6.301204895689999953e-03
6.244523315780000326e-03
6.195124071739999995e-03
6.149247729909999675e-03
6.101083770480000314e-03
6.059838077149999613e-03
6.019988168570000395e-03
5.981289860640000115e-03
5.983111113529999796e-03
5.942242090609999895e-03
5.903192086439999937e-03
5.865810915140000185e-03
5.829838294099999943e-03
5.794934416089999978e-03
5.761341768019999712e-03
5.732031139460000251e-03
5.700335858090000048e-03
5.669566697309999688e-03
5.639819373850000345e-03
5.610625396539999782e-03
5.582152121649999917e-03
5.554676675270000218e-03
2.195377183950000116e-02
1.283671474890000011e-02
1.005784350230000054e-02
8.724751024569999888e-03
1.639377072450000014e-02
1.131974016149999915e-02
9.521347106590000164e-03
8.558797030730000074e-03
7.945051917280000070e-03
7.514103576520000417e-03
7.191562978080000106e-03
6.939509535719999567e-03
6.735534601339999983e-03
6.566302428990000196e-03
6.423377769949999670e-03
6.300035971139999851e-03
6.192169610909999643e-03
6.096968052539999613e-03
1.884579072380000025e-02
2.490930701740000017e-02
1.592681354020000078e-02
1.258349235190000040e-02
1.080645971909999919e-02
9.702117365649999547e-03
8.941874245069999713e-03
8.386184286429999163e-03
7.960764619380000795e-03
7.623188468800000048e-03
7.348654024219999741e-03
7.119585129750000130e-03
6.924969491250000317e-03
6.757821977519999634e-03
6.611751396980000001e-03
6.482673147700000228e-03
6.367853625389999911e-03
6.264489932819999884e-03
6.171159034869999963e-03
6.085675628219999918e-03
6.007500829990000159e-03
5.935505884770000094e-03
5.868820652489999817e-03
5.806596096819999740e-03
5.748636823129999601e-03
5.694269289449999626e-03
5.643047490969999892e-03
1.453831239579999983e-02
3.644500094809999952e-02
2.180493537139999854e-02
1.634981376610000064e-02
1.349905822770000076e-02
1.175064786590000049e-02
1.057054368800000067e-02
9.719875443259999234e-03
9.080102384759999520e-03
6.136646622090000114e-03
6.015993812249999760e-03
5.911783719909999985e-03
1.873809401719999865e-02
1.349417041109999930e-02
1.104499144560000014e-02
9.847766289740000206e-03
1.710273025589999912e-02
1.307419358820000044e-02
1.120722750549999966e-02
1.009103642490000001e-02
9.332172764240000834e-03
1.931152343840000091e-02
1.327209325140000021e-02
1.112120437410000010e-02
9.957754677829999679e-03
9.202907279509999969e-03
8.661386165440000326e-03
8.262220197840000266e-03
7.927599578929999877e-03
7.651770151240000137e-03
7.418906531380000183e-03
7.218055533339999899e-03
7.042924715410000223e-03
6.887680640570000012e-03
6.749180728579999740e-03
6.624316920070000107e-03
6.508755687099999909e-03
6.404900325839999777e-03
6.307104651290000238e-03
6.218844756459999956e-03
6.135973201360000150e-03
6.059657336920000123e-03
5.987694747230000100e-03
5.918009133880000085e-03
5.854764137339999765e-03
5.795377308100000367e-03
5.739144743229999956e-03
5.685653964010000012e-03
5.634974892490000366e-03
5.586651828020000425e-03
5.540536507380000412e-03
5.496449122370000023e-03
5.454277369439999856e-03
5.413779322370000126e-03
5.374969088429999708e-03
5.337567190340000364e-03
5.301620977160000428e-03
5.267009465459999984e-03
5.233623077780000070e-03
5.201324808580000056e-03
5.170036453850000366e-03
5.139876799610000428e-03
5.110463289719999712e-03
5.082125312230000372e-03
2.459430995639999909e-02
1.221264185160000036e-02
9.257338232869999697e-03
7.939119941080000076e-03
7.195974595269999906e-03
6.718602761490000130e-03
1.782383438730000130e-02
1.081718651289999972e-02
8.794661464749999394e-03
7.801664120849999967e-03
7.199587269599999791e-03
2.758304937550000099e-02
1.384027038490000076e-02
1.057269295560000003e-02
9.062594337569999936e-03
8.178051677600000832e-03
7.589353584290000135e-03
7.169206730889999581e-03
1.781739982029999919e-02
1.206070853150000011e-02
9.928071424610000056e-03
8.789018551449999384e-03
8.067626719179999892e-03
7.561818699749999796e-03
1.405719296980000033e-02
1.049607932120000080e-02
1.791790109510000076e-02
1.235367946970000047e-02
1.547335988040000020e-02
1.169087020620000056e-02
1.004896802240000039e-02
9.074051621389999864e-03
8.409896792740000418e-03
7.920477872679999864e-03
7.540565989519999734e-03
1.912602955130000143e-02
1.221453659589999928e-02
1.002149843320000039e-02
8.903161356429999812e-03
8.208603083619999893e-03
7.726384317010000051e-03
7.359993904899999988e-03
7.071469398789999652e-03
1.471466361850000057e-02
1.084128199350000051e-02
9.265016709829999517e-03
8.385336023800000343e-03
7.811030548639999807e-03
7.398827831960000205e-03
7.083680803279999993e-03
6.832279380019999973e-03
6.625045951549999798e-03
6.449895675560000062e-03
6.298641181200000105e-03
2.556803477429999902e-02
1.246609505899999928e-02
9.658952053790000394e-03
8.409164434650000242e-03
1.506851340690000020e-02
1.126060340099999980e-02
9.595686575939999657e-03
8.634931687159999245e-03
7.998078751710000281e-03
7.538570296079999573e-03
7.188129596600000004e-03
6.909741964330000027e-03
6.681779824620000426e-03
1.545863248009999961e-02
1.120413858409999991e-02
9.455426900020000650e-03
8.484487933699999887e-03
7.856450283600000320e-03
7.410354882030000326e-03
7.073152734419999726e-03
1.387077076190000070e-02
5.076918423030000321e-02
3.038005272209999899e-02
2.237874786859999840e-02
1.811035147870000001e-02
1.546082839449999975e-02
1.365439889739999968e-02
1.234646447560000006e-02
2.880182580319999922e-02
1.881968352590000088e-02
1.518968554499999964e-02
1.320572541329999988e-02
1.190631208890000070e-02
1.097513713370000012e-02
1.026288581049999982e-02
9.694847749300000012e-03
9.226516870379999555e-03
8.833389165740000368e-03
8.496991348009999903e-03
8.204984688539999557e-03
7.947945322480000699e-03
3.794315200869999988e-02
2.354056478420000001e-02
1.796963513929999978e-02
1.501017066270000054e-02
1.316605745560000054e-02
1.200654898630000057e-02
1.106218396300000066e-02
1.033650899439999930e-02
9.757797684400000560e-03
9.284396163109999781e-03
8.888491535839999208e-03
8.550715275250000275e-03
8.258705064409999769e-03
8.002751089469999773e-03
7.776257700060000382e-03
7.573873939209999767e-03
2.190329287250000062e-02
1.469043656639999924e-02
4.754046459660000307e-02
4.409278777890000139e-02
2.752560147399999921e-02
2.113554783220000094e-02
1.761935213860000085e-02
1.536938645980000066e-02
1.379499787120000084e-02
1.262771814440000022e-02
1.172366602940000044e-02
1.100128603100000019e-02
1.040907417440000045e-02
9.913600681780000354e-03
9.491891864159999331e-03
9.127897184460000493e-03
8.810016912900000760e-03
8.529268711500000849e-03
8.279457709190000611e-03
8.055568932879999741e-03
3.769907852309999918e-01
1.640154365060000063e-01
1.072340652479999989e-01
9.474028988459999578e-02
6.528188904289999872e-02
5.170305009549999720e-02
4.316436640330000019e-02
3.721678405869999900e-02
3.281844317930000116e-02
2.942702675759999859e-02
2.673589945299999909e-02
2.454369749969999986e-02
3.367577056849999778e-02
2.622417276830000046e-02
2.305593899079999912e-02
2.103390148999999959e-02
1.950123442690000070e-02
1.828607005120000059e-02
1.728161867150000003e-02
1.671127276380000165e-02
1.594323065369999959e-02
1.526707756250000013e-02
1.466433095360000077e-02
1.412073490529999927e-02
1.362915899730000012e-02
1.318107129839999996e-02
1.277114697489999985e-02
1.239379422609999948e-02
1.204435128710000004e-02
3.125064529269999669e-02
5.839073521910000120e-02
3.261837969629999973e-02
2.446718087050000004e-02
2.041392855820000143e-02
1.796423509589999828e-02
1.630453463890000135e-02
1.509215999310000063e-02
2.472556661980000042e-02
1.876639565529999998e-02
1.628587209109999892e-02
1.482288548150000052e-02
1.380995791530000016e-02
1.304544119439999920e-02
2.051827681680000112e-02
1.650727542469999920e-02
1.462137780110000021e-02
1.346143953089999970e-02
1.264380694100000063e-02
1.201890562560000049e-02
2.392754185379999954e-02
1.628973342689999868e-02
1.395264315980000031e-02
1.270667357479999919e-02
1.189737481610000057e-02
1.858071563260000128e-02
1.485477795230000057e-02
4.709956674920000308e-02
2.980055145919999898e-02
2.307386133639999920e-02
1.945174728240000109e-02
1.716836246650000133e-02
1.558416494300000031e-02
1.441137940219999920e-02
1.350164067380000069e-02
1.920814134560000150e-02
1.564419564800000051e-02
1.398461891689999938e-02
1.294574186930000023e-02
1.219899726189999957e-02
1.161926225240000020e-02
1.112876808010000024e-02
1.073352775389999937e-02
1.039269496579999993e-02
1.009317858000000068e-02
9.827100684830000071e-03
9.587231245630000592e-03
9.370149763199999218e-03
9.171294569399999347e-03
8.988440191790000866e-03
8.819168567839999473e-03
8.661593050869999602e-03
8.514623490110000137e-03
8.377296041379999475e-03
8.247745354399999701e-03
8.125547808860000137e-03
8.010064039620000756e-03
7.900594754770000339e-03
7.796390889620000327e-03
7.697280253840000155e-03
7.603092239199999748e-03
7.512785344580000073e-03
7.426321291739999830e-03
7.343535095690000188e-03
7.264355860439999750e-03
7.187692084129999708e-03
7.114442502080000306e-03
7.043598331260000206e-03
6.975080049650000079e-03
6.909273406290000405e-03
6.845635144879999578e-03
6.783915347430000305e-03
6.724182416200000234e-03
6.666748927169999749e-03
6.610631150690000034e-03
6.556261774010000050e-03
6.503831663230000282e-03
6.452269240709999736e-03
6.402527728919999751e-03
6.354107238209999800e-03
6.306987933069999747e-03
6.261091577219999975e-03
6.216328584409999691e-03
6.172676185590000170e-03
6.130138337280000189e-03
6.088603452919999839e-03
6.048085284509999680e-03
6.008576627940000192e-03
5.969902478989999595e-03
2.242479492949999917e-02
1.193412820840000083e-02
9.431873798989999502e-03
8.310194227879999507e-03
7.671855065389999832e-03
7.257451565720000192e-03
6.964121778309999983e-03
6.743374713199999822e-03
6.569406399599999648e-03
6.427571425420000421e-03
6.308958398880000137e-03
6.206668570789999721e-03
6.117497486769999694e-03
6.038273857049999797e-03
5.966917808409999933e-03
5.902094139669999615e-03
5.842453991239999860e-03
5.787341287580000278e-03
5.736111659889999749e-03
5.687858530700000068e-03
5.642520251099999995e-03
5.599582310280000128e-03
1.358951109830000038e-02
9.518043673310000105e-03
8.073591271030000280e-03
7.332980784309999986e-03
6.880054348570000151e-03
6.571726795160000301e-03
6.346060932919999655e-03
6.172256789699999933e-03
6.032732783570000402e-03
5.917331189849999937e-03
5.819085449949999884e-03
3.334233744609999689e-02
1.650825367520000059e-02
1.223369908130000037e-02
1.024158436270000000e-02
9.086093334070000777e-03
8.329834551799999293e-03
7.794800833279999855e-03
7.394708877309999658e-03
7.082818241829999875e-03
6.832017638700000131e-03
6.625148302580000093e-03
6.450946299719999624e-03
6.301691077939999830e-03
6.172049892110000220e-03
6.057811168170000246e-03
5.956178929729999925e-03
5.864937741360000054e-03
5.782543162919999771e-03
5.707126871340000018e-03
5.637811471760000373e-03
2.768593593549999871e-02
1.825300257299999895e-02
1.421823768869999970e-02
1.199304695879999973e-02
1.058927407269999975e-02
9.623508539740000325e-03
8.918119048490000603e-03
8.379875797789999164e-03
7.954536653989999206e-03
7.609642497379999829e-03
1.359330092079999962e-02
1.050149549949999997e-02
1.189923445180000004e-02
1.090364422169999917e-02
1.019098166420000055e-02
2.914955315440000139e-02
3.799036477369999859e-02
2.153134777169999833e-02
3.218319127670000307e-02
2.070845162469999931e-02
1.664493168219999958e-02
1.440437070049999969e-02
1.293969405120000069e-02
1.188942278300000009e-02
1.109048121830000060e-02
1.048202291919999966e-02
3.634226790129999746e-02
2.054691318480000167e-02
1.590050690279999970e-02
3.668997228200000099e-02
2.375634595149999848e-02
1.873106380950000094e-02
1.597546785850000040e-02
1.420093430300000022e-02
1.294656397200000079e-02
1.200393833589999924e-02
1.126417222559999987e-02
1.066444767749999932e-02
1.016586895760000081e-02
2.889353865350000050e-02
1.726109872579999899e-02
1.386641092920000082e-02
1.217209105039999961e-02
1.111972030339999917e-02
1.038311717580000029e-02
9.826250185550000626e-03
9.383735758799999216e-03
9.019119427100000252e-03
8.710444370269999903e-03
8.444037658340000294e-03
8.210047883810000710e-03
8.001706705290000804e-03
7.815033695550000284e-03
7.645803141650000384e-03
7.490983493649999887e-03
7.349411330959999995e-03
7.218005957710000274e-03
7.096437072629999815e-03
6.983082788339999881e-03
6.877044555380000361e-03
6.777009604039999947e-03
6.683292959480000191e-03
6.594924979499999611e-03
1.380989774650000050e-02
1.044924841459999969e-02
9.064495206610000480e-03
8.298571795550000255e-03
7.804151650570000272e-03
7.453107435600000129e-03
7.186550989569999610e-03
6.974200714259999948e-03
6.798838547730000001e-03
6.650152928999999644e-03
6.521179755230000277e-03
6.407322390840000138e-03
6.305233372250000287e-03
6.213010182479999574e-03
6.128641766299999794e-03
6.050799556109999998e-03
5.978812612420000144e-03
5.911253804489999784e-03
5.848390315320000331e-03
5.788839978949999673e-03
5.732518265040000179e-03
5.679150943619999843e-03
5.628169619909999775e-03
5.577803396090000310e-03
5.531613414089999597e-03
5.487200042769999585e-03
5.444648760510000310e-03
5.403660677340000294e-03
2.116502648219999866e-02
1.126270205790000020e-02
8.823428788140000659e-03
2.354386713240000026e-02
1.429084441720000070e-02
1.120356337109999940e-02
9.630378141080000315e-03
8.668402450999999898e-03
8.014748762069999477e-03
1.275437516029999940e-01
7.010650269929999401e-02
4.855939594780000340e-02
3.735075583760000262e-02
3.052166669250000117e-02
8.169427262969999881e-02
4.750100903749999992e-02
3.571604066220000068e-02
2.938383018240000102e-02
2.531268175470000048e-02
3.490958690620000332e-02
2.511092241230000049e-02
2.146498980659999889e-02
1.921126001640000025e-02
1.758011527759999887e-02
1.630876160950000056e-02
1.527257852090000041e-02
1.440544230100000017e-02
1.366584592970000039e-02
1.302555912749999920e-02
1.246312281330000035e-02
1.196537157030000062e-02
1.152084624500000071e-02
1.112178024069999938e-02
1.075974818680000035e-02
1.043163669369999956e-02
1.013054362890000032e-02
9.854552859790000410e-03
9.601171897100000546e-03
9.366058180480000758e-03
9.147645485859999190e-03
8.944478826479999520e-03
8.754980305210000383e-03
8.577813833549999961e-03
8.411456327559999405e-03
8.254999800810000621e-03
8.107659282350000718e-03
7.970739392530000814e-03
7.841078460700000308e-03
7.716560733370000057e-03
7.598333222169999929e-03
7.486239937129999904e-03
7.379179260159999913e-03
7.277389417410000221e-03
7.180061386020000422e-03
7.087317932429999627e-03
6.998496401779999779e-03
6.913382210899999755e-03
6.831673969720000392e-03
6.753295562670000307e-03
6.678074504350000121e-03
6.605973255499999856e-03
6.536184113639999758e-03
6.469080996509999834e-03
6.404534246730000067e-03
6.341993036720000067e-03
6.281796744800000401e-03
6.223512626120000085e-03
6.167260035940000037e-03
6.112655281189999928e-03
6.059961958010000316e-03
2.444115737989999843e-02
1.370032029740000067e-02
1.065801139360000004e-02
9.225826508259999531e-03
8.390319744790000756e-03
7.840580908559999576e-03
7.448301930559999770e-03
7.150138691379999585e-03
6.916104404610000193e-03
6.725488765419999904e-03
1.871116683760000107e-02
1.984753911039999902e-02
1.441239584600000068e-02
1.195381830349999917e-02
1.052667622320000058e-02
9.586369804309999645e-03
8.915414756590000697e-03
1.793340984879999989e-02
1.230686920649999919e-02
1.038185204989999950e-02
9.350084723219999339e-03
8.681878415080000397e-03
8.201324440839999341e-03
7.832667965409999961e-03
7.537138684250000061e-03
7.292885786870000400e-03
7.085590850719999771e-03
6.906422353350000036e-03
6.749534619079999680e-03
6.610152246289999894e-03
6.485191503710000319e-03
1.329165356159999964e-02
2.763050532519999852e-02
1.567785552549999864e-02
2.189557797180000098e-02
1.594904793159999945e-02
1.315588503190000084e-02
1.150476780600000019e-02
1.040458471460000041e-02
9.613272735519999904e-03
9.014251386909999733e-03
8.542373214430000472e-03
8.159992261380000569e-03
7.842212642889999363e-03
7.573599643950000397e-03
7.342548766140000356e-03
7.140987641029999597e-03
1.770891618870000170e-02
1.038480732659999989e-02
8.738283713860000093e-03
7.965139667980000726e-03
7.495293871639999855e-03
1.676183876449999915e-02
1.161041652139999970e-02
9.739294381420000521e-03
8.743935001939999799e-03
8.111386082749999504e-03
7.665638433690000371e-03
7.329434866310000421e-03
7.063592904169999770e-03
6.845636433809999637e-03
6.662395786650000123e-03
6.504819630259999798e-03
6.366958332920000414e-03
6.244889145410000009e-03
6.135429292399999582e-03
6.036446799419999815e-03
5.945982877449999641e-03
5.862952943349999946e-03
5.786272047599999753e-03
5.715078689879999653e-03
5.648631700840000061e-03
5.586078403180000200e-03
5.527279313689999717e-03
1.554846104480000005e-02
1.102835343000000030e-02
9.167590986110000714e-03
8.153799290099999347e-03
7.513409875379999797e-03
6.414736725349999558e-02
2.527138290309999952e-02
1.717215675149999857e-02
1.363218074490000001e-02
1.164180552700000079e-02
1.036380015200000053e-02
9.469478072190000428e-03
8.806619932279999632e-03
8.294338695260000671e-03
7.884987584230000734e-03
7.549633325680000367e-03
7.269072423989999913e-03
7.030445826509999947e-03
6.824166603890000071e-03
6.644162335909999800e-03
6.484786370290000247e-03
6.342671853250000415e-03
6.215301785180000343e-03
6.099703161129999690e-03
5.994526588560000237e-03
5.898132608459999773e-03
5.809303389229999830e-03
5.727105768540000433e-03
5.647714554040000369e-03
5.576739287730000244e-03
5.510373927820000350e-03
5.448020031500000124e-03
5.389186683909999616e-03
2.418020622659999841e-02
1.461033487859999917e-02
1.126345828880000004e-02
9.570051049179999908e-03
8.549051288339999666e-03
7.865009342310000720e-03
7.373043785469999938e-03
7.000815228599999683e-03
6.708249707449999953e-03
6.471074019990000377e-03
5.652077853730000032e-03
5.545602051050000335e-03
5.452325907930000333e-03
5.369416384209999872e-03
5.294987512699999774e-03
5.227365538690000035e-03
5.165585785430000000e-03
5.108640415250000413e-03
5.055918549409999657e-03
5.006684815269999908e-03
4.960643329950000305e-03
4.917325946580000315e-03
4.876559132339999998e-03
4.837773159830000003e-03
4.800933030220000397e-03
4.765929782829999954e-03
4.732436644879999682e-03
4.700446065400000137e-03
4.669777093579999608e-03
4.640325306909999850e-03
4.611939234869999980e-03
4.584555847560000189e-03
4.558107972349999606e-03
4.532563740209999935e-03
4.507881861219999869e-03
1.283062388050000037e-02
8.806794810660000666e-03
7.302498588629999926e-03
6.519950395499999989e-03
1.654163168189999936e-02
1.063995700189999949e-02
8.605373937809999291e-03
7.551557042389999905e-03
6.898547178049999756e-03
6.412757391499999786e-03
3.610327035119999944e-02
3.295485527239999657e-02
2.102489443500000013e-02
2.258399924349999838e-02
1.707237937709999917e-02
1.415177704690000031e-02
1.230050292180000053e-02
1.101129803620000056e-02
1.005819268090000010e-02
9.322528561659999824e-03
1.666982482290000137e-02
1.248237881480000061e-02
1.066938870789999917e-02
9.597084255120000296e-03
8.862039848810000092e-03
8.314257208159999898e-03
7.883517512750000053e-03
7.531648721470000224e-03
7.237504904119999860e-03
6.986030810830000208e-03
3.248647097829999997e-02
1.646121484560000153e-02
1.232490119129999936e-02
2.545982189840000076e-02
1.688053338960000122e-02
1.347132794129999971e-02
1.158420792560000030e-02
1.036544894020000052e-02
9.504517112230000120e-03
8.858083043820000682e-03
8.351977659480000135e-03
1.963130298490000161e-02
1.401950406199999923e-02
1.163540354110000064e-02
1.027883050629999941e-02
9.383521052649999514e-03
8.737543698790000216e-03
8.242983259280000849e-03
7.848406246629999888e-03
7.523642313839999651e-03
7.249651564599999751e-03
7.014508561699999908e-03
6.809465818749999878e-03
6.628442171810000269e-03
6.467175611529999736e-03
2.364589387299999984e-02
1.302225447740000021e-02
1.018816876549999938e-02
8.850622044009999467e-03
8.058509547680000468e-03
7.525721246849999616e-03
7.136768055360000369e-03
6.836100750220000175e-03
6.593961938269999636e-03
6.392852364150000168e-03
6.221923746390000017e-03
6.073479969490000116e-03
5.942759994640000286e-03
5.826277506159999696e-03
5.721164211100000264e-03
5.625809193930000375e-03
5.538390812500000246e-03
5.458025958020000165e-03
5.383418783419999937e-03
5.313917956320000219e-03
5.249019574629999567e-03
1.902619061849999960e-02
1.074419843140000073e-02
8.485265260070000773e-03
7.426398152920000301e-03
6.807956745539999951e-03
6.398332933829999937e-03
6.103806789889999578e-03
5.879529528780000347e-03
5.701266524319999716e-03
5.554779636800000024e-03
5.436245715549999601e-03
2.139344465149999874e-01
1.156645236600000043e-01
7.841830083949999364e-02
6.919813667440000149e-02
6.814620335029999976e-02
6.071303716769999720e-02
5.366438449250000159e-02
5.818792716840000268e-02
5.485556881880000041e-02
4.973637144839999913e-02
3.909177937990000046e-02
3.334061374539999678e-02
2.945114352020000020e-02
2.655972332450000015e-02
2.428899523249999914e-02
2.244268432039999914e-02
2.090321599880000034e-02
1.959699376699999829e-02
1.847289422030000058e-02
6.433144157450000622e-02
3.800532712469999880e-02
2.956001314679999881e-02
2.511622414300000022e-02
2.228574141480000118e-02
2.027491467499999839e-02
1.874786096620000009e-02
1.753145911260000148e-02
1.652995512130000025e-02
1.568201632640000079e-02
1.495297713119999976e-02
1.431551011209999946e-02
1.375101662769999920e-02
1.324624888130000039e-02
1.278964847919999981e-02
1.237664996809999945e-02
1.199942408389999965e-02
1.165265381120000020e-02
1.133293569489999923e-02
1.103690921950000077e-02
1.076139658339999965e-02
2.287763955199999949e-02
1.609285036939999899e-02
1.374267961690000053e-02
1.249598567269999926e-02
1.169065428430000018e-02
1.110817199940000027e-02
1.065429950400000048e-02
1.028260223709999942e-02
9.967534289409999554e-03
9.693215101739999923e-03
9.449945653070000381e-03
9.231142185610000800e-03
9.031847067419999237e-03
8.848820702720000542e-03
8.679132348680000664e-03
8.520979407960000557e-03
8.373327088680000696e-03
8.234088385129999590e-03
8.103077041749999487e-03
7.978921402430000712e-03
7.861378994070000389e-03
7.749321087299999682e-03
7.642369544989999729e-03
7.540355477459999810e-03
7.442686164210000205e-03
7.349244122170000247e-03
7.259517304570000350e-03
7.173359096079999671e-03
7.090107014180000063e-03
7.010388589579999614e-03
6.933393234249999974e-03
6.858750298469999847e-03
6.787114881260000211e-03
6.717678139899999935e-03
6.650644451410000352e-03
6.585480902399999670e-03
6.522513925540000292e-03
6.461552191299999894e-03
6.402136052260000258e-03
6.344769400849999998e-03
6.288767522079999686e-03
1.489621223580000001e-02
1.062081793070000085e-02
9.038078591729999806e-03
4.239776371409999939e-02
2.036300172930000096e-02
1.507192416350000043e-02
1.256215463530000083e-02
1.107805204029999914e-02
1.009068043670000026e-02
9.382328949560000617e-03
8.846362111200000572e-03
8.424997508479999467e-03
1.737638472999999961e-02
1.241343922349999983e-02
1.054454316080000002e-02
9.523319667559999174e-03
8.859613717640000066e-03
8.382309676099999884e-03
8.016166069820000392e-03
7.722610002240000264e-03
7.479354389620000015e-03
7.272416081430000193e-03
7.093636120020000400e-03
6.936318471699999717e-03
6.796142912350000044e-03
6.670115106240000202e-03
6.555749699929999848e-03
6.450836149860000000e-03
6.354539387649999968e-03
6.265185600150000381e-03
6.182127031850000003e-03
6.104403455849999674e-03
6.031375199360000140e-03
5.962863845249999871e-03
5.891425820440000273e-03
5.836274102449999675e-03
3.224960384660000012e-02
1.676411942010000086e-02
1.242723814409999947e-02
1.039627010410000031e-02
9.221845824639999731e-03
8.454862352000000816e-03
7.913032540460000069e-03
7.507078740490000408e-03
7.190926467559999660e-03
6.935731019740000100e-03
6.724387657050000418e-03
6.545869021430000302e-03
6.392122594349999853e-03
6.257784142529999698e-03
6.138939673739999929e-03
6.032649725330000226e-03
5.936691086969999795e-03
5.849348428329999815e-03
5.769256910980000153e-03
5.695466987910000056e-03
5.626846715799999586e-03
5.562964313330000070e-03
5.503095222349999906e-03
5.446903484239999996e-03
5.393973367979999593e-03
5.343609982259999933e-03
5.295868062560000165e-03
5.250557411170000272e-03
5.207271871229999897e-03
5.165785448699999893e-03
5.126176396220000035e-03
5.087875833669999737e-03
5.051417117879999918e-03
5.016289728469999765e-03
4.982204318159999708e-03
4.949291528190000178e-03
4.917654624160000196e-03
4.886894842600000323e-03
4.856964727819999654e-03
4.828029350589999914e-03
4.799917716990000256e-03
4.772625766480000087e-03
4.745955413909999643e-03
4.720267556250000267e-03
4.694877817680000176e-03
4.670288291450000288e-03
4.646408543309999729e-03
4.622952660919999769e-03
4.600038349670000290e-03
4.577709086580000232e-03
1.111676074590000063e-01
5.675501681299999907e-02
4.699597121859999671e-02
3.303921588929999847e-02
2.604990275910000139e-02
2.171978901740000134e-02
1.876122813620000052e-02
1.661009466620000027e-02
1.498053175320000069e-02
1.370079003080000059e-02
1.267441473939999973e-02
1.183033674850000015e-02
1.112616107070000041e-02
1.052846672160000045e-02
2.038824482759999876e-02
1.445869222919999968e-02
1.228875116439999936e-02
1.107733084330000083e-02
1.026408754519999959e-02
9.660094881029999969e-03
9.182503005510000288e-03
8.789362750470000596e-03
8.456605999240000490e-03
8.168665096970000039e-03
7.916134642099999924e-03
7.691639969460000240e-03
7.491915981419999988e-03
7.309465579920000275e-03
7.143258605539999639e-03
6.990891595279999718e-03
6.850417148229999594e-03
6.720415142469999756e-03
6.599983504299999568e-03
6.487408848560000107e-03
6.382243080300000274e-03
3.442338471709999875e-02
1.644041143249999962e-02
1.216070725259999971e-02
1.023383000600000016e-02
9.132148379079999684e-03
8.412832403349999530e-03
1.823785088379999836e-02
1.198528066439999949e-02
1.115900019359999940e-02
9.915518761510000792e-03
9.105586938439999903e-03
8.523463243200000289e-03
8.078394261269999585e-03
7.722716939560000243e-03
7.430728864589999580e-03
7.182267414719999653e-03
6.970717138179999967e-03
7.093682314320000175e-03
6.903312390730000428e-03
6.734292193400000237e-03
6.583409128950000119e-03
2.014517278330000064e-02
1.246039716749999977e-02
1.004719856500000015e-02
8.847665896680000433e-03
8.118402773040000325e-03
7.620450540829999675e-03
7.252780177159999682e-03
6.966556205690000239e-03
6.734811821180000137e-03
6.541547727859999689e-03
6.376363775209999835e-03
1.632364694759999915e-02
1.052644826269999966e-02
8.736385489400000717e-03
7.815922746189999867e-03
7.278196681140000103e-03
1.627748628859999880e-02
3.742900460339999846e-02
6.371821386730000536e-02
6.251456318119999467e-02
4.039410944619999805e-02
2.913520914009999976e-02
2.701352213360000074e-02
2.186121592309999903e-02
2.992843221669999956e-02
3.525686540830000326e-02
2.544212975579999980e-02
2.089366051900000062e-02
1.756428288069999955e-02
2.420146227449999909e-02
1.872114561450000103e-02
1.614376198669999901e-02
2.428286032209999931e-02
2.904297402449999843e-02
2.032996787629999871e-02
1.773459708159999884e-02
1.570566425419999898e-02
1.430653770729999920e-02
1.325682798000000009e-02
1.242626875079999929e-02
1.174715217680000028e-02
1.117506264690000008e-02
1.068578992519999930e-02
1.025915258240000030e-02
9.883618736300000401e-03
9.549628447870000744e-03
2.801695294019999893e-02
1.845659369110000045e-02
2.073318909130000137e-02
1.629992306050000173e-02
1.405477623210000040e-02
1.264456333520000073e-02
2.234615413669999856e-02
1.588545849319999981e-02
1.347496604760000001e-02
1.211375797880000042e-02
1.107159685729999961e-02
1.040768438079999955e-02
9.885237177819999888e-03
9.459756561570000291e-03
9.101209488769999162e-03
8.793248683139999466e-03
8.524355605899999397e-03
8.286778788479999894e-03
8.072788182150000824e-03
7.879878642210000339e-03
1.696926716509999933e-02
1.251291099379999924e-02
1.070857543920000071e-02
9.706652888329999479e-03
9.053069193429999842e-03
8.583002652139999286e-03
8.221594949050000517e-03
7.930216210820000694e-03
7.745804005450000057e-03
7.507958196399999902e-03
7.316388617549999911e-03
3.728452189430000313e-02
2.116120032420000172e-02
1.595612603460000098e-02
1.334195119860000049e-02
1.020059841560000055e-02
9.445866755359999187e-03
8.887321121920000247e-03
8.453616981640000791e-03
8.104182183809999912e-03
1.525669971969999955e-02
2.489785098329999960e-02
1.665987503200000094e-02
1.345130484990000007e-02
1.169611247660000061e-02
1.057276205599999921e-02
9.782056475310000471e-03
2.683276723040000158e-02
1.701750642189999926e-02
2.845485726830000034e-02
1.938960387840000035e-02
1.564185407489999957e-02
1.352272064690000081e-02
1.213471670129999923e-02
1.114310263920000044e-02
1.198343667309999944e-01
8.095761630139999832e-02
4.699015060410000055e-02
3.422286219270000152e-02
2.740411247509999884e-02
2.314489111559999909e-02
2.022763579750000082e-02
1.809719852680000129e-02
1.647167595909999893e-02
1.518941976720000059e-02
1.414944558560000086e-02
1.328838894829999923e-02
1.553519394239999928e-02
1.362277239349999995e-02
1.254974458769999961e-02
1.179022430290000041e-02
1.119521167470000078e-02
2.741104197030000064e-02
1.965653023790000023e-02
1.628662531460000132e-02
1.435187094300000021e-02
1.306822210810000030e-02
1.213610844249999980e-02
1.141824549399999937e-02
1.084167917939999996e-02
1.036345822979999921e-02
9.957516225129999302e-03
9.606514495470000123e-03
9.298007268800000114e-03
9.024083580939999683e-03
8.778393442429999541e-03
8.555849907599999415e-03
8.353153631040000082e-03
8.167077099090000111e-03
7.995223050429999673e-03
7.836231152850000811e-03
7.688397778189999879e-03
7.571427147180000324e-03
7.441310109179999702e-03
7.323665686440000364e-03
7.207913619650000402e-03
7.098633339249999646e-03
6.995036490990000008e-03
6.897109426230000305e-03
6.803660834459999800e-03
6.714621288600000279e-03
6.630060398560000227e-03
6.548885373839999705e-03
6.471572576390000053e-03
6.397378583499999626e-03
6.326128259319999808e-03
6.257713272810000102e-03
6.192071651229999994e-03
6.128911460200000411e-03
6.069901778069999865e-03
6.011056370450000401e-03
5.954387504099999812e-03
5.899582459770000287e-03
1.685099413310000085e-02
1.083443746820000018e-02
8.917921325010000344e-03
1.716728732640000060e-02
1.199080612499999962e-02
9.995178859930000867e-03
8.907560272919999231e-03
8.212173869549999408e-03
7.723303000089999995e-03
7.357393278270000191e-03
7.071035153440000109e-03
6.838686016410000165e-03
4.346204167219999692e-02
2.061899035919999984e-02
1.480116189079999992e-02
1.213437098070000060e-02
1.059952136879999986e-02
9.597709063940000271e-03
8.888399410930000050e-03
8.357181436670000491e-03
7.941748727859999912e-03
7.606689197529999981e-03
7.329486102450000380e-03
7.094690793499999933e-03
6.893340132020000371e-03
6.717819230549999972e-03
6.562836620609999866e-03
6.424699421060000096e-03
6.300470674300000240e-03
6.187720785960000060e-03
6.085085509749999649e-03
5.990559818900000229e-03
5.903236344610000332e-03
5.822379770249999989e-03
5.747021614339999605e-03
5.676571800060000068e-03
5.610300574030000105e-03
5.547885238800000403e-03
5.488973515240000260e-03
5.433132727819999820e-03
5.380039950840000140e-03
5.329317528639999912e-03
5.281111598759999706e-03
5.235005171710000425e-03
5.190942494449999646e-03
5.148547397700000382e-03
5.108067959249999734e-03
5.069045359289999983e-03
5.031183433399999752e-03
4.994825867429999837e-03
4.959775480349999828e-03
4.925815968869999908e-03
4.892981193160000387e-03
4.861070038029999610e-03
4.830291370709999602e-03
1.217068007900000068e-02
1.610150203599999830e-02
1.147895281559999960e-02
9.444347318419999207e-03
8.295239245460000674e-03
2.111915492169999867e-02
1.369015908480000071e-02
1.094307798049999961e-02
9.473351289799999617e-03
8.543181193909999555e-03
7.895207246300000800e-03
7.413807495479999600e-03
7.040416326119999790e-03
6.740864797059999657e-03
6.494128666310000284e-03
6.286904047689999796e-03
6.109542426699999910e-03
5.955857330250000255e-03
5.820885405590000422e-03
5.763537999559999875e-03
5.656008188110000362e-03
5.559180982839999861e-03
5.471643500409999888e-03
5.329327680320000010e-03
5.255719339329999705e-03
5.187517983170000270e-03
5.124406062010000186e-03
5.065303625810000342e-03
5.010248156689999649e-03
4.958572180480000369e-03
4.909747165810000175e-03
4.863812330490000294e-03
4.820243212849999875e-03
4.778956146190000212e-03
4.739639977129999661e-03
4.702167193250000356e-03
4.666203035669999784e-03
4.631898431750000079e-03
4.598985953799999797e-03
4.567505127750000164e-03
4.537055489709999889e-03
4.507836571909999701e-03
4.479507507109999585e-03
4.452408711369999945e-03
4.425958978980000166e-03
4.400516218840000091e-03
4.375817080589999679e-03
4.351812605670000306e-03
4.328546761339999681e-03
4.305947607089999872e-03
4.284160188029999955e-03
4.263027981789999955e-03
4.242458165559999904e-03
4.221896443189999612e-03
4.202146247429999586e-03
4.182811839290000167e-03
1.609641374559999880e-02
1.080744489449999950e-02
8.644495609920000226e-03
9.475882792119999509e-03
9.862555296120000328e-03
1.810410781509999914e-02
1.263925472009999953e-02
1.043422339069999955e-02
9.173903978220000408e-03
2.107205095210000143e-02
1.364237716849999935e-02
2.487729238269999893e-02
1.740003199689999988e-02
1.399092388280000036e-02
1.199661431849999987e-02
1.067382897879999917e-02
9.725561135579999239e-03
9.007220543489999343e-03
8.441887594890000457e-03
7.983684468020000799e-03
7.604508249340000310e-03
7.284404156030000084e-03
7.010005138970000146e-03
6.772129828000000157e-03
6.563136237500000365e-03
6.378036638289999970e-03
6.212649221679999653e-03
6.064127908279999708e-03
5.929446730989999977e-03
5.807062347300000378e-03
5.695115589990000157e-03
7.816111333559999652e-03
1.667226593160000062e-02
1.188318732479999931e-02
9.683183960480000810e-03
7.535516773550000012e-03
6.939494996409999693e-03
6.532502874580000361e-03
6.233310226350000094e-03
6.618888906599999788e-03
6.374688932789999637e-03
6.170555473960000030e-03
5.996288637309999704e-03
5.844935365409999889e-03
5.711783573440000136e-03
5.593162617589999587e-03
5.486696003049999597e-03
5.389888796889999965e-03
5.301790002649999813e-03
5.220782319610000125e-03
5.146131596059999938e-03
5.076530316449999990e-03
5.024369824109999744e-03
4.952520554309999996e-03
1.502972408739999995e-02
1.047281175939999975e-02
8.601952765189999420e-03
7.583658295330000104e-03
6.941173831469999757e-03
6.496375557480000076e-03
2.880044549259999989e-02
1.616342861650000087e-02
2.471783287739999849e-02
1.551666902120000038e-02
1.225232768020000085e-02
1.048373658890000039e-02
9.350571559750000053e-03
8.554448746489999242e-03
7.962980420049999702e-03
7.500489757180000064e-03
7.128201386709999768e-03
6.821376638219999941e-03
6.563446498520000144e-03
1.664187637529999930e-02
2.672951569030000002e-02
1.504013354829999982e-02
1.174827186119999957e-02
1.007383971550000062e-02
9.032019736980000102e-03
8.308590559000000181e-03
7.772039817560000285e-03
7.354374234010000073e-03
7.017856242719999749e-03
6.739334406749999604e-03
6.503733663519999618e-03
6.301121635930000305e-03
6.124674328929999648e-03
5.968791944469999805e-03
5.830173270830000046e-03
5.705141950370000090e-03
5.592150821859999919e-03
5.489239591300000207e-03
5.394909856839999809e-03
5.308022426500000161e-03
5.227467761829999657e-03
5.152634647809999774e-03
5.082920453279999792e-03
5.017679095009999583e-03
4.956311569010000279e-03
4.893794740280000416e-03
4.839204095110000332e-03
4.787680176019999678e-03
4.738791292229999758e-03
4.692314055060000343e-03
4.647921996350000071e-03
1.554405220719999939e-02
9.155183325609999798e-03
7.341139807440000276e-03
6.455129009839999897e-03
1.210841736279999990e-02
9.076328125670000274e-03
7.733942839019999904e-03
6.960816560339999973e-03
6.451476626919999680e-03
6.087052065759999790e-03
5.810950325440000092e-03
5.593004172100000428e-03
5.415772501600000371e-03
5.267800700430000024e-03
5.141739940500000133e-03
1.464333621390000000e-02
9.029909158199999133e-03
7.371741211099999691e-03
6.563095510380000108e-03
6.075262454240000325e-03
5.744006491449999904e-03
2.044155669909999973e-02
1.376684795239999960e-02
1.092597700949999966e-02
9.349041218480000359e-03
8.343695230779999208e-03
7.642888253179999994e-03
7.125818685980000143e-03
6.725553102759999728e-03
6.462044793880000054e-03
6.194659517910000406e-03
5.971130737830000063e-03
5.780896087360000088e-03
5.616745652690000382e-03
5.473446693009999947e-03
5.346668635320000335e-03
5.233672653100000273e-03
5.132023674560000186e-03
1.856879590369999930e-02
1.159743120249999947e-02
9.161030258159999148e-03
7.917446203349999892e-03
7.158160727520000190e-03
6.642154302900000161e-03
6.266073608129999958e-03
5.977414949900000142e-03
5.747183064980000006e-03
5.558295429680000337e-03
5.004806141790000412e-03
4.907123395310000226e-03
4.820848294660000366e-03
4.743736325479999856e-03
4.674190347500000071e-03
4.610531049850000174e-03
4.552355465209999980e-03
1.590434820199999877e-02
4.133919148089999773e-02
2.610083249519999996e-02
1.767018972960000128e-02
2.771764531409999857e-02
2.336013767650000142e-02
3.354365737300000344e-02
3.224501848970000306e-02
2.307733573029999846e-02
1.845811587319999905e-02
2.849395063560000024e-02
3.040980669910000114e-02
2.130127384400000087e-02
1.738915834110000072e-02
3.078697470270000056e-02
3.162767546410000241e-02
2.263993554640000155e-02
1.844922172940000049e-02
1.592115962309999938e-02
1.419084946719999935e-02
1.291389625440000043e-02
1.192348341590000055e-02
1.112700838639999953e-02
1.047035795790000022e-02
9.916867895719999257e-03
9.443541599610000281e-03
9.032392251059999377e-03
8.672215595719999850e-03
8.353234914110000547e-03
8.068603015490000488e-03
7.812927903570000832e-03
7.581272087199999836e-03
1.893187249969999902e-02
1.234072551800000084e-02
1.022593223849999934e-02
9.141412885479999889e-03
8.458808483229999370e-03
7.975502916770000825e-03
7.606412485500000341e-03
7.310065311899999890e-03
7.063278020199999750e-03
6.852162432320000295e-03
6.667775808799999981e-03
6.504474190049999716e-03
6.357751642249999738e-03
6.224689413699999868e-03
6.103072896880000139e-03
5.991057270149999746e-03
5.887505993389999942e-03
5.791057360189999850e-03
5.701155734540000290e-03
1.270649769030000008e-02
9.208900016630000226e-03
7.876996294699999471e-03
7.162948499210000305e-03
7.763083252749999885e-02
3.050958552700000145e-02
2.018825629729999876e-02
1.565249164600000104e-02
2.428540230910000014e-02
1.744205450459999918e-02
1.431395270419999997e-02
1.960631038900000067e-02
3.362667453340000001e-02
2.359297331119999952e-02
1.886381173180000023e-02
1.605515847490000120e-02
1.416991461830000021e-02
1.280631914300000077e-02
1.176782335050000072e-02
1.094718598539999935e-02
1.028002714390000016e-02
9.725207990099999852e-03
9.255760419730000785e-03
8.852647640129999301e-03
8.501542263329999252e-03
8.193399863579999692e-03
7.919879854230000432e-03
7.675238188059999890e-03
7.454737313919999712e-03
1.752323107219999967e-02
1.246563259470000011e-02
1.042077289180000019e-02
9.319296668959999724e-03
8.612402612140000052e-03
8.108120255219999559e-03
7.723563720160000340e-03
7.415281745180000300e-03
7.159537980069999655e-03
1.718421946349999938e-02
2.146509309330000073e-02
1.469468899440000073e-02
1.197183868030000063e-02
1.046096655329999993e-02
9.484676396240000057e-03
8.794058821070000614e-03
8.273304685210000273e-03
7.863959958480000456e-03
7.530541072229999730e-03
7.251913235120000314e-03
7.014721394210000384e-03
6.808709391380000052e-03
6.627827303330000204e-03
6.466901162429999732e-03
6.322167291780000399e-03
6.191228274260000136e-03
6.072002735400000399e-03
5.962285552419999829e-03
5.860985817419999723e-03
5.767002557470000089e-03
5.679681699820000353e-03
5.597710120889999932e-03
5.521008780240000205e-03
5.448682490969999730e-03
5.380414576399999808e-03
5.315812850509999722e-03
5.254450131780000026e-03
5.196094403459999844e-03
5.140535393319999730e-03
5.087508432330000059e-03
5.036876044689999991e-03
4.988276577739999759e-03
4.941752825510000412e-03
4.897038975869999651e-03
4.854084770819999672e-03
4.812616684370000369e-03
4.772670983419999638e-03
4.734262055010000393e-03
4.697144424019999986e-03
4.661066464479999769e-03
4.626323426189999852e-03
4.592708174840000150e-03
4.559941259210000333e-03
4.528476653649999607e-03
4.497578783700000200e-03
4.467690314029999776e-03
4.438778785490000295e-03
4.410494655760000167e-03
4.383110476929999791e-03
4.356432016309999718e-03
4.330353077919999773e-03
4.304900542759999664e-03
4.280183717479999796e-03
1.388238491630000050e-02
8.552201913509999143e-03
6.911495414140000210e-03
6.118439140289999925e-03
5.651054426930000006e-03
5.341681567139999927e-03
5.120634115580000208e-03
4.953538105790000409e-03
4.821968190890000248e-03
4.714644531120000016e-03
4.625089034319999730e-03
4.548481768570000229e-03
4.482030473799999797e-03
2.509456941210000055e-02
1.147623496450000079e-02
8.468304685840000526e-03
7.145726087289999695e-03
6.402313330019999797e-03
5.924303397750000158e-03
5.589156667799999832e-03
5.340097793479999834e-03
5.146717449369999850e-03
4.991249156229999977e-03
4.862679122620000051e-03
4.754390716050000375e-03
4.661292762179999709e-03
4.579979794830000076e-03
3.992147789449999873e-02
2.251436102489999883e-02
1.620235792899999902e-02
1.297633138970000037e-02
1.103029265189999983e-02
9.732035297880000171e-03
8.805933687369999624e-03
8.112446216370000629e-03
7.573818743969999712e-03
7.143020961450000268e-03
6.790345397909999803e-03
6.496060845360000433e-03
6.246390473330000297e-03
6.032240287330000415e-03
5.845548535540000257e-03
5.681566649589999719e-03
5.536353637039999678e-03
5.406367052389999921e-03
5.289831235420000381e-03
5.183887807459999775e-03
5.087557902909999735e-03
4.999487889870000111e-03
4.918341854179999854e-03
4.843498912229999773e-03
4.774202460360000080e-03
4.709414253509999759e-03
4.649122702949999748e-03
6.885488736410000365e-02
2.493085434980000029e-02
1.619805270339999895e-02
1.247932636649999941e-02
1.043575175259999974e-02
9.148429009779999316e-03
8.263657891979999184e-03
7.618011852259999606e-03
7.125318626000000377e-03
6.736664570730000433e-03
6.421363405030000235e-03
6.159754574700000186e-03
4.203760576940000077e-02
1.837592828590000130e-02
1.297921801179999918e-02
1.056263058349999999e-02
9.179978193420000598e-03
8.278512107509999191e-03
7.638441223699999651e-03
7.157303257309999972e-03
6.780216047150000418e-03
6.474906498129999813e-03
6.221357503489999968e-03
6.006656591649999800e-03
1.851414130110000042e-02
1.105677593760000070e-02
2.083158516380000103e-02
1.348390464179999998e-02
4.055889367309999799e-02
2.524737149990000096e-02
1.898424482299999883e-02
1.555061212569999914e-02
1.337443227660000018e-02
1.186786410780000037e-02
3.561667781959999834e-02
2.359629875639999985e-02
1.846216852809999878e-02
1.554804684030000085e-02
1.364189515429999923e-02
1.228225617439999973e-02
1.125647075700000020e-02
1.045065040670000063e-02
9.797747674710000423e-03
9.256133349760000198e-03
8.798925639229999637e-03
8.406182014309999256e-03
8.065132508849999493e-03
7.765629122550000117e-03
7.500241715329999601e-03
7.263066863379999752e-03
7.049534582139999929e-03
6.856268043300000302e-03
6.680322806030000379e-03
6.519379660240000318e-03
6.371323985649999903e-03
6.234647566649999771e-03
6.108418105989999770e-03
5.990806819280000174e-03
2.538941696949999910e-02
1.793714521120000002e-02
1.385409931389999967e-02
1.165884630629999974e-02
1.028549974769999917e-02
9.342444622790000222e-03
8.650489019399999757e-03
8.119715101739999677e-03
7.696695449679999759e-03
7.350766738480000138e-03
7.060315337489999656e-03
6.813215700569999651e-03
4.970145630789999693e-03
6.410571588660000410e-03
6.243331962989999775e-03
6.102934344639999661e-03
5.967424746510000336e-03
5.843993868689999725e-03
5.731088908639999681e-03
5.627381139820000072e-03
5.531307191760000304e-03
5.442028409949999958e-03
5.359031647810000298e-03
2.166546335040000007e-02
3.191180478039999657e-02
2.030710120829999979e-02
1.546152275669999965e-02
1.281135284699999946e-02
1.114460344949999918e-02
9.998191297339999867e-03
9.161832866259999458e-03
8.523224315010000107e-03
8.018181843170000059e-03
7.608245731940000388e-03
7.267916024360000261e-03
6.980385810960000083e-03
6.733442768710000241e-03
6.518535647669999877e-03
6.329945690410000020e-03
6.162056928279999700e-03
6.011946055180000109e-03
5.876556347300000184e-03
5.753331319100000313e-03
5.641145413279999819e-03
5.540050694859999757e-03
5.444871209439999631e-03
5.356414915200000300e-03
5.274440156290000070e-03
5.197529114310000045e-03
5.126957973319999813e-03
5.059516998679999822e-03
4.995757840939999903e-03
4.935806083859999721e-03
4.878687168569999580e-03
1.311576559130000000e-02
9.105411371419999678e-03
7.583141023679999641e-03
6.777687553030000388e-03
6.276283477970000073e-03
5.930633284609999889e-03
5.675285591989999955e-03
5.476864358680000322e-03
5.316612917930000314e-03
5.183364943969999590e-03
1.535364847579999935e-02
9.839069040619999318e-03
7.982422789149999989e-03
7.040891193600000257e-03
6.465069079559999585e-03
6.071836681870000293e-03
5.782640752770000329e-03
5.559336288020000003e-03
5.379847695779999689e-03
5.230989875380000383e-03
5.105115282740000163e-03
4.996292241400000084e-03
4.901103629249999732e-03
4.816284668150000274e-03
4.740444627649999590e-03
4.671381433510000090e-03
4.608433876919999610e-03
4.550587332489999977e-03
4.496984673740000299e-03
4.447039108230000336e-03
4.400534897240000395e-03
4.356798418430000118e-03
4.315553723469999804e-03
4.276703428639999985e-03
4.239768402559999753e-03
4.204777078660000209e-03
4.171363787250000413e-03
4.139416551630000288e-03
1.100873854059999934e-02
2.697010450949999943e-02
1.433466005429999933e-02
1.058561767739999923e-02
8.761907454809999760e-03
7.681183440719999839e-03
6.965280807239999580e-03
6.455740800329999932e-03
6.074007219290000412e-03
5.776512881200000261e-03
5.714284731509999826e-02
2.884866363720000118e-02
1.998943157909999907e-02
1.566710798330000001e-02
1.311606136800000030e-02
1.143339050689999928e-02
1.024005683000000014e-02
9.349696006000000198e-03
8.658780674140000369e-03
8.106925280520000526e-03
7.655502754169999681e-03
7.279052689879999746e-03
6.959992501949999709e-03
6.685682617379999637e-03
1.929415339780000127e-01
1.007998221420000062e-01
6.780824592570000586e-02
5.103298821559999754e-02
4.095562999630000117e-02
3.427067915879999926e-02
2.952769024550000107e-02
2.599069601679999952e-02
2.326152980819999952e-02
2.109299109799999891e-02
1.932885901629999986e-02
1.786884840699999935e-02
1.663779808030000154e-02
1.558718530219999933e-02
1.468363111350000014e-02
1.389464581029999958e-02
1.319992493609999963e-02
1.258526463430000020e-02
1.203679388339999948e-02
1.154452791369999995e-02
1.110021373860000000e-02
1.069742795480000015e-02
1.033047735010000044e-02
9.993470926060000342e-03
9.686189304449999496e-03
9.402000856719999397e-03
9.137054576830000788e-03
8.893082745719999710e-03
8.666679772849999325e-03
8.454099439969999311e-03
8.256861336750000169e-03
8.071517484820000393e-03
7.897593787780000582e-03
7.733654378710000388e-03
7.579421530580000323e-03
7.433608801209999790e-03
7.295748687609999658e-03
7.165407479390000292e-03
7.041617372109999946e-03
7.041617372109999946e-03
6.923844664640000333e-03
6.811926261890000403e-03
6.705294666720000053e-03
6.603545210929999756e-03
6.506302712220000256e-03
6.413391344660000250e-03
6.324527850889999879e-03
6.239365863670000290e-03
6.157652170229999805e-03
6.079289796460000256e-03
6.004065642079999682e-03
5.931583796299999718e-03
5.861872074079999689e-03
5.794727441120000287e-03
5.730078601389999859e-03
5.667713199159999694e-03
1.353297900650000073e-02
1.007596892259999925e-02
8.592443116709999260e-03
7.763986544560000022e-03
7.230027106700000379e-03
6.853203623529999754e-03
6.569618476030000299e-03
6.346064659419999726e-03
6.163584230710000313e-03
6.009652024919999967e-03
5.877687462209999804e-03
5.761931255699999886e-03
5.659120669300000094e-03
5.566849027979999844e-03
5.482555706179999960e-03
5.405383326650000167e-03
5.334126774539999644e-03
5.267690876899999881e-03
5.205605575600000257e-03
5.149741600390000083e-03
5.094621842500000018e-03
5.042306039510000178e-03
4.992640087990000280e-03
4.945246125269999599e-03
4.900101907149999672e-03
4.856886272579999733e-03
4.815228351999999851e-03
4.775475036510000264e-03
4.736979355440000018e-03
1.946506920919999911e-02
1.043431341640000017e-02
8.099113376180000143e-03
7.028957430079999999e-03
6.413910168219999659e-03
6.012653138410000223e-03
5.728323646700000417e-03
5.514595221870000410e-03
5.345946708119999995e-03
1.501857313980000004e-02
9.844652455050000028e-03
8.044694624070000341e-03
7.118748674140000163e-03
6.547984438779999930e-03
6.156904325520000214e-03
5.868855288120000159e-03
5.646089658249999615e-03
5.466879041489999813e-03
5.319014923820000046e-03
5.193614595709999601e-03
5.085494643630000290e-03
4.991002358329999812e-03
4.907107316259999921e-03
4.831613123059999917e-03
4.763529873769999784e-03
4.701371594359999781e-03
4.644166272449999980e-03
4.591219593520000190e-03
4.542053166709999860e-03
4.496090632489999940e-03
4.453072549480000322e-03
4.412373954700000295e-03
4.374055455560000270e-03
4.337681157980000091e-03
4.303058248730000368e-03
4.270058604850000133e-03
4.238489403520000198e-03
4.208370060740000175e-03
4.179441963860000379e-03
1.367224578689999956e-02
8.800465280140000110e-03
7.113493822179999676e-03
6.262409217629999990e-03
5.749598509120000360e-03
5.405778967360000235e-03
5.158222795909999867e-03
4.970141556100000219e-03
4.821679728919999602e-03
4.700750389400000159e-03
4.599762565589999609e-03
4.513666288379999947e-03
4.439017425250000107e-03
4.373499544300000347e-03
4.314976752200000085e-03
4.262263870929999636e-03
4.214293024720000384e-03
1.190911500289999932e-02
1.053471272339999952e-02
8.098627211129999504e-03
6.938240042239999725e-03
6.252800824539999844e-03
5.797962292310000244e-03
5.472821142689999682e-03
5.227448261010000062e-03
5.034870924769999610e-03
4.878599557530000422e-03
4.749477898489999628e-03
4.639761040659999732e-03
4.545242796189999900e-03
4.462768280240000246e-03
4.389885208300000133e-03
4.324820101510000112e-03
4.266112705719999655e-03
4.212696361609999905e-03
4.163762713820000176e-03
4.118942795169999727e-03
4.077370079890000297e-03
4.038630549010000306e-03
4.002422927369999640e-03
3.968486318870000085e-03
3.936547220549999580e-03
3.906425169840000398e-03
3.877796671079999924e-03
3.850670702290000073e-03
3.824760603540000060e-03
3.799994502870000096e-03
3.776425751080000198e-03
3.753692104180000010e-03
3.731887124230000123e-03
3.711060542099999839e-03
3.690685436850000157e-03
3.671247782809999860e-03
3.652520522180000007e-03
3.634275379460000059e-03
2.103904542910000133e-02
9.773937014879999913e-03
7.208935177470000150e-03
2.283330641099999905e-02
1.384763302429999933e-02
1.050414166290000034e-02
8.746720659180000010e-03
7.662026222729999975e-03
6.925397772439999787e-03
6.391965062820000390e-03
5.988137702249999618e-03
5.671257862450000166e-03
5.415832232160000190e-03
5.205012316779999981e-03
5.028482661539999780e-03
4.878037212439999618e-03
4.747746659180000252e-03
4.634363396669999649e-03
4.534079715450000346e-03
4.445102359320000224e-03
4.365111951680000074e-03
4.292997997039999826e-03
4.227391590780000055e-03
1.339585959060000074e-02
8.709707379280000328e-03
7.040637426939999610e-03
6.183160381379999675e-03
5.658126995309999650e-03
5.300820526540000327e-03
5.040006240190000354e-03
4.839640771049999977e-03
4.679833043110000375e-03
4.548467905720000350e-03
4.438067029479999571e-03
4.343383464360000244e-03
2.326232623129999982e-02
1.207871192449999978e-02
8.945901095429999866e-03
7.473133227330000170e-03
6.616038779079999599e-03
6.053595238360000297e-03
5.654327901780000290e-03
5.354716218709999580e-03
5.120557739950000117e-03
4.931652215999999915e-03
4.775247204680000204e-03
4.643370538280000397e-03
4.530047926560000320e-03
4.431373926940000187e-03
1.305897194970000001e-02
9.061910014649999373e-03
7.429046846979999938e-03
6.537445756860000255e-03
5.971927483760000079e-03
5.578339623399999891e-03
5.286427116520000039e-03
5.059837672870000358e-03
4.877590999719999716e-03
4.727215463859999779e-03
2.026663194900000034e-02
1.040709169429999970e-02
7.923544383309999439e-03
6.775339372999999825e-03
6.106305006660000048e-03
5.663133321210000320e-03
5.344667149030000140e-03
5.102503750490000427e-03
4.910246760100000357e-03
4.753220520029999806e-03
4.621730260040000059e-03
4.509170539170000158e-03
4.411446795579999740e-03
4.325564443770000406e-03
4.249039657970000126e-03
4.180339366890000082e-03
4.118129183330000373e-03
4.061311901450000324e-03
4.009229071179999833e-03
3.961117492989999628e-03
3.916602125099999734e-03
3.875075762419999924e-03
3.836289288680000149e-03
3.799832291560000051e-03
3.765549434539999882e-03
3.733203138550000074e-03
3.702507043849999867e-03
3.673442793989999903e-03
3.645751804319999952e-03
3.619445704959999878e-03
3.594286360369999822e-03
3.570224047149999930e-03
3.547116222529999967e-03
3.524967017209999862e-03
3.503693480470000156e-03
3.483252303689999847e-03
3.463502545209999790e-03
3.444473102300000047e-03
3.426115099609999912e-03
3.408329588829999823e-03
3.391104385979999952e-03
3.374445538680000134e-03
3.358289436500000186e-03
3.342578303030000093e-03
3.327321724640000186e-03
3.312504110500000178e-03
3.298126499500000138e-03
3.284044816709999828e-03
3.270399710710000189e-03
1.009766628869999960e-02
7.109474851889999690e-03
5.865566117690000116e-03
5.189970880539999769e-03
4.767261787820000277e-03
4.478172810550000264e-03
4.267770512140000271e-03
4.107403384209999675e-03
3.980831041199999788e-03
3.878180412319999926e-03
3.792821226950000065e-03
3.720535484719999890e-03
3.658462916939999969e-03
3.604297153210000038e-03
1.060480119650000080e-02
7.173834496769999729e-03
2.932341661909999841e-02
1.378277673110000004e-02
9.864166611049999395e-03
8.036734017400000082e-03
6.972076863550000399e-03
6.272501132420000083e-03
5.776470900100000305e-03
5.406047266840000379e-03
5.117885212630000381e-03
4.887185151800000141e-03
4.690607091740000428e-03
4.533418820940000003e-03
4.399421384020000408e-03
4.284110565400000084e-03
4.183283683099999622e-03
4.094425488859999851e-03
4.015538966560000360e-03
3.944721051119999718e-03
3.284253111640000194e-02
1.531868520359999999e-02
1.070784911010000048e-02
8.595779993719999956e-03
7.387895002719999799e-03
6.606819835330000369e-03
6.059779157510000215e-03
5.654534100469999630e-03
5.341097040470000126e-03
5.091362439969999987e-03
4.886820500839999734e-03
4.716104740099999991e-03
4.570857635780000046e-03
4.445683867940000006e-03
4.336526776279999752e-03
4.240016893190000358e-03
4.154196040959999905e-03
4.077093180400000010e-03
4.007530876620000147e-03
3.944121546300000114e-03
3.886191587869999853e-03
3.833168458629999942e-03
3.833168458629999942e-03
3.783856032450000090e-03
3.738276396400000076e-03
9.207997307359999314e-03
6.818452123059999710e-03
5.788770411180000144e-03
5.213961826149999569e-03
4.844832473250000257e-03
4.585831052569999851e-03
4.392331320689999916e-03
1.323731546149999917e-02
9.006195620589999354e-03
7.293994913999999642e-03
6.360525330220000335e-03
5.768709562879999891e-03
5.357252235420000182e-03
5.052835297720000007e-03
4.817126358490000405e-03
4.628333018759999730e-03
4.472848357240000357e-03
4.342299107949999619e-03
4.230611975760000150e-03
4.133631895279999899e-03
1.073891115650000075e-02
7.526973511409999588e-03
6.265847451799999926e-03
5.585339147609999673e-03
5.154398988129999838e-03
4.853834139039999579e-03
4.629656903129999827e-03
4.454580768120000415e-03
1.752118154829999941e-02
1.074830125470000071e-02
8.335960154599999367e-03
7.093600625260000278e-03
6.331479446759999755e-03
5.813578581490000050e-03
5.436288806359999663e-03
5.147759461800000165e-03
4.918824331980000374e-03
4.732001924399999691e-03
4.575918950409999832e-03
4.443120577310000208e-03
4.328474627460000314e-03
4.228135050979999789e-03
1.521015777399999970e-02
9.994042974920000488e-03
7.943957591649999581e-03
6.847784242289999684e-03
6.161699420039999826e-03
5.689264602359999853e-03
5.342076545579999870e-03
1.419318525469999946e-02
9.426559925659999326e-03
7.649889078580000140e-03
6.698412989670000407e-03
6.094283381060000213e-03
5.670694339579999965e-03
5.353236303479999743e-03
5.104798815039999701e-03
4.903220077149999731e-03
9.944125638410000051e-03
7.487551541710000050e-03
6.429425488039999803e-03
5.823009093060000328e-03
5.420452771669999684e-03
5.128943824789999710e-03
4.904495661390000094e-03
4.724660849230000008e-03
4.575800697979999845e-03
4.449577154450000231e-03
4.340727920020000241e-03
4.245366127299999952e-03
4.160834742289999839e-03
4.084923073970000117e-03
4.016422448760000041e-03
3.954014880050000375e-03
3.896836190950000046e-03
3.844183791200000196e-03
3.795385806609999791e-03
3.750009595650000138e-03
3.707534566740000159e-03
3.667893779219999918e-03
3.630594676999999906e-03
3.595389592330000203e-03
3.562142103920000122e-03
3.530646350060000216e-03
3.500752387649999978e-03
3.472328772890000050e-03
3.445144292740000020e-03
3.419254747709999862e-03
3.394539602970000122e-03
3.370784410309999885e-03
3.348016166080000112e-03
3.326098248060000047e-03
1.654438953110000041e-02
1.037038771360000028e-02
8.054521034550000264e-03
6.773871715830000195e-03
5.992904606789999609e-03
5.468171399110000226e-03
5.091312884449999965e-03
4.807671548649999904e-03
4.586029442909999622e-03
4.407599517019999621e-03
4.260817805739999971e-03
4.137472950650000238e-03
4.032046053570000066e-03
2.550080180220000090e-02
1.301117935530000068e-02
9.417833162150000478e-03
7.716313502079999789e-03
6.724302376379999793e-03
6.073368082409999827e-03
5.611615916590000433e-03
5.266294277290000346e-03
4.996734493380000121e-03
4.780348062780000185e-03
4.602005687589999852e-03
4.452007287429999953e-03
4.323861023390000030e-03
4.212781695749999791e-03
6.601090309960000457e-02
2.775109283989999828e-02
1.814567100469999944e-02
1.381049646120000030e-02
1.136026492299999947e-02
9.790905758180000473e-03
8.701966391629999478e-03
7.900348121329999612e-03
7.287069989100000006e-03
6.802705668199999708e-03
6.409203982490000416e-03
6.083449873319999972e-03
5.808960569450000340e-03
5.574350202919999865e-03
5.371161010909999631e-03
5.193345664600000286e-03
5.036466790479999893e-03
4.896807317100000320e-03
4.771693212380000333e-03
4.658668649839999877e-03
4.556197690610000288e-03
1.032959719890000003e-02
7.663128711330000065e-03
6.529290602639999629e-03
5.890810431309999665e-03
5.474480536649999930e-03
5.176519389429999618e-03
4.949323913509999680e-03
4.768492538710000263e-03
4.619286734390000426e-03
4.493255833539999862e-03
4.384406473120000189e-03
3.508044508940000306e-02
3.098139121790000061e-02
1.777873185569999945e-02
2.172960320180000043e-02
1.536626962730000025e-02
1.231294730529999999e-02
1.048242932839999961e-02
9.253600013480000816e-03
8.368287256769999655e-03
7.698646983860000376e-03
7.173490125109999865e-03
6.749669714259999911e-03
6.400021469920000143e-03
6.106160774319999845e-03
5.855314446060000053e-03
5.638663307649999581e-03
5.449004540059999672e-03
5.281658950629999905e-03
5.132673749839999910e-03
4.998899223039999888e-03
4.878655169680000056e-03
4.769147594339999581e-03
4.669020110649999868e-03
4.577300714920000228e-03
4.492864777529999645e-03
4.414826527639999568e-03
4.342214681730000199e-03
4.274532903179999697e-03
4.211527326249999738e-03
4.152354396789999756e-03
4.096806708039999606e-03
4.044426890090000240e-03
3.995103244689999882e-03
3.948370640010000383e-03
3.904108782949999856e-03
3.862120364839999927e-03
3.822124405610000109e-03
3.784045379469999897e-03
3.747778413509999899e-03
3.713027771369999813e-03
3.679825836449999825e-03
3.648007251030000158e-03
3.617463848250000204e-03
3.588233811180000041e-03
3.560007971000000038e-03
3.532947798129999848e-03
3.506846052340000051e-03
3.481641409060000011e-03
3.457348876030000122e-03
3.433887748350000074e-03
3.411162122539999984e-03
3.389232985409999961e-03
3.367985053330000127e-03
3.347376233259999855e-03
