3.416595299431001820e+01
2.780864118968006693e+01
2.258303955490004000e+01
1.829695562765997607e+01
1.478917418868998013e+01
1.192681001928998619e+01
9.596286530250019098e+00
7.704402864590996103e+00
6.172788894077001487e+00
4.936143008720999426e+00
3.940139114367996243e+00
3.140038063792001566e+00
2.498560847121995998e+00
1.985557598940000057e+00
1.576015414828000338e+00
1.249728446931999359e+00
9.901470354569998911e-01
7.839785837933005430e-01
6.204561871869002099e-01
4.909068378964001611e-01
3.884283118789004785e-01
3.074248247925990829e-01
2.434528700218999697e-01
1.929705295644003615e-01
1.531488671322001061e-01
1.217400343821001402e-01
9.696612241649991970e-02
7.741406187180976950e-02
6.196537420543993258e-02
4.973948530976994575e-02
4.004256251265004424e-02
3.233332377899005017e-02
2.618392062673998918e-02
2.125811080697003613e-02
1.729245364291003006e-02
1.407962399077999395e-02
1.145393180337002034e-02
9.282982920008994721e-03
7.461858072995997300e-03
5.910165244677992487e-03
4.572605906481000057e-03
3.426693328191992866e-03
2.480032904469006705e-03
1.752745171477200275e-03
1.245040329706802651e-03
9.140982531365697723e-04
6.917249010847329859e-04
5.273530926090538255e-04
3.992535876152994846e-04
2.990032591864466073e-04
2.214512673380970040e-04
