1.265533067839807180e-01
1.214938048359386763e-01
1.214965161940680938e-01
1.231091944307543540e-01
1.206472032654006682e-01
1.183326434674088906e-01
1.140867766805017808e-01
1.126744826487764833e-01
1.209287813033103065e-01
1.192264016471741434e-01
1.161821387112617898e-01
1.142850332430097177e-01
1.117915095343916115e-01
1.121982524389133623e-01
1.134954796514425629e-01
1.151743251415150160e-01
1.162464974637637538e-01
1.140676725048655749e-01
1.113388150227457435e-01
1.281417403609044492e-01
1.273381300582590581e-01
1.623287892033401791e-01
1.350848327337610399e-01
1.393463368149243375e-01
1.367644475829680739e-01
1.315495550132090019e-01
1.306460188976820702e-01
1.248864453526569995e-01
1.230214637849193354e-01
1.255390281883009551e-01
1.335321060176629937e-01
1.287568102537290649e-01
1.243828662663016837e-01
1.267711027245832789e-01
1.291152202668796323e-01
1.295728052711754563e-01
1.253752074316888676e-01
1.336207502796658009e-01
1.210365007528868553e-01
1.133950462394813924e-01
1.147549937849657309e-01
1.132544606247402469e-01
1.110119148960177909e-01
1.191139945716923332e-01
1.095423789310690371e-01
1.095734906568425621e-01
1.076038201304382741e-01
1.065760100202429311e-01
1.046799475254411027e-01
1.077567632064614228e-01
1.080900183898191036e-01
1.065128397762300921e-01
1.048937167666503523e-01
1.040777228568000173e-01
1.035120908273498286e-01
1.130186867172429666e-01
1.124219033243624016e-01
1.141856098463253505e-01
1.165151484514916763e-01
1.326874607257868544e-01
1.203268472048322629e-01
1.308806626309276522e-01
1.223231172948526235e-01
1.459763428547356245e-01
1.372879800797322247e-01
1.251347767609854722e-01
1.317433639807245593e-01
1.267515115505564727e-01
1.207610879781162161e-01
1.097451848055958079e-01
1.050870726139183503e-01
1.046393567024046095e-01
1.048323367384818294e-01
1.088148261259966054e-01
1.102686290894649979e-01
1.095663130428817245e-01
1.099827351214112542e-01
1.084572361717422717e-01
1.076847819170602266e-01
1.060595657987778856e-01
1.059544792627206550e-01
1.046604979779385408e-01
1.065935526482863632e-01
1.058428845776597238e-01
1.078994568750713395e-01
1.064568803706447547e-01
1.066253435337371491e-01
1.063342015241811461e-01
1.049618261301361738e-01
1.048126754243974695e-01
1.035347282989269868e-01
1.071314831640618331e-01
1.153387258229454926e-01
1.063534083916752859e-01
1.054023684085484969e-01
1.098117238223439013e-01
1.078918544491837966e-01
1.069616311964064759e-01
1.065676245451024490e-01
1.070695840954261902e-01
1.146423672202784294e-01
1.086650118956558747e-01
1.058065882275518732e-01
1.058851606644677368e-01
1.042916931719782975e-01
1.045383587700281919e-01
1.036853324605957472e-01
1.057980979966449547e-01
1.101510919592207510e-01
1.137168969370957461e-01
1.138895379851160156e-01
1.150741571895073090e-01
1.154424956384419582e-01
1.115751696275889271e-01
1.150529831808964759e-01
1.136994641063897721e-01
1.844561972485542212e-01
1.333910389016070841e-01
1.112706936477820402e-01
1.088883558688170938e-01
1.074094739029053391e-01
1.080352678579547532e-01
1.208759821492050579e-01
1.103084881082181806e-01
1.166848381741563551e-01
1.067554233463361285e-01
1.052935231230251040e-01
1.032600568090828452e-01
1.060042860562726563e-01
1.057755004748700683e-01
1.051470346009032580e-01
1.070709382217097522e-01
1.042925472981090784e-01
1.042471307994692065e-01
1.053038753793278520e-01
1.037254135391057208e-01
1.103844104399964166e-01
1.100431305491613027e-01
1.130905992719826586e-01
1.144320784190865914e-01
1.124812300250023489e-01
1.087728601808766182e-01
1.080540867762875279e-01
1.054401212160813173e-01
1.034654000156322584e-01
1.035085796770481015e-01
1.022726381127224832e-01
1.012724749073455333e-01
1.072329095739426863e-01
1.076253001454597902e-01
1.060476547786945445e-01
1.071730403433373696e-01
1.136870188096787970e-01
1.120930825741163483e-01
1.121787572379904785e-01
1.122894089076333785e-01
1.113362095206683888e-01
1.097319393161359929e-01
1.095319735708012859e-01
1.085172656618562381e-01
1.070121249345310499e-01
1.080204359645174084e-01
1.618666702174560712e-01
1.169761682890543691e-01
1.266616267446805111e-01
1.988721066093318002e-01
1.290344516497632377e-01
1.282615497546953087e-01
1.233774145039301107e-01
1.167011078227642440e-01
1.127628572353149145e-01
1.095218742550834734e-01
1.076402192547006448e-01
1.078349442506407324e-01
1.055446751563947627e-01
1.399564389795548425e-01
1.125244118745094279e-01
1.128667146529874349e-01
1.109943358562318350e-01
1.080467329350056627e-01
1.102373139891726500e-01
1.074281735303997537e-01
1.048955133081809488e-01
1.048378313189188560e-01
1.036448258963013347e-01
1.037166340002140391e-01
1.009955981827996285e-01
1.033656809030766011e-01
1.137242696752566173e-01
1.490750532615264246e-01
1.291990673390643052e-01
1.174231492822703504e-01
1.103529634051340219e-01
1.075924163647608151e-01
1.087217568170402021e-01
1.069190616748446759e-01
1.064871661655495405e-01
1.057613471634195473e-01
1.209630279381746498e-01
1.158346346397737259e-01
1.123439275674295995e-01
1.126489831536715974e-01
1.220988019905671490e-01
1.203372414272801116e-01
1.194635286900284921e-01
1.165881691690955901e-01
1.108736230535593281e-01
1.106201758309901667e-01
1.067417546132358036e-01
1.033780056835952865e-01
1.015310710827904278e-01
1.009108051058185546e-01
1.019382465415838296e-01
1.137337384747537511e-01
1.507712908519543982e-01
1.211521758413381111e-01
1.110674018635157273e-01
1.089433646587688459e-01
1.104870050071311283e-01
1.092458402460177863e-01
1.080809220967316325e-01
1.100062075908743303e-01
1.133064173255396018e-01
1.135640317047161424e-01
1.117023398401454093e-01
1.090115977381940771e-01
1.085404073200603725e-01
1.087144011431453589e-01
1.095378151975784503e-01
1.123178700231641514e-01
1.261087194788121368e-01
1.270860204864858456e-01
1.235620968728581293e-01
1.202018654682019821e-01
1.172028700709877025e-01
1.267886533887650213e-01
4.537059227755950719e-01
4.029168177457763678e-01
2.077957262020802554e-01
1.787258703780295332e-01
1.648779944806613440e-01
1.623960091798239969e-01
1.423603266485920227e-01
1.366517901979284189e-01
1.353601136231820379e-01
1.443265412653637614e-01
2.767074545017270681e-01
1.988915583437887991e-01
1.398753918358409398e-01
1.320604523490673532e-01
1.402972520633148645e-01
1.365459489046080277e-01
1.343376430566385060e-01
1.347406959298789453e-01
1.284692353748078109e-01
1.222975654077615160e-01
1.167639656203967174e-01
1.143664757560490658e-01
1.114399413131399869e-01
1.092618825958023704e-01
1.083676291793215646e-01
1.112081743983925897e-01
1.163089899928281962e-01
1.156522552465922699e-01
1.154836548397779744e-01
1.117069322317599533e-01
1.113794074329735873e-01
1.428010496519708517e-01
1.290722069791862547e-01
1.162853171404002600e-01
1.125764481422265317e-01
1.096783516809678172e-01
1.104329847026171152e-01
1.078638204812742141e-01
1.064998106286606100e-01
1.064503790563249563e-01
1.064190737052487373e-01
1.070602968262371890e-01
1.068204969418650868e-01
1.089524176601509714e-01
1.089661782172834381e-01
1.162294427863555524e-01
1.093876085276981047e-01
1.058241358813420963e-01
1.046538019555184607e-01
1.043951330238334363e-01
1.032854772800201465e-01
1.060977927388947473e-01
1.090115025403272098e-01
1.104186357135213958e-01
1.099586835536198737e-01
1.169797608952776180e-01
1.149878382378520247e-01
1.114362953821278757e-01
1.216784910124578262e-01
1.170992961073670374e-01
1.074796938002340330e-01
1.056392458895729358e-01
1.042868623835954134e-01
1.048055514259650933e-01
1.053137524686360432e-01
1.080558749418649434e-01
1.075433015419689220e-01
1.091792908200602125e-01
1.074149575380376476e-01
1.058282224267986377e-01
1.055358488304847520e-01
1.050777871174549127e-01
1.108947873348717222e-01
1.044008968736093029e-01
1.020562240516032365e-01
1.017821976677562718e-01
1.015344080081012346e-01
2.164078283581064299e-01
1.755083467161706046e-01
1.279111281367156794e-01
1.199047086405126694e-01
1.117674531367243151e-01
1.093598670494755065e-01
1.073946120536661136e-01
1.079475263507993221e-01
1.066897249446406570e-01
1.051859465990751669e-01
1.137284018773821043e-01
1.158911652899036887e-01
1.118695533509557749e-01
1.118088411936611903e-01
1.108412605074738516e-01
1.125884152438691582e-01
1.239588033674924039e-01
1.224635981847267407e-01
1.212815031113025216e-01
1.248348193542430790e-01
1.297765565013466738e-01
1.257763105390077296e-01
1.231283547540024531e-01
1.236046919269007394e-01
1.211203132960788215e-01
1.169667353727966985e-01
1.147756109167601402e-01
1.121000338124249623e-01
1.113377129190808723e-01
1.100841583991041261e-01
1.084653447420021455e-01
1.091562763256412744e-01
1.302952983793219388e-01
1.150841441979355145e-01
1.110782711938476386e-01
1.073742885743982356e-01
1.063377448055171370e-01
1.058157277963918674e-01
1.060606827067522157e-01
1.087696842995462682e-01
1.086891948359734045e-01
1.208028661683058919e-01
1.256981324150116264e-01
1.196729587687730412e-01
1.163699826599518261e-01
1.155526605997306416e-01
1.133251662995082704e-01
1.100166131927357016e-01
1.074322857517910762e-01
1.091734636060920499e-01
1.043493521468194796e-01
1.072119384327955699e-01
1.110906165374214299e-01
1.088397512869789807e-01
1.203719083669274464e-01
1.148516061074328493e-01
1.079601663454057558e-01
1.323728980597841387e-01
1.814773586526323423e-01
1.272469675899252362e-01
1.255385773953933137e-01
1.280399647571366650e-01
1.246278035223168240e-01
1.418685057523386972e-01
1.402957386419624031e-01
1.319684288201065092e-01
1.389759651544666408e-01
1.337523245441753494e-01
1.302172634303103149e-01
1.502770799939654456e-01
1.323037179368597160e-01
1.355272803913668556e-01
1.300639470892606953e-01
1.267294094297850837e-01
1.244655888636268526e-01
1.230248586496292679e-01
1.217765477949948466e-01
1.210822640638672953e-01
1.194013333853916337e-01
1.168611512587146711e-01
1.216072335739738358e-01
1.200651327288546899e-01
1.188736257664034235e-01
1.220619522080488295e-01
1.236718774371792506e-01
1.214089303124109426e-01
1.191738379447559032e-01
1.161229391710541514e-01
1.145374776578148152e-01
1.193439291597956781e-01
1.146510270579391283e-01
1.162942952394779433e-01
1.216487819293602807e-01
1.166854828186660309e-01
1.205429701978912443e-01
1.193728376851174028e-01
1.407272993759613733e-01
1.269864141004269087e-01
1.150055640345285651e-01
1.119480802527081237e-01
1.095448209548066654e-01
1.093305946722311350e-01
1.072378177306686359e-01
1.072389412800307668e-01
1.069906045708288178e-01
1.135325213736502192e-01
1.102476126549503666e-01
1.065102907041421271e-01
1.041589692849367865e-01
1.077597773373103612e-01
1.043926867529774427e-01
1.027023104469125536e-01
1.032359728970612955e-01
1.045250701626528611e-01
1.095898021774720926e-01
1.083182193346148431e-01
1.068953765593874811e-01
1.073012569093824420e-01
1.368294781281080008e-01
1.138869107202051811e-01
1.089278654612458319e-01
1.100963069625376795e-01
1.069333935687023784e-01
1.046886791425045982e-01
1.036973025337216275e-01
1.020484064459228485e-01
1.007000555836330830e-01
1.021008870839547195e-01
1.127596392187769081e-01
1.244895049674619864e-01
1.102933334634232931e-01
1.025525236391364448e-01
1.002857619479471940e-01
1.041858737996949752e-01
1.034920367849754413e-01
1.027790078034356014e-01
2.076891800673818234e-01
1.237650034692675677e-01
1.331368678350018098e-01
1.321745840727436283e-01
1.259007661225624297e-01
1.218308318496166415e-01
1.166717285989542358e-01
1.137981181474187614e-01
1.141868468129110803e-01
1.133528997365480656e-01
1.172030691875936975e-01
1.168284987385927315e-01
1.171790344814031409e-01
1.135169020178142807e-01
1.119692860612548913e-01
1.113169922866194400e-01
1.300761076131727312e-01
1.182195034765915753e-01
1.153116589908004808e-01
1.138858399410821037e-01
1.288767620296779048e-01
1.225826471655428462e-01
1.534049375553339645e-01
1.423609990131033121e-01
1.456787088546112607e-01
1.289898620597451917e-01
1.228179382585912333e-01
1.212804444882727845e-01
1.164584525332138937e-01
1.167133006325456468e-01
1.139194216569646562e-01
1.148446533544238146e-01
1.131551307108860094e-01
1.121780449500327098e-01
1.108230117955387173e-01
1.102652761976808948e-01
1.091854855649396078e-01
1.085186125930990148e-01
1.224292779229472355e-01
1.141965420649959373e-01
1.081378884801414281e-01
1.059281380701016656e-01
1.050663287079257463e-01
1.039052563807823515e-01
1.028519025768691725e-01
1.051309006367854293e-01
1.048818845801319649e-01
1.159590351593644264e-01
1.139636679442285194e-01
1.175424683244270241e-01
1.369715078060196878e-01
1.171796414337473585e-01
1.135998107777541760e-01
1.141076711079866690e-01
1.112454471557947494e-01
1.088767222893724934e-01
1.064556217059985238e-01
1.052881384630964950e-01
1.039070549772335289e-01
1.039691324442374581e-01
1.033056617866467547e-01
1.028339275319184176e-01
1.025778169301676673e-01
1.023380954368914575e-01
1.024825709685396602e-01
1.013044379445412757e-01
1.047036105829630137e-01
1.040929653217924078e-01
1.030230980800718732e-01
1.035493705732103975e-01
1.049945258674988419e-01
1.235941982879820850e-01
1.660907454777214853e-01
1.048890198985786143e-01
1.104000432248401914e-01
1.113679414896312919e-01
1.105579196121321134e-01
2.570871958993591333e-01
1.723514583028723512e-01
1.511903124215852878e-01
1.401761447740052513e-01
1.400889893937358743e-01
1.428669669264382713e-01
1.442075035844286868e-01
1.455240546706800808e-01
1.487211893023291376e-01
1.946560742635762287e-01
1.747469961205559141e-01
1.613094609220333264e-01
1.447508284913918419e-01
1.340382072542802838e-01
1.300280870533329913e-01
1.279566317586796342e-01
1.295666578510326350e-01
1.264140211342326958e-01
1.241628490585155314e-01
2.667373730338180038e-01
2.002293354568499273e-01
1.576295716101061284e-01
1.875191153624429785e-01
1.331397295213282428e-01
1.244437680330110624e-01
1.233627705746857123e-01
1.452683165469243198e-01
1.124888164067578133e-01
1.140960447938055150e-01
1.106946328931614487e-01
1.102259691436990735e-01
1.073486459259729020e-01
1.064855838282738193e-01
1.055261476653274605e-01
1.047589492994289995e-01
1.040039395974088343e-01
1.026493120539219844e-01
1.017523059501985599e-01
1.010992960514647959e-01
1.045421467593364018e-01
1.072949296854006640e-01
1.231595226096867668e-01
1.099895910600667964e-01
1.094374040628531969e-01
1.082287311854787798e-01
1.084267195178996723e-01
1.073463744620523630e-01
1.137115967268308853e-01
1.164818955712035309e-01
1.141538717171330514e-01
1.136757004945161409e-01
1.094127926238642190e-01
1.063533903642141509e-01
1.059887193200917815e-01
1.059262150734686103e-01
1.051942024982212565e-01
1.034492028149721493e-01
1.045888111293453021e-01
1.028515539909414661e-01
1.027396932491253800e-01
1.023329090203473346e-01
1.023858264729326228e-01
1.017614762528480793e-01
1.055865860680491597e-01
1.042141310099790469e-01
1.030064862615665544e-01
1.019778858705925190e-01
1.008002431819189637e-01
1.008716226405668298e-01
1.059694224189274697e-01
9.991568758122915117e-02
9.810137017556723460e-02
9.928801360423239464e-02
9.774595249753167958e-02
9.616637055568438841e-02
9.807538529433401653e-02
9.654141904549246034e-02
9.866188252586666207e-02
9.806383673629970321e-02
9.735516553922103633e-02
9.559237919700867836e-02
9.564047672103523356e-02
9.658902662128462935e-02
9.755185597262647224e-02
9.828790738710276031e-02
1.113617067929629778e-01
1.033946690846598848e-01
1.036284327945471290e-01
1.022120547049735484e-01
1.021968299835786242e-01
1.010274556298937226e-01
1.009234573163692444e-01
1.036599875578272101e-01
1.146783412688579112e-01
1.120015288472576837e-01
1.161253402162806397e-01
1.112736423883667752e-01
1.136165993222538195e-01
1.195169006705316950e-01
1.148567545095192238e-01
1.124887808595143035e-01
1.115607995053236740e-01
1.097209352370849544e-01
1.088690146184700114e-01
1.082103094283403122e-01
1.074484510849083863e-01
1.059017170384529277e-01
2.045747418907640502e-01
1.278486826321268977e-01
1.147855233537824898e-01
1.076667571762709302e-01
1.078416861597773779e-01
1.061224231694652548e-01
1.097229245302073913e-01
1.432187104565684210e-01
1.245510445266513055e-01
1.207595873777415341e-01
1.367908865205260116e-01
1.417208585029377244e-01
1.533596954261401690e-01
1.471681478881211869e-01
1.282256414733785599e-01
1.280032658778097465e-01
1.243276613092682281e-01
1.233191308294010746e-01
1.211771756646096432e-01
1.406075198100614765e-01
1.282799979747026031e-01
1.282524086869934743e-01
1.198356995409258913e-01
1.149996550123516120e-01
1.120589401512786243e-01
1.143469961556883435e-01
1.160467570064771109e-01
1.228559234675473261e-01
1.190467037803942113e-01
1.213505998299071464e-01
1.180507655224211083e-01
1.148170194143210698e-01
1.127850353791035320e-01
1.097771024750462121e-01
1.100419374464208233e-01
1.080858276475518409e-01
1.065367613223770077e-01
1.306626449880182450e-01
1.126053596340774454e-01
1.114922826734826428e-01
1.108156269520198522e-01
1.274574315327247909e-01
1.261742231970075789e-01
1.144504850395165751e-01
1.095655856108904841e-01
1.066542223702022507e-01
1.046834474026964029e-01
1.030057119230548823e-01
1.058031014686077464e-01
1.059116396244324798e-01
1.061140394777321527e-01
1.102605876196699891e-01
1.072977813735371683e-01
1.059140741635722777e-01
1.205732253179800928e-01
1.596407138850995111e-01
1.345220425144880716e-01
1.216085994880231475e-01
1.243491611513206641e-01
1.409185809143876089e-01
1.526469829196724082e-01
1.409283219148895205e-01
1.672706967016989454e-01
1.534464129380108677e-01
1.434019651534724216e-01
3.158622075420446929e-01
1.457142511973329446e-01
1.433593206218445881e-01
1.341255422109847439e-01
1.247648378366174454e-01
1.210483499318827233e-01
1.194910106716135650e-01
1.178927808319366888e-01
1.146858730187858555e-01
1.142334408074849317e-01
1.240667599229132584e-01
1.281968560522568634e-01
1.260540511400246033e-01
1.224987887531271968e-01
1.182748310115130652e-01
1.132507126996292329e-01
1.108680378022543211e-01
1.430212110007620385e-01
1.319915303521056738e-01
1.381384100112462987e-01
1.216619916072180230e-01
1.142894432266513965e-01
1.134083789223294947e-01
1.113914388091511581e-01
1.122877491379859621e-01
1.118146415705722069e-01
1.144808112279352141e-01
5.330592809618646122e-01
1.866277563949519658e-01
1.243617495190879746e-01
1.226941895040062208e-01
1.173223324227501002e-01
1.271504411573655402e-01
1.760248211686187281e-01
1.308738017914815865e-01
1.201161967985259343e-01
1.261173507080859402e-01
1.298108353431638440e-01
1.245729207827901142e-01
1.258754240841779837e-01
1.117010208171317909e-01
1.329000992573111106e-01
1.406014569368715939e-01
1.099799209041290859e-01
1.109277304280677362e-01
1.427900490271401812e-01
1.793607953234278851e-01
1.402907119061513608e-01
1.425680699312683597e-01
1.186627632207305633e-01
1.116638742924535854e-01
1.112385696381297390e-01
1.089772226868780669e-01
1.137991067523069499e-01
1.136571906259975923e-01
1.143739310372597906e-01
1.111480458058922843e-01
1.097174427297985949e-01
1.082103558672011107e-01
1.099230896881953218e-01
1.138980003124893114e-01
1.131946921758523461e-01
1.141047841816527214e-01
1.305770174455398724e-01
1.261293239252465337e-01
1.191981889007381196e-01
1.160245436870021157e-01
2.070473992899282689e-01
6.394995961625655756e-01
6.804726006912477088e-01
5.560190632294857993e-01
4.226290535526655012e-01
3.158870554884498638e-01
3.046600145114511937e-01
2.624178403595185949e-01
3.113036393670270963e-01
3.176332074051357313e-01
2.536535346211733488e-01
2.669553937534815402e-01
2.094724753362957326e-01
1.999425854453298068e-01
1.823628419253183752e-01
1.679671795230824050e-01
1.667328113448300342e-01
1.941826625593612299e-01
2.001793300665432873e-01
1.636150978123275257e-01
1.539746121425596970e-01
1.521833558664704433e-01
1.391499828238192404e-01
1.308100634635360471e-01
1.233084869060132316e-01
1.261754520378645661e-01
1.238327414416299926e-01
1.314554739402841732e-01
1.246308195017442194e-01
1.274337550326964108e-01
1.905177266411300085e-01
1.381534348512981625e-01
1.373939118213181321e-01
1.315414480306314748e-01
1.391240998961984499e-01
1.252857236441664857e-01
1.460121911328202959e-01
1.388676336792008525e-01
1.389556036128765382e-01
1.365059195283385984e-01
1.956439980062184003e-01
1.620566472796667323e-01
1.521295944656151644e-01
1.439653503856482553e-01
1.455702832375000977e-01
1.877677223490230862e-01
1.668926153743485463e-01
1.383040779007520538e-01
1.296439885484249321e-01
1.297603184138747812e-01
1.457781722576267092e-01
1.328221128521096528e-01
1.222754819011930144e-01
1.146077024685931145e-01
1.171771874357146054e-01
1.212646836818484231e-01
1.282104098789329238e-01
1.237079761421161356e-01
1.228835076082837319e-01
1.233355834970165377e-01
1.196080283036545788e-01
2.683759562634769891e-01
2.398797591908358728e-01
2.094913661816633077e-01
1.677685679349565917e-01
1.592300390628512419e-01
1.418473808279441251e-01
1.574173661496930388e-01
1.277945209070757981e-01
1.183183704104666251e-01
1.709394865644129069e-01
1.931211476529049453e-01
1.457420243139556926e-01
1.214754640999294311e-01
1.323104503642239249e-01
1.087955160164536805e-01
1.102305623142820351e-01
1.078895547393536741e-01
1.073311388011041617e-01
2.117493310618870361e-01
1.303482599152672450e-01
1.220887546826276010e-01
1.194757226919934134e-01
1.123676985009913754e-01
1.102167690365542102e-01
1.684061119642739635e-01
2.209162012915366069e-01
1.988207435764414721e-01
1.959733270022046558e-01
1.476658045041896183e-01
1.420896222480082793e-01
1.349472825495901529e-01
1.323654235756326070e-01
1.264911521264734939e-01
1.284573700799086782e-01
1.251547834804491721e-01
1.364395473357783717e-01
1.257875199115841003e-01
1.189928981184407153e-01
1.227182539348151274e-01
1.244567259570811407e-01
1.243961328175525877e-01
1.255254964472826973e-01
1.163885053051302854e-01
1.267194696036831325e-01
1.290686647381742991e-01
1.180844360115574643e-01
1.142499904756349993e-01
1.381642007606267153e-01
1.678481132097091599e-01
1.365274757348498291e-01
1.357323926935314617e-01
1.158060634519495896e-01
1.153742472269864566e-01
1.188250292439197442e-01
1.183751906445317664e-01
1.241079753771740096e-01
1.175658403459196033e-01
1.117808014822105345e-01
1.236860066151211635e-01
1.234839575598809247e-01
1.180317633799461141e-01
1.127927161645992243e-01
1.098337259581454728e-01
1.108782792288572905e-01
1.083773206135424522e-01
1.108585383911565442e-01
1.093249999562646707e-01
1.074574930241640608e-01
1.057462380426181653e-01
1.035366951578682443e-01
1.029442208410044912e-01
9.985289991167704826e-02
1.008859593463750232e-01
9.929882519943501740e-02
9.827656592020923843e-02
9.678300304900376572e-02
9.770565098146204164e-02
9.673393832496850198e-02
1.013507729239715854e-01
1.033946258571803306e-01
1.141048206836084850e-01
1.181150412898131635e-01
1.788748968742056022e-01
1.038121024310282997e-01
1.034958817830005096e-01
1.068293344169921472e-01
1.072654271867100467e-01
1.060700370581525304e-01
1.076175796032166204e-01
1.067463612087649338e-01
1.081091161905943926e-01
1.042260221375503754e-01
1.034038497924628930e-01
1.126470744621156789e-01
1.114855731220326940e-01
1.149362118623636075e-01
1.177943168458863432e-01
1.164720390259194882e-01
1.166213143263480218e-01
1.145332048202565012e-01
1.115901030366594909e-01
1.092023618599173296e-01
1.094257287506732734e-01
1.078953320780974001e-01
1.072935677517804359e-01
1.100940844973014726e-01
1.134638545954748945e-01
1.125270254824846106e-01
1.098339991180458802e-01
1.096499496764065940e-01
1.067118928369373831e-01
1.101263983934367557e-01
1.084820269698715811e-01
1.070359372429440514e-01
1.388109354206805424e-01
1.184940264829063145e-01
1.094389155990422441e-01
1.078114271221431303e-01
1.099282007210669876e-01
1.147072493951505623e-01
1.131949930343336824e-01
1.211365843144568827e-01
1.325954852987526189e-01
1.397026575314246344e-01
1.322177730920028327e-01
1.332871304338767715e-01
1.250965302245354849e-01
1.179629600111725407e-01
1.121371093576472439e-01
1.082073314692866828e-01
1.060500377403070932e-01
1.055375765456171983e-01
1.077609645958160639e-01
1.073163524258581025e-01
1.065388522738576343e-01
1.104409271671335929e-01
1.088321988605748802e-01
1.189908230527762928e-01
1.183810458531700666e-01
1.165703964123114417e-01
1.147067350763745913e-01
1.186439649343932756e-01
1.156086416308271386e-01
1.139991840996814332e-01
1.127059836130734072e-01
1.149901241335788138e-01
1.122652033781396941e-01
1.104397373696717477e-01
1.090153810121904376e-01
1.249924172419167728e-01
1.134381284667965173e-01
1.117770606984994225e-01
1.086451099586230457e-01
1.144381416970723930e-01
1.265772862862241943e-01
1.329887623874899116e-01
1.093809344270417344e-01
1.046675572257514952e-01
1.238344671807417030e-01
1.181686251030517887e-01
1.183959559924987887e-01
1.129969693742168962e-01
1.098044022382716062e-01
1.097304856919268379e-01
1.106800930015750806e-01
1.095298523216246683e-01
1.064522612331709056e-01
1.069197272261881576e-01
1.048605846382812540e-01
1.044568351924498179e-01
1.028337490969974816e-01
1.055843709065610175e-01
1.039120508837621526e-01
1.035327816252884781e-01
1.027220268406085907e-01
1.013652182921178646e-01
1.085938774743851198e-01
1.066108466092478280e-01
1.045403906041153519e-01
1.037210282594806660e-01
1.019484174132190696e-01
1.000889256165967828e-01
1.035565482727616171e-01
1.022163551694630634e-01
1.010309750378609456e-01
9.958152037433724846e-02
1.496483575797026844e-01
1.212170580334122616e-01
1.104798134368706192e-01
1.113634643680274927e-01
1.168068824279029638e-01
1.076784547860520636e-01
1.064856869684856072e-01
2.124336457626075647e-01
1.544347292194956645e-01
1.304309072906199296e-01
1.236310812499760159e-01
1.163913077747736613e-01
1.164440880221118829e-01
1.264151923153643275e-01
1.266344654215527943e-01
1.200377473427296920e-01
1.157390609016643868e-01
1.143339420151220504e-01
1.589755721703020597e-01
1.327195430728424774e-01
1.498647367356735760e-01
1.229836129203139422e-01
1.136655957018468388e-01
1.145433370926404043e-01
1.159080890823691451e-01
1.129738533285060825e-01
1.110538290394631616e-01
1.093946580473171282e-01
1.063029554004726734e-01
1.039376733613551762e-01
1.014938056879585576e-01
1.044352358117396212e-01
1.163435834534626290e-01
1.244810269005936776e-01
1.165478368767335349e-01
1.294409484708724245e-01
1.456001482324288110e-01
1.343974566750108235e-01
1.100016633436303737e-01
1.051720927752182039e-01
1.130205498896646177e-01
1.165837354665710535e-01
1.158872581759053527e-01
1.136241904765503685e-01
1.112014854986013851e-01
1.114158131335932778e-01
1.107466019862457240e-01
1.071674951181833674e-01
1.043945292029825056e-01
1.024650779125418631e-01
1.004952045693959378e-01
1.004768355145152503e-01
1.001798685067751271e-01
1.478171513447268659e-01
1.212971971112271480e-01
1.030945540626606038e-01
1.245057611754161880e-01
1.229906459761924004e-01
1.153786166015506875e-01
1.203454549083447234e-01
1.118701363860050563e-01
1.088813105334776599e-01
1.121859547995135986e-01
1.137936027963361157e-01
1.207317895611982744e-01
1.430320390199881220e-01
1.083331435365559453e-01
1.805203424063087092e-01
1.671371810674132374e-01
1.589116857743885503e-01
1.464685919317377238e-01
1.286416211051734371e-01
1.184529180064736037e-01
1.179640609280122460e-01
1.113551232862275420e-01
1.108727303637172396e-01
1.153175053726585436e-01
1.064467949052614049e-01
1.149437485440043538e-01
1.309673087444290229e-01
1.106720514339143563e-01
1.139471741638934388e-01
1.300839393520746012e-01
1.159925721734507281e-01
1.139503609197600187e-01
1.096929488129975844e-01
1.079412945832538828e-01
1.172186064082971352e-01
1.122981699334392180e-01
1.118894372441656265e-01
1.143538652749575418e-01
1.142991414569136249e-01
1.152562667338326990e-01
1.091039462028730866e-01
1.032814056599079267e-01
1.003126941907349079e-01
9.804699110927521388e-02
1.351141708296343114e-01
1.218210498463096481e-01
1.017742355275111782e-01
1.323275365572022522e-01
1.251457993709616523e-01
4.954979466781836983e-01
1.285428744941658763e-01
1.118768614780869947e-01
1.082256821327418489e-01
1.266726442375565587e-01
1.358209430048220312e-01
1.113077182048385766e-01
1.200629315341142367e-01
1.185851436130554437e-01
1.187191945675932503e-01
1.176366547495292791e-01
1.135895274754195605e-01
1.093745278147683631e-01
1.191528788639719949e-01
1.117414668202761502e-01
1.189966488800605487e-01
1.198399934895632291e-01
1.193105670653674677e-01
1.153190205670262813e-01
1.106743791185880316e-01
1.074555746550470287e-01
1.055271793892220283e-01
1.026029440239739909e-01
9.977015542649461666e-02
1.114271485713940885e-01
9.856781725202566624e-02
1.008868753821432901e-01
9.967027181603999031e-02
1.089296434996550322e-01
1.061628436511138085e-01
1.091206508413235937e-01
1.494774901741671158e-01
1.306698336940634586e-01
1.259679126738269539e-01
1.204189280323535866e-01
1.155278002549046251e-01
1.111830818147675343e-01
1.082533339241854714e-01
1.039173839117327608e-01
1.001969812810775684e-01
9.891230829508784739e-02
9.726022176904472460e-02
9.635316813013529436e-02
9.755574176300960132e-02
1.022955184552996194e-01
1.058064501879552866e-01
9.560690717943665096e-02
9.363380811513755120e-02
1.586196750611395812e-01
9.571207236856225931e-02
9.767124593679429867e-02
1.024389523227322990e-01
1.003629093278979034e-01
9.865859331081237860e-02
9.912213631668340130e-02
1.064246504528943843e-01
1.059569537304319159e-01
1.151306668921290993e-01
1.113388765634774902e-01
1.074192342700325681e-01
1.137116513909104537e-01
1.214832549802561806e-01
1.212482502651486965e-01
1.273505904907918651e-01
1.200100619954693471e-01
1.179390596599575458e-01
5.355850395745808123e-01
1.616612369121287196e-01
1.563507513196441545e-01
1.795811321827874008e-01
1.614626663398640860e-01
1.809049849289778022e-01
1.621418070756742158e-01
1.326232546374086219e-01
1.230406889531618503e-01
1.201302899504747002e-01
1.642884555883627196e-01
1.673822431367320840e-01
1.393992771740060199e-01
1.219116522243062356e-01
1.192929012848987502e-01
1.165929224442664447e-01
1.236053631966061717e-01
1.133951446750057629e-01
1.139661364375166297e-01
1.149594606710438033e-01
1.209925250807754732e-01
1.443060641538399802e-01
1.193302054229172932e-01
1.182839355769037953e-01
1.166770644440457971e-01
1.168133117232891677e-01
1.379942533270578364e-01
1.547901055753786725e-01
1.235862569975043346e-01
1.186239704261662226e-01
1.131758576873130306e-01
1.207722954635030294e-01
1.179651905304452270e-01
1.154337541826254143e-01
1.140045482788000081e-01
1.111993612717244034e-01
1.089060731828478956e-01
1.077116461043741702e-01
1.060025762803054189e-01
1.051731683242251997e-01
1.070996637498452531e-01
1.052905734335906895e-01
1.046313760687167665e-01
1.036840356740479224e-01
1.035292581698740999e-01
1.038092063783474239e-01
1.036196491058805347e-01
1.031849280653157203e-01
1.023749584302113963e-01
1.012269658772442515e-01
1.002336990668052791e-01
1.010703185264698184e-01
1.015398870539582915e-01
1.504496350721849507e-01
2.375701697356153164e-01
1.163998502620793712e-01
1.118951775189488546e-01
1.114817382915137822e-01
1.161524471518031731e-01
1.195346753449021415e-01
1.169280568225741224e-01
1.527403436922862290e-01
1.580933851358732878e-01
1.541518915262279632e-01
1.365974999471671891e-01
1.323222243693884248e-01
1.309697824111510644e-01
1.292267497543338750e-01
1.252710405625561685e-01
1.220107608961498308e-01
1.234638651444027041e-01
1.203746842692274693e-01
1.174785833686301517e-01
1.181371740324055758e-01
1.163303587545813783e-01
1.172910372796612810e-01
1.143928103142355518e-01
1.203611724221354956e-01
1.157596865756963106e-01
1.285861198209669320e-01
1.174043889372970023e-01
1.121357322879016766e-01
1.084819576171583005e-01
1.075857584696510855e-01
1.068241927348161369e-01
1.148610865412627025e-01
1.167544586086130265e-01
1.386038694532253923e-01
1.205548636141073188e-01
1.271889435854043904e-01
1.188793048063909452e-01
1.160833763507588823e-01
1.159667514704637997e-01
1.128842047115216629e-01
1.113801883231537448e-01
1.117321501870995326e-01
1.093891200371828187e-01
1.091643814510789290e-01
1.217293686313262735e-01
1.139421173576674190e-01
1.112269946885146993e-01
1.106146270552119393e-01
1.088890419941939275e-01
1.131957309005889312e-01
1.167395321178763545e-01
1.149471653766519219e-01
1.189370173548276177e-01
1.155730701731918775e-01
1.134930928876119599e-01
1.135080713165500105e-01
1.130392644278357395e-01
1.132014666749890930e-01
1.115450020989347674e-01
1.131635381494837528e-01
1.104498985702591501e-01
1.108022025687390721e-01
1.078399272899655120e-01
1.081126279875933849e-01
1.048528429343544982e-01
1.119811971885257273e-01
1.125365817526595702e-01
1.121722567236211332e-01
1.264495988698001450e-01
1.187688964374874340e-01
1.133076949354398510e-01
1.097595377596779359e-01
1.084883364682875384e-01
1.088377198788958305e-01
1.151693110867673814e-01
1.139950938178268952e-01
1.125918841213452010e-01
1.152394604147352342e-01
1.147368693842305831e-01
1.477855830433176809e-01
1.326146454836077682e-01
1.108544511284306616e-01
1.157887610067961925e-01
1.138446283888654709e-01
1.100741925552940065e-01
1.128593391655394740e-01
1.293637905925619780e-01
1.200816462479038088e-01
1.253957928091869178e-01
1.211180463967876514e-01
1.215444602042235894e-01
1.168504033896026612e-01
1.110160437623520513e-01
1.064281684340307593e-01
1.045054315258043265e-01
1.026961661094581424e-01
1.006308124626191930e-01
9.914131384780416889e-02
9.923527233457017649e-02
9.935876727056199009e-02
9.887266847777326229e-02
9.775793868952417642e-02
9.643372039533042173e-02
9.651678362848371828e-02
9.611721190574409879e-02
9.525832583685447941e-02
9.841640321214729925e-02
1.068804719882388704e-01
1.047747673371282745e-01
9.900184917610486968e-02
9.814405450405849773e-02
9.679781100567581842e-02
9.609937097499213210e-02
9.580898255623299109e-02
9.472644052870397846e-02
1.614974078632571142e-01
1.421059234346064015e-01
1.254845145065077161e-01
1.274128798465167245e-01
1.331002648732765303e-01
1.311042681220512818e-01
1.133887978779899858e-01
1.047206221989693958e-01
9.962616217392558648e-02
9.806259426773843157e-02
9.619809159029089896e-02
1.032559298674393528e-01
1.029226392688966929e-01
1.014837112302855865e-01
1.001587742803235759e-01
1.003757968666837419e-01
9.924772000896738000e-02
9.848353804693074642e-02
1.014692275684845185e-01
9.881888018300215293e-02
9.621761358566646716e-02
9.624737834447089080e-02
9.380762663506514443e-02
9.200455949368321895e-02
9.094809521687430287e-02
9.018695272079828296e-02
8.959737396968774081e-02
9.373443081043568437e-02
9.323029144816880054e-02
9.410556777711001630e-02
9.391557270629623255e-02
1.672831721329607058e-01
1.021494159582445466e-01
9.770063453810581833e-02
9.578425011832135405e-02
9.879647629313119406e-02
9.553708889122887460e-02
9.651065895579226395e-02
9.621515397115093515e-02
1.715772293858866260e-01
1.626104969051725690e-01
1.356978088762970380e-01
1.191994179121037417e-01
1.060367543889535330e-01
1.001368371978036548e-01
9.905959596631735975e-02
9.785593467162048698e-02
9.767471971463417835e-02
1.042533529895896399e-01
1.122327252941346803e-01
1.016458152204445242e-01
1.011038315767692486e-01
1.001853760644064728e-01
1.014926955548079018e-01
9.993553884796851916e-02
1.589715382890991846e-01
1.314090134616208994e-01
1.325098297454959106e-01
1.051890930164320059e-01
9.993589824298404478e-02
9.800586931885785225e-02
1.122165892295686473e-01
1.025674255781256899e-01
1.047649376459275639e-01
1.153677917535299718e-01
1.250669646197306306e-01
1.092331676567140225e-01
1.157706685641785166e-01
1.118656068434422668e-01
1.092704496937459552e-01
1.066482047164048069e-01
1.069082312179304994e-01
1.144745890411885403e-01
1.124198275798040381e-01
1.162917647967387363e-01
1.127227986278885041e-01
1.094608711762166953e-01
1.066035168994984017e-01
1.058979860561539005e-01
1.061325893498677730e-01
1.058329887700523025e-01
1.053268090237691190e-01
1.058521618876748088e-01
1.069821720316364300e-01
1.100148366542648276e-01
1.122092233516386317e-01
1.107745551042474547e-01
1.168239036724598862e-01
1.142407837139207266e-01
1.104603803134690670e-01
1.086870622217830373e-01
1.063781116816307631e-01
1.076177751497160856e-01
1.058613480943111085e-01
1.063654017192510737e-01
1.104285284629301644e-01
1.078249020168133565e-01
1.040555859046196213e-01
1.038470048370330051e-01
1.036850341229872546e-01
1.063922888725546967e-01
