-1.265533067839762493e-01
-1.188287672909526549e+01
-1.214965161940701338e-01
-1.231091944307541319e-01
-1.206472032654007653e-01
-1.183326434674106670e-01
-1.140867766805040706e-01
-1.203356486094112476e+01
-1.209287813033094044e-01
-1.192264016471752397e-01
-1.161821387112630111e-01
-1.142850332430095789e-01
-1.117915095343923054e-01
-1.189955676308928290e+01
-1.134954796514428960e-01
-1.151743251415176250e-01
-1.162464974637654747e-01
-1.140676725048663798e-01
-9.282406473393375990e+00
-1.281417403609061145e-01
-1.459677489535271633e+01
-1.623287892033352942e-01
-1.350848327337634547e-01
-1.393463368149221449e-01
-1.367644475829681294e-01
-1.315495550132103342e-01
-1.306460188976836245e-01
-1.248864453526587759e-01
-1.230214637849200016e-01
-1.255390281883056458e-01
-1.335321060176643815e-01
-1.287568102537304249e-01
-1.243828662663018225e-01
-1.267711027245848332e-01
-1.291152202668797155e-01
-1.295728052711758449e-01
-1.253752074316945575e-01
-1.336207502796662450e-01
-1.210365007528845377e-01
-1.133950462394802267e-01
-1.147549937849662860e-01
-1.132544606247421204e-01
-1.110119148960175967e-01
-1.191139945716929716e-01
-1.095423789310700918e-01
-1.095734906568427147e-01
-1.076038201304385516e-01
-1.065760100202443189e-01
-1.046799475254416439e-01
-1.077567632064597991e-01
-1.080900183898223926e-01
-1.065128397762326040e-01
-1.048937167666524339e-01
-1.040777228568013357e-01
-1.035120908273503004e-01
-1.130186867172417176e-01
-1.124219033243618326e-01
-1.141856098463236990e-01
-1.165151484514907743e-01
-1.326874607257889915e-01
-1.203268472048330956e-01
-1.308806626309234333e-01
-1.223231172948504586e-01
-1.459763428547314612e-01
-1.372879800797289773e-01
-1.251347767609800876e-01
-1.317433639807199242e-01
-1.267515115505550849e-01
-1.207610879781157026e-01
-1.097451848055936985e-01
-1.050870726139173789e-01
-1.046393567024057752e-01
-1.048323367384817739e-01
-1.088148261259966887e-01
-1.102686290894652477e-01
-1.095663130428804893e-01
-1.099827351214110738e-01
-1.084572361717431876e-01
-1.076847819170604209e-01
-1.060595657987779411e-01
-1.059544792627216125e-01
-1.046604979779381800e-01
-1.034413831715037091e+01
-1.058428845776625410e-01
-1.078994568750716171e-01
-1.064568803706417849e-01
-1.066253435337339156e-01
-1.063342015241788008e-01
-1.049618261301345779e-01
-1.048126754243958042e-01
-1.035347282989243639e-01
-1.071314831640585996e-01
-1.153387258229433138e-01
-1.063534083916752027e-01
-1.054023684085466928e-01
-1.098117238223423053e-01
-1.078918544491833525e-01
-1.069616311964032562e-01
-1.065676245451009502e-01
-1.070695840954262873e-01
-1.146423672202778327e-01
-1.086650118956545147e-01
-1.058065882275509850e-01
-1.058851606644688886e-01
-1.091410954669659006e+01
-1.045383587700275674e-01
-1.036853324605956639e-01
-1.057980979966411522e-01
-1.101510919592192800e-01
-1.137168969370946359e-01
-1.138895379851147249e-01
-1.150741571895034787e-01
-1.154424956384409034e-01
-1.115751696275852772e-01
-1.150529831808929093e-01
-1.276918751025119469e+01
-1.844561972485502244e-01
-1.333910389016008391e-01
-1.112706936477803887e-01
-1.088883558688134162e-01
-1.074094739029010648e-01
-1.080352678579526576e-01
-1.208759821492019354e-01
-1.103084881082151691e-01
-1.166848381741523583e-01
-1.067554233463349489e-01
-1.052935231230234109e-01
-1.032600568090808885e-01
-1.060042860562721984e-01
-1.057755004748681810e-01
-1.051470346009016898e-01
-1.070709382217094330e-01
-1.042925472981049845e-01
-1.042471307994670970e-01
-1.053038753793279630e-01
-1.522118904822248986e+01
-1.103844104399935022e-01
-1.100431305491604006e-01
-1.130905992719795500e-01
-1.144320784190864942e-01
-1.124812300249999897e-01
-1.087728601808794493e-01
-1.080540867762881108e-01
-1.054401212160796519e-01
-1.034654000156310094e-01
-1.299079856991506787e+01
-1.022726381127198880e-01
-1.012724749073429104e-01
-1.072329095739435190e-01
-1.076253001454595543e-01
-8.258453729145543321e+00
-1.376567926450108281e+01
-1.136870188096817669e-01
-1.034129272512783082e+01
-1.121787572379904785e-01
-1.122894089076327262e-01
-1.113362095206676672e-01
-1.097319393161344109e-01
-1.095319735708012304e-01
-1.085172656618576537e-01
-1.070121249345318132e-01
-1.220433942752779899e+01
-1.618666702174571814e-01
-1.169761682890510662e-01
-1.778367639541350798e+01
-1.988721066093261103e-01
-1.290344516497596850e-01
-1.282615497546934769e-01
-1.233774145039307768e-01
-1.167011078227621901e-01
-1.127628572353146785e-01
-1.095218742550834040e-01
-1.076402192547012554e-01
-1.078349442506407463e-01
-1.269727810146657809e+01
-1.399564389795536490e-01
-1.125244118745090394e-01
-1.128667146529890308e-01
-1.109943358562293508e-01
-1.080467329350058986e-01
-1.130107237976392476e+01
-1.074281735303948271e-01
-1.048955133081796720e-01
-1.048378313189150951e-01
-1.036448258962986424e-01
-1.037166340002092513e-01
-1.009955981827948684e-01
-1.033656809030710499e-01
-1.137242696752550769e-01
-1.490750532615262580e-01
-1.291990673390651101e-01
-1.174231492822671030e-01
-1.103529634051326341e-01
-1.075924163647590526e-01
-1.087217568170366772e-01
-1.069190616748445094e-01
-1.064871661655489160e-01
-1.057613471634198110e-01
-9.108097347947618161e+00
-1.158346346397725185e-01
-1.123439275674284893e-01
-1.126489831536713476e-01
-1.220988019905660527e-01
-1.203372414272812357e-01
-1.194635286900282561e-01
-1.165881691690954930e-01
-1.108736230535604383e-01
-1.106201758309880157e-01
-1.067417546132357620e-01
-1.033780056835949951e-01
-1.015310710827933005e-01
-1.009108051058191097e-01
-1.019382465415830941e-01
-1.137337384747535846e-01
-1.507712908519536488e-01
-1.211521758413386662e-01
-1.110674018635160326e-01
-1.089433646587688459e-01
-1.104870050071310728e-01
-1.092458402460155381e-01
-1.080809220967300505e-01
-1.100062075908731229e-01
-1.133064173255383528e-01
-1.135640317047135334e-01
-1.117023398401444378e-01
-1.090115977381939938e-01
-1.256051163627031286e+01
-1.087144011431413759e-01
-1.095378151975752584e-01
-9.826809122878620073e+00
-1.261087194788101662e-01
-1.270860204864826537e-01
-1.235620968728565472e-01
-1.202018654682030507e-01
-1.172028700709872168e-01
-5.567789446491590866e+01
-4.537059227755276258e-01
-4.029168177457116973e-01
-2.077957262020700135e-01
-1.787258703780208180e-01
-1.487687645308139395e+01
-1.623960091798172800e-01
-1.423603266485860830e-01
-1.366517901979238947e-01
-1.353601136231786517e-01
-1.443265412653641222e-01
-2.767074545017174092e-01
-1.988915583437838586e-01
-1.398753918358362491e-01
-1.320604523490613857e-01
-1.402972520633092302e-01
-1.365459489046027264e-01
-1.343376430566353696e-01
-1.347406959298768914e-01
-1.284692353748032867e-01
-1.222975654077600588e-01
-1.167639656203967174e-01
-1.143664757560484690e-01
-1.114399413131390293e-01
-1.092618825958005663e-01
-1.083676291793212454e-01
-1.112081743983908966e-01
-1.163089899928244908e-01
-1.156522552465890363e-01
-1.154836548397761287e-01
-1.117069322317579688e-01
-1.113794074329729628e-01
-1.428010496519658279e-01
-1.290722069791857829e-01
-1.162853171403975955e-01
-1.125764481422250746e-01
-1.096783516809659992e-01
-1.104329847026114531e-01
-1.078638204812698287e-01
-1.064998106286584034e-01
-1.064503790563231106e-01
-1.064190737052486957e-01
-1.070602968262374527e-01
-1.068204969418619504e-01
-1.089524176601496253e-01
-1.089661782172808013e-01
-1.162294427863526380e-01
-1.093876085276939691e-01
-1.058241358813399591e-01
-1.046538019555171145e-01
-1.043951330238322150e-01
-1.032854772800197579e-01
-1.060977927388941922e-01
-1.090115025403277788e-01
-1.104186357135230195e-01
-1.099586835536199431e-01
-1.169797608952782564e-01
-1.149878382378518304e-01
-1.114362953821290553e-01
-1.216784910124565078e-01
-1.170992961073643174e-01
-1.295600509057077510e+01
-1.056392458895732411e-01
-1.042868623835935260e-01
-1.048055514259638860e-01
-1.053137524686353077e-01
-1.080558749418631670e-01
-1.075433015419683391e-01
-1.091792908200619056e-01
-1.074149575380388272e-01
-1.058282224267982213e-01
-1.341422797439386194e+01
-1.050777871174534001e-01
-1.108947873348713198e-01
-1.044008968736104409e-01
-1.020562240516029590e-01
-1.017821976677554113e-01
-1.015344080080998884e-01
-2.164078283580975481e-01
-1.755083467161657196e-01
-1.279111281367143749e-01
-1.199047086405113649e-01
-1.117674531367217339e-01
-1.093598670494739800e-01
-1.073946120536650173e-01
-1.079475263507939237e-01
-1.066897249446386170e-01
-1.051859465990732934e-01
-1.137284018773817157e-01
-1.158911652899025785e-01
-1.118695533509559414e-01
-1.118088411936596777e-01
-1.323821618473780504e+01
-8.191371671719323899e+00
-1.239588033674902390e-01
-1.477499149060200700e+01
-1.212815031112996073e-01
-1.248348193542404422e-01
-1.297765565013438427e-01
-1.257763105390057590e-01
-1.231283547540001216e-01
-1.236046919268974642e-01
-1.211203132960766704e-01
-1.169667353727952969e-01
-1.147756109167595295e-01
-1.121000338124224643e-01
-1.113377129190800258e-01
-1.100841583991023359e-01
-1.084653447420008965e-01
-1.091562763256391788e-01
-1.302952983793166097e-01
-1.150841441979348206e-01
-1.110782711938460843e-01
-1.041731079950372063e+01
-1.063377448055142782e-01
-1.058157277963917287e-01
-1.060606827067525487e-01
-1.087696842995462543e-01
-1.086891948359737931e-01
-1.208028661683063359e-01
-1.256981324150110435e-01
-1.196729587687718338e-01
-1.163699826599493142e-01
-1.155526605997267420e-01
-1.133251662995048148e-01
-1.100166131927340363e-01
-1.074322857517906876e-01
-1.091734636060914393e-01
-1.043493521468207563e-01
-1.072119384327954450e-01
-1.110906165374234006e-01
-1.088397512869798550e-01
-1.203719083669254758e-01
-1.148516061074314476e-01
-1.079601663454031191e-01
-1.194370068883673497e+01
-1.814773586526306770e-01
-1.272469675899258190e-01
-1.255385773953925366e-01
-1.280399647571335009e-01
-1.410265686592575385e+01
-1.418685057523322857e-01
-1.402957386419580454e-01
-1.319684288201018185e-01
-1.389759651544622832e-01
-1.337523245441741837e-01
-1.302172634303059851e-01
-1.502770799939612267e-01
-1.323037179368576899e-01
-1.355272803913623869e-01
-1.300639470892580585e-01
-1.267294094297835294e-01
-1.244655888636236607e-01
-1.230248586496289070e-01
-1.217765477949933339e-01
-1.210822640638632153e-01
-1.194013333853878728e-01
-1.168611512587117290e-01
-1.216072335739717819e-01
-1.200651327288528442e-01
-1.188736257664011892e-01
-1.220619522080480801e-01
-1.236718774371770996e-01
-1.214089303124098740e-01
-1.191738379447538909e-01
-1.161229391710525000e-01
-1.145374776578111792e-01
-1.193439291597956503e-01
-1.502080553607542512e+01
-1.162942952394781654e-01
-1.216487819293619460e-01
-1.166854828186654341e-01
-1.205429701978881774e-01
-1.193728376851132256e-01
-1.407272993759546842e-01
-1.269864141004226343e-01
-1.150055640345254565e-01
-1.119480802527026420e-01
-1.095448209548022661e-01
-1.093305946722277905e-01
-1.072378177306671371e-01
-1.072389412800294761e-01
-1.069906045708283321e-01
-1.135325213736470829e-01
-1.102476126549510466e-01
-1.065102907041398095e-01
-1.041589692849342885e-01
-1.077597773373096673e-01
-1.043926867529747921e-01
-1.027023104469088899e-01
-1.032359728970606433e-01
-1.045250701626490170e-01
-1.095898021774708436e-01
-1.083182193346127337e-01
-1.068953765593873007e-01
-1.073012569093820950e-01
-1.368294781281062800e-01
-1.138869107202028774e-01
-1.089278654612453601e-01
-1.100963069625369439e-01
-1.069333935687013099e-01
-1.046886791425032798e-01
-1.036973025337206283e-01
-1.238716194931697068e+01
-1.007000555836309319e-01
-1.021008870839527766e-01
-1.127596392187751456e-01
-1.219602839751906131e+01
-1.102933334634242646e-01
-1.025525236391343631e-01
-1.002857619479440437e-01
-1.041858737996932127e-01
-1.034920367849741646e-01
-9.372822283809833621e+00
-1.192763474945066982e+01
-1.237650034692655415e-01
-1.386246918454950183e+01
-1.321745840727406029e-01
-1.259007661225605701e-01
-1.218308318496171133e-01
-1.166717285989522929e-01
-1.137981181474161801e-01
-1.141868468129095676e-01
-9.274850607067737229e+00
-1.172030691875930175e-01
-1.168284987385882212e-01
-1.171790344814004486e-01
-1.135169020178126986e-01
-1.119692860612529206e-01
-1.113169922866161787e-01
-1.300761076131680960e-01
-1.182195034765881753e-01
-1.153116589907973999e-01
-8.973498339449363925e+00
-1.288767620296735195e-01
-1.225826471655398348e-01
-1.134424000334311167e+01
-1.423609990130986769e-01
-1.456787088546093456e-01
-1.289898620597449141e-01
-1.228179382585886104e-01
-1.212804444882702448e-01
-1.164584525332114373e-01
-1.167133006325444117e-01
-1.182407295113925549e+01
-1.148446533544243142e-01
-1.131551307108855375e-01
-1.121780449500312110e-01
-1.108230117955376764e-01
-1.102652761976794099e-01
-1.091854855649374290e-01
-1.085186125930965723e-01
-1.224292779229465139e-01
-1.141965420649957569e-01
-1.081378884801414281e-01
-1.059281380701000003e-01
-1.050663287079226654e-01
-1.039052563807784518e-01
-1.370325046092580656e+01
-1.051309006367825427e-01
-1.048818845801303828e-01
-1.159590351593622060e-01
-1.139636679442256328e-01
-1.175424683244222362e-01
-1.369715078060132762e-01
-1.171796414337428482e-01
-1.135998107777526078e-01
-1.141076711079841016e-01
-1.112454471557930147e-01
-1.088767222893692183e-01
-1.064556217059945825e-01
-1.052881384630958844e-01
-1.039070549772308782e-01
-1.039691324442359316e-01
-1.033056617866426885e-01
-1.028339275319118951e-01
-1.025778169301649612e-01
-1.023380954368873497e-01
-1.024825709685382030e-01
-1.110740400052096710e+01
-1.047036105829615565e-01
-1.040929653217923107e-01
-1.030230980800701107e-01
-1.035493705732104669e-01
-1.049945258674968573e-01
-1.235941982879806417e-01
-1.660907454777185710e-01
-1.048890198985728273e-01
-1.104000432248351260e-01
-1.113679414896280306e-01
-5.671062326357021988e+01
-2.570871958993295459e-01
-1.723514583028614988e-01
-1.088937775981530365e+01
-9.111436115590748841e+00
-1.400889893937326269e-01
-9.844199735200211521e+00
-1.307182558917801707e+01
-1.022096582185517732e+01
-8.322183672999200255e+00
-1.946560742635619068e-01
-1.747469961205476985e-01
-1.613094609220261932e-01
-1.447508284913864018e-01
-1.340382072542761205e-01
-1.300280870533292443e-01
-1.279566317586729729e-01
-1.295666578510279721e-01
-1.264140211342304754e-01
-2.686778281163962845e+01
-2.667373730337998516e-01
-2.002293354568408512e-01
-1.576295716100939159e-01
-1.875191153624343188e-01
-1.331397295213241905e-01
-1.244437680330079954e-01
-1.233627705746817571e-01
-1.452683165469219329e-01
-1.124888164067580354e-01
-1.140960447938007827e-01
-1.106946328931578960e-01
-1.102259691436956318e-01
-1.073486459259693493e-01
-1.064855838282706968e-01
-1.055261476653238939e-01
-1.047589492994255161e-01
-1.040039395974049624e-01
-1.026493120539168219e-01
-1.017523059501950489e-01
-1.010992960514608824e-01
-1.211176088354247682e+01
-1.072949296853978884e-01
-1.231595226096829782e-01
-1.099895910600644372e-01
-1.094374040628510319e-01
-1.082287311854761985e-01
-1.084267195178979237e-01
-1.073463744620493654e-01
-1.137115967268291644e-01
-1.164818955711986043e-01
-1.141538717171290407e-01
-1.136757004945129768e-01
-1.094127926238640386e-01
-1.063533903642132905e-01
-1.059887193200912403e-01
-1.059262150734679581e-01
-1.051942024982187446e-01
-1.034492028149682080e-01
-1.045888111293448858e-01
-1.028515539909390236e-01
-1.027396932491199399e-01
-1.023329090203428521e-01
-1.023858264729266138e-01
-1.017614762528452760e-01
-1.055865860680474944e-01
-1.042141310099772428e-01
-1.030064862615644034e-01
-1.019778858705916030e-01
-1.008002431819169931e-01
-1.008716226405640265e-01
-1.059694224189238754e-01
-9.991568758122702787e-02
-9.810137017556434802e-02
-9.928801360422978561e-02
-9.774595249752954240e-02
-9.616637055568390269e-02
-9.807538529433240670e-02
-9.654141904549126685e-02
-9.866188252586324814e-02
-9.806383673629516518e-02
-9.735516553921748362e-02
-1.260276826751292489e+01
-9.564047672103311026e-02
-9.658902662128253380e-02
-2.103401178721932041e+01
-9.828790738710084518e-02
-1.113617067929584259e-01
-1.033946690846565541e-01
-1.036284327945434791e-01
-1.022120547049711753e-01
-1.021968299835763067e-01
-1.010274556298915161e-01
-1.009234573163655668e-01
-1.036599875578253088e-01
-1.146783412688583692e-01
-1.120015288472557408e-01
-1.161253402162780862e-01
-1.112736423883657899e-01
-1.136165993222501003e-01
-1.195169006705278786e-01
-1.148567545095155878e-01
-1.124887808595128741e-01
-1.115607995053204682e-01
-1.097209352370827062e-01
-1.088690146184666391e-01
-1.082103094283348443e-01
-1.074484510849038760e-01
-1.059017170384497081e-01
-2.045747418907590542e-01
-1.278486826321192926e-01
-1.147855233537804498e-01
-1.076667571762699588e-01
-1.078416861597748383e-01
-1.061224231694624931e-01
-1.097229245302046852e-01
-1.432187104565614544e-01
-1.245510445266473226e-01
-1.281459104874278943e+01
-1.367908865205179347e-01
-1.417208585029307022e-01
-1.533596954261341183e-01
-1.471681478881165517e-01
-1.282256414733705385e-01
-1.280032658778024746e-01
-1.243276613092614696e-01
-1.233191308293963423e-01
-1.211771756646075615e-01
-1.406075198100600054e-01
-1.282799979746963026e-01
-1.282524086869857027e-01
-1.198356995409227965e-01
-1.149996550123482536e-01
-1.120589401512753630e-01
-1.143469961556846382e-01
-1.160467570064751819e-01
-1.228559234675450224e-01
-1.190467037803939615e-01
-1.213505998299032052e-01
-1.180507655224174585e-01
-1.148170194143180306e-01
-1.127850353791018528e-01
-1.097771024750466978e-01
-1.100419374464187139e-01
-1.080858276475482743e-01
-1.065367613223744125e-01
-1.306626449880170515e-01
-1.126053596340745033e-01
-1.114922826734848077e-01
-1.108156269520208792e-01
-1.274574315327236251e-01
-1.261742231970056083e-01
-1.144504850395162421e-01
-1.095655856108890130e-01
-1.066542223701995029e-01
-1.046834474026951123e-01
-1.030057119230544660e-01
-1.058031014686050542e-01
-1.059116396244264291e-01
-1.061140394777281559e-01
-1.102605876196676160e-01
-1.072977813735351005e-01
-1.059140741635697935e-01
-1.205732253179771923e-01
-1.596407138850916008e-01
-1.345220425144849075e-01
-1.216085994880199556e-01
-1.243491611513176109e-01
-1.800198352550117065e+01
-1.526469829196650807e-01
-1.409283219148814714e-01
-1.672706967016883983e-01
-1.534464129380045672e-01
-1.434019651534680362e-01
-3.158622075419815767e-01
-1.457142511973266719e-01
-1.433593206218371774e-01
-1.341255422109786655e-01
-1.247648378366122413e-01
-1.210483499318793510e-01
-1.194910106716112336e-01
-1.178927808319337883e-01
-1.319782749723806425e+01
-1.142334408074815177e-01
-1.240667599229110379e-01
-1.281968560522528389e-01
-1.260540511400201902e-01
-1.224987887531216457e-01
-1.182748310115098039e-01
-1.132507126996271374e-01
-1.108680378022524754e-01
-1.430212110007602344e-01
-1.319915303520984573e-01
-1.381384100112378055e-01
-1.216619916072129715e-01
-1.142894432266488153e-01
-1.134083789223285510e-01
-1.113914388091496455e-01
-1.122877491379844356e-01
-1.118146415705680435e-01
-1.144808112279328827e-01
-5.330592809618240890e-01
-1.866277563949466922e-01
-1.338598632425654955e+01
-1.226941895040038893e-01
-1.173223324227505721e-01
-1.271504411573619042e-01
-1.760248211686133435e-01
-1.308738017914763963e-01
-1.201161967985219653e-01
-1.261173507080821932e-01
-1.298108353431575712e-01
-1.245729207827868668e-01
-1.258754240841709893e-01
-1.117010208171315133e-01
-1.329000992573086404e-01
-1.406014569368667921e-01
-1.099799209041284337e-01
-1.109277304280684995e-01
-1.427900490271348244e-01
-1.793607953234196417e-01
-1.402907119061456709e-01
-1.425680699312628641e-01
-1.186627632207301331e-01
-1.107645928072727060e+01
-1.112385696381275740e-01
-1.089772226868728905e-01
-1.137991067523045768e-01
-1.136571906259940812e-01
-1.143739310372585277e-01
-1.111480458058892035e-01
-1.097174427297982618e-01
-1.082103558671989041e-01
-1.099230896881915887e-01
-1.138980003124841905e-01
-1.083311659158747275e+01
-1.141047841816474062e-01
-1.305770174455340160e-01
-1.261293239252411769e-01
-1.191981889007339562e-01
-6.984039064451430079e+00
-1.117547992568290560e+01
-1.085347586313664436e+01
-8.838139444950392942e+00
-5.560190632294362834e-01
-4.226290535526311953e-01
-3.158870554884121717e-01
-3.046600145114248814e-01
-5.180022358986793307e+00
-6.146014946804531753e+00
-3.176332074051060328e-01
-2.536535346211558628e-01
-2.669553937534612231e-01
-5.035039334539728628e+00
-1.999425854453261153e-01
-1.823628419253106037e-01
-9.429553345499080308e+00
-5.742873485347956830e+00
-1.941826625593511546e-01
-2.001793300665311304e-01
-1.636150978123213917e-01
-1.539746121425528691e-01
-1.521833558664678621e-01
-1.391499828238200454e-01
-1.308100634635333270e-01
-1.233084869060104422e-01
-1.261754520378622624e-01
-1.238327414416262734e-01
-1.314554739402779004e-01
-1.246308195017413328e-01
-1.660151331172106026e+01
-1.905177266411121340e-01
-1.381534348512945265e-01
-1.373939118213121369e-01
-1.315414480306286160e-01
-1.391240998961963127e-01
-6.438809020846775866e+00
-1.460121911328192690e-01
-1.388676336791986321e-01
-1.389556036128724026e-01
-1.365059195283344629e-01
-1.956439980062144868e-01
-1.620566472796699242e-01
-1.521295944656106680e-01
-1.439653503856447581e-01
-1.455702832374939359e-01
-1.877677223490176739e-01
-1.668926153743467422e-01
-1.383040779007507770e-01
-1.296439885484233778e-01
-9.461094718437966122e+00
-1.457781722576247385e-01
-1.328221128521058503e-01
-1.222754819011914462e-01
-1.146077024685921569e-01
-1.171771874357106363e-01
-1.212646836818476598e-01
-1.282104098789315916e-01
-1.237079761421127633e-01
-1.228835076082819555e-01
-1.233355834970131931e-01
-1.974722774356597199e+01
-2.683759562634548401e-01
-2.398797591908238547e-01
-2.094913661816521222e-01
-1.677685679349508741e-01
-1.592300390628456352e-01
-1.418473808279362980e-01
-1.574173661496892918e-01
-1.277945209070690813e-01
-1.183183704104629058e-01
-1.050827542166957862e+01
-1.931211476528904569e-01
-1.457420243139513627e-01
-1.214754640999260032e-01
-1.323104503642168195e-01
-1.087955160164502527e-01
-1.195304635352598055e+01
-1.078895547393544652e-01
-7.367133284365111834e+00
-2.117493310618769331e-01
-1.303482599152627208e-01
-1.220887546826281977e-01
-1.194757226919924697e-01
-1.123676985009873924e-01
-1.231428890687850952e+01
-1.395653446023201028e+01
-2.209162012915213968e-01
-1.988207435764316466e-01
-1.959733270021935259e-01
-1.476658045041814860e-01
-1.420896222480057258e-01
-1.349472825495847961e-01
-1.323654235756285824e-01
-1.264911521264728833e-01
-1.284573700799054863e-01
-1.251547834804453141e-01
-1.364395473357745414e-01
-1.257875199115812692e-01
-1.189928981184376483e-01
-1.227182539348157658e-01
-1.244567259570776296e-01
-1.550532761303940710e+01
-1.255254964472817536e-01
-1.163885053051296192e-01
-1.267194696036838819e-01
-1.290686647381728558e-01
-1.180844360115565483e-01
-1.142499904756341805e-01
-1.381642007606226075e-01
-1.678481132097029427e-01
-1.365274757348468315e-01
-1.357323926935299907e-01
-1.158060634519493121e-01
-1.153742472269861236e-01
-1.188250292439188560e-01
-1.183751906445305868e-01
-1.241079753771751060e-01
-1.175658403459186457e-01
-1.117808014822088414e-01
-1.236860066151175830e-01
-1.234839575598773581e-01
-1.180317633799420896e-01
-1.127927161645968929e-01
-1.098337259581424197e-01
-1.108782792288552088e-01
-1.083773206135410089e-01
-1.108585383911547123e-01
-1.093249999562653785e-01
-1.074574930241638804e-01
-1.057462380426168608e-01
-1.035366951578685912e-01
-1.029442208410032422e-01
-9.985289991167488333e-02
-1.008859593463725390e-01
-9.929882519943117325e-02
-9.827656592020651838e-02
-9.678300304899996320e-02
-9.770565098146104244e-02
-9.673393832496768319e-02
-1.013507729239692956e-01
-1.033946258571785820e-01
-1.141048206836080270e-01
-1.108291044773092970e+01
-1.788748968742014112e-01
-1.038121024310263985e-01
-1.135405058227233077e+01
-1.068293344169893994e-01
-1.072654271867102688e-01
-1.060700370581509344e-01
-1.076175796032152743e-01
-1.067463612087600627e-01
-1.081091161905921028e-01
-1.042260221375472806e-01
-1.034038497924587574e-01
-1.883082553891265931e+01
-1.114855731220313201e-01
-1.149362118623624279e-01
-1.177943168458864404e-01
-1.164720390259222083e-01
-1.166213143263451213e-01
-1.145332048202522823e-01
-1.115901030366569652e-01
-1.092023618599141654e-01
-1.094257287506710252e-01
-1.078953320780945135e-01
-1.072935677517748432e-01
-1.100940844973009591e-01
-1.134638545954736455e-01
-1.125270254824816268e-01
-1.098339991180423691e-01
-1.096499496764048315e-01
-1.067118928369338027e-01
-1.101263983934322871e-01
-1.084820269698687500e-01
-1.070359372429407069e-01
-1.388109354206735202e-01
-1.184940264829020401e-01
-1.094389155990382750e-01
-1.078114271221399245e-01
-1.099282007210622136e-01
-1.147072493951460659e-01
-1.131949930343296024e-01
-1.211365843144533855e-01
-1.325954852987493993e-01
-1.397026575314220254e-01
-1.322177730919968652e-01
-1.332871304338723584e-01
-1.250965302245310717e-01
-1.179629600111702092e-01
-1.121371093576461753e-01
-1.082073314692834631e-01
-1.060500377403038319e-01
-1.055375765456141313e-01
-1.077609645958128859e-01
-1.073163524258566592e-01
-1.065388522738542204e-01
-1.104409271671314835e-01
-9.056743305662779520e+00
-1.299449284252816739e+01
-1.183810458531683041e-01
-1.165703964123087216e-01
-1.147067350763715937e-01
-1.270744052659962442e+01
-1.156086416308235720e-01
-1.139991840996787964e-01
-1.127059836130733517e-01
-1.149901241335743868e-01
-1.122652033781346564e-01
-1.104397373696689860e-01
-1.090153810121871902e-01
-1.249924172419120405e-01
-1.134381284667932976e-01
-1.117770606984947040e-01
-1.086451099586192154e-01
-1.144381416970668003e-01
-1.265772862862155901e-01
-1.329887623874844715e-01
-1.093809344270366690e-01
-1.046675572257481507e-01
-1.238344671807364156e-01
-1.181686251030476253e-01
-1.183959559924967764e-01
-1.129969693742143844e-01
-1.098044022382701768e-01
-1.097304856919244231e-01
-1.106800930015719164e-01
-1.095298523216195058e-01
-1.064522612331664231e-01
-1.069197272261841608e-01
-1.048605846382766327e-01
-1.044568351924463206e-01
-1.028337490969946783e-01
-1.055843709065587971e-01
-1.039120508837580864e-01
-1.035327816252854805e-01
-1.027220268406051629e-01
-1.013652182921119943e-01
-1.085938774743833574e-01
-1.066108466092446638e-01
-1.045403906041152825e-01
-1.037210282594778349e-01
-1.019484174132190835e-01
-1.000889256165959917e-01
-1.035565482727593828e-01
-1.022163551694622030e-01
-1.010309750378576010e-01
-9.958152037433666559e-02
-1.496483575797012688e-01
-1.212170580334099301e-01
-1.104798134368680518e-01
-1.113634643680237180e-01
-1.168068824278995083e-01
-1.076784547860513419e-01
-2.059697404076081639e+01
-2.124336457625954078e-01
-1.544347292194895305e-01
-1.304309072906150446e-01
-1.236310812499721579e-01
-1.202383857079490426e+01
-6.090765017159824879e+00
-1.264151923153571111e-01
-1.266344654215478815e-01
-1.200377473427262781e-01
-1.157390609016628047e-01
-6.926228990778715122e+00
-1.589755721702919289e-01
-1.327195430728318748e-01
-1.498647367356600590e-01
-1.229836129203092654e-01
-1.136655957018420926e-01
-1.145433370926361161e-01
-1.159080890823631499e-01
-1.129738533285031959e-01
-1.110538290394579020e-01
-1.093946580473132840e-01
-1.063029554004691485e-01
-1.039376733613524700e-01
-1.014938056879574196e-01
-1.044352358117366653e-01
-1.163435834534562036e-01
-1.244810269005901249e-01
-5.941022582905493898e+00
-1.294409484708686775e-01
-1.456001482324299490e-01
-1.343974566750081590e-01
-1.091488118523175643e+01
-1.051720927752179402e-01
-1.130205498896613286e-01
-1.165837354665659881e-01
-1.158872581759016612e-01
-1.136241904765482452e-01
-1.112014854985989981e-01
-1.114158131335913210e-01
-1.107466019862442946e-01
-1.071674951181837421e-01
-1.043945292029833105e-01
-1.024650779125413358e-01
-1.004952045693933843e-01
-1.004768355145127801e-01
-1.001798685067709499e-01
-1.478171513447247010e-01
-1.212971971112235675e-01
-1.030945540626549001e-01
-1.245057611754107618e-01
-1.229906459761889864e-01
-1.153786166015477593e-01
-1.203454549083427666e-01
-1.465098683993181261e+01
-1.088813105334757309e-01
-1.121859547995104067e-01
-1.137936027963348251e-01
-1.207317895611959291e-01
-1.430320390199878444e-01
-8.817815726457780556e+00
-1.805203424062979400e-01
-1.108121704493143511e+01
-1.589116857743835265e-01
-1.464685919317375018e-01
-1.286416211051725489e-01
-1.184529180064706894e-01
-1.179640609280115660e-01
-1.113551232862268481e-01
-1.108727303637151440e-01
-1.153175053726540333e-01
-1.064467949052568807e-01
-1.149437485439993162e-01
-5.846189571947850716e+00
-1.106720514339134820e-01
-6.438591699791797573e+00
-1.300839393520703546e-01
-1.159925721734479526e-01
-1.139503609197572431e-01
-1.096929488129963215e-01
-1.079412945832522591e-01
-1.172186064082922224e-01
-1.122981699334356376e-01
-1.118894372441621293e-01
-1.143538652749524348e-01
-1.142991414569085595e-01
-1.152562667338258434e-01
-1.091039462028712270e-01
-1.032814056599062474e-01
-1.003126941907310360e-01
-9.804699110927103667e-02
-1.351141708296325628e-01
-1.218210498463067337e-01
-1.017742355275079863e-01
-1.323275365571956186e-01
-1.251457993709576555e-01
-4.954979466780985442e-01
-1.285428744941613244e-01
-1.118768614780857457e-01
-1.082256821327374358e-01
-1.266726442375510076e-01
-1.358209430048125665e-01
-1.113077182048347047e-01
-1.200629315341090464e-01
-1.185851436130515718e-01
-1.187191945675884902e-01
-1.176366547495230064e-01
-1.135895274754166046e-01
-1.093745278147654626e-01
-1.108394828529755749e+01
-1.117414668202702105e-01
-1.189966488800530964e-01
-1.198399934895576086e-01
-1.193105670653610562e-01
-1.153190205670226870e-01
-1.106743791185828829e-01
-1.074555746550433927e-01
-1.055271793892191973e-01
-1.026029440239709239e-01
-9.977015542649292357e-02
-1.270906030704280276e+01
-9.856781725202218292e-02
-1.008868753821396402e-01
-9.967027181603525798e-02
-1.089296434996520069e-01
-1.061628436511111856e-01
-1.575825321004188950e+01
-1.494774901741605100e-01
-1.306698336940581850e-01
-1.259679126738207644e-01
-1.204189280323471334e-01
-1.155278002548985605e-01
-1.111830818147635513e-01
-1.082533339241802811e-01
-1.039173839117306930e-01
-1.001969812810733357e-01
-9.891230829508407263e-02
-9.726022176904267069e-02
-9.635316813013203308e-02
-9.755574176300621514e-02
-1.022955184552945401e-01
-1.058064501879524000e-01
-9.560690717943531869e-02
-8.428385440329453360e+00
-1.586196750611265083e-01
-9.571207236855966416e-02
-9.767124593679155087e-02
-1.024389523227284410e-01
-1.003629093278946144e-01
-9.865859331081010264e-02
-9.912213631668032043e-02
-1.064246504528906928e-01
-1.059569537304276554e-01
-1.151306668921245474e-01
-1.113388765634714672e-01
-1.074192342700270170e-01
-1.137116513909050691e-01
-1.214832549802523504e-01
-1.212482502651439364e-01
-1.273505904907853703e-01
-1.429649013961985737e+01
-8.440266671815521704e+00
-5.355850395745060943e-01
-1.616612369121137038e-01
-1.098113162753097605e+01
-1.795811321827777973e-01
-1.529747971135168960e+01
-1.062566281867514384e+01
-1.621418070756689145e-01
-1.326232546374061794e-01
-1.043598477093085819e+01
-6.563356447365501722e+00
-1.642884555883531716e-01
-1.673822431367264219e-01
-1.151255704975762129e+01
-9.984231211300171438e+00
-1.192929012848974457e-01
-1.165929224442671108e-01
-1.236053631966016891e-01
-1.133951446750019604e-01
-1.139661364375133268e-01
-1.149594606710413608e-01
-1.209925250807735858e-01
-1.443060641538328470e-01
-1.193302054229145176e-01
-1.182839355769026296e-01
-1.166770644440444926e-01
-1.168133117232859758e-01
-1.379942533270546723e-01
-1.547901055753784227e-01
-1.235862569975011011e-01
-1.186239704261639882e-01
-7.744295014913909370e+00
-1.207722954635010726e-01
-1.179651905304436588e-01
-1.154337541826239572e-01
-1.140045482787960807e-01
-1.111993612717202540e-01
-1.089060731828435380e-01
-1.077116461043713114e-01
-1.060025762803019633e-01
-1.051731683242217025e-01
-1.070996637498421028e-01
-1.052905734335908700e-01
-1.046313760687164751e-01
-1.036840356740461461e-01
-1.035292581698729203e-01
-1.038092063783461749e-01
-1.036196491058805763e-01
-1.031849280653142492e-01
-1.023749584302111326e-01
-1.012269658772434605e-01
-1.002336990668013794e-01
-1.010703185264675286e-01
-1.015398870539567927e-01
-2.686198343822753287e+01
-2.375701697356113196e-01
-1.163998502620767761e-01
-1.118951775189498399e-01
-1.288318682408952220e+01
-1.161524471518016327e-01
-1.195346753449013921e-01
-1.007590466919243433e+01
-1.569985635955515235e+01
-1.580933851358694575e-01
-1.541518915262231892e-01
-1.365974999471614160e-01
-1.323222243693858158e-01
-1.309697824111513142e-01
-1.292267497543296284e-01
-1.252710405625564460e-01
-1.220107608961489981e-01
-1.234638651444042862e-01
-1.203746842692277608e-01
-1.174785833686291664e-01
-1.181371740324049791e-01
-1.163303587545806705e-01
-1.172910372796594908e-01
-1.143928103142326513e-01
-1.203611724221335944e-01
-1.320372060224833355e+01
-1.285861198209667655e-01
-1.174043889372940880e-01
-1.121357322879014962e-01
-1.084819576171594940e-01
-1.075857584696479352e-01
-1.068241927348164838e-01
-1.148610865412607596e-01
-1.167544586086092379e-01
-1.192727904100668290e+01
-1.172340046609737207e+01
-1.271889435854038075e-01
-1.188793048063894742e-01
-1.160833763507572031e-01
-1.159667514704602748e-01
-1.128842047115173608e-01
-1.113801883231524126e-01
-1.117321501870977146e-01
-1.093891200371807926e-01
-1.091643814510775551e-01
-1.217293686313244278e-01
-1.139421173576653651e-01
-1.112269946885123539e-01
-1.106146270552116340e-01
-1.088890419941949683e-01
-1.131957309005874185e-01
-1.167395321178752582e-01
-1.149471653766513390e-01
-1.189370173548296716e-01
-1.155730701731955967e-01
-1.134930928876147077e-01
-1.135080713165511901e-01
-1.130392644278361558e-01
-1.132014666749875109e-01
-1.115450020989348229e-01
-1.131635381494849601e-01
-1.104498985702571656e-01
-1.108022025687389472e-01
-1.078399272899661504e-01
-1.081126279875939677e-01
-1.048528429343552199e-01
-1.119811971885261576e-01
-1.125365817526624013e-01
-1.121722567236246443e-01
-1.264495988698011164e-01
-1.187688964374891132e-01
-1.133076949354407392e-01
-1.097595377596795596e-01
-1.084883364682882878e-01
-1.088377198788957056e-01
-1.151693110867668957e-01
-1.139950938178275891e-01
-1.125918841213432303e-01
-1.152394604147345542e-01
-1.147368693842296533e-01
-1.477855830433192907e-01
-1.326146454836103494e-01
-1.108544511284306755e-01
-1.157887610067967893e-01
-1.138446283888645272e-01
-1.100741925552913558e-01
-1.128593391655389050e-01
-1.293637905925602294e-01
-1.200816462479040586e-01
-1.253957928091868346e-01
-1.211180463967865273e-01
-1.215444602042233119e-01
-1.168504033896029248e-01
-1.110160437623506496e-01
-1.064281684340297740e-01
-1.045054315258020783e-01
-1.026961661094600436e-01
-1.006308124626187628e-01
-9.914131384780368317e-02
-9.923527233456791441e-02
-9.935876727056028312e-02
-1.221693170665870909e+01
-9.775793868952119270e-02
-9.643372039532899231e-02
-9.651678362848026271e-02
-9.611721190574148976e-02
-9.525832583685153732e-02
-9.841640321214560616e-02
-1.068804719882371079e-01
-1.047747673371273169e-01
-9.900184917610239943e-02
-9.814405450405605524e-02
-9.679781100567426411e-02
-9.609937097498917613e-02
-9.580898255623128412e-02
-1.258316011203677931e+01
-1.614974078632576138e-01
-1.421059234346050970e-01
-1.254845145065084655e-01
-1.274128798465148926e-01
-1.331002648732760585e-01
-1.311042681220525308e-01
-1.133887978779890698e-01
-1.047206221989676611e-01
-9.962616217392672446e-02
-9.806259426773654420e-02
-9.619809159029130141e-02
-1.032559298674379095e-01
-1.029226392688967484e-01
-1.014837112302856836e-01
-1.001587742803223130e-01
-1.003757968666799671e-01
-9.924772000896421587e-02
-9.848353804692874802e-02
-1.014692275684812017e-01
-9.881888018300014065e-02
-9.621761358566584266e-02
-9.624737834447068263e-02
-9.380762663506345134e-02
-9.200455949367966624e-02
-9.094809521687183262e-02
-9.018695272079831071e-02
-2.126867037633117619e+01
-9.373443081043485170e-02
-9.323029144816737113e-02
-9.410556777710832321e-02
-9.391557270629542764e-02
-1.672831721329583188e-01
-1.021494159582427286e-01
-9.770063453810545750e-02
-9.578425011831898095e-02
-9.879647629312957036e-02
-9.553708889122838888e-02
-9.651065895579247211e-02
-9.817351149551766909e+00
-1.715772293858804642e-01
-1.455972658120273344e+01
-1.356978088762921253e-01
-1.191994179121022845e-01
-1.060367543889521730e-01
-1.001368371978025029e-01
-9.905959596631330744e-02
-9.785593467161581016e-02
-9.767471971463347058e-02
-1.042533529895874195e-01
-1.122327252941319742e-01
-1.163988421316505040e+01
-1.011038315767660983e-01
-1.001853760644046687e-01
-1.014926955548050846e-01
-2.948118609932986800e+01
-1.589715382890957429e-01
-1.314090134616119621e-01
-1.325098297454903040e-01
-1.051890930164292026e-01
-9.993589824298255986e-02
-1.245489925456748814e+01
-1.122165892295677314e-01
-1.025674255781238303e-01
-1.047649376459253573e-01
-1.153677917535270159e-01
-1.250669646197257179e-01
-1.092331676567129400e-01
-1.157706685641739647e-01
-1.118656068434411843e-01
-1.092704496937446090e-01
-1.066482047164037106e-01
-1.069082312179300553e-01
-1.144745890411877215e-01
-1.124198275798009017e-01
-1.162917647967344065e-01
-1.127227986278875049e-01
-1.094608711762148634e-01
-1.066035168994968890e-01
-1.404019163598560205e+01
-1.061325893498668432e-01
-1.058329887700514144e-01
-1.053268090237692717e-01
-1.058521618876738096e-01
-1.069821720316340985e-01
-1.100148366542610529e-01
-1.122092233516370774e-01
-1.107745551042440546e-01
-1.168239036724576518e-01
-1.142407837139177706e-01
-1.104603803134646400e-01
-1.086870622217773058e-01
-1.063781116816259475e-01
-1.076177751497132962e-01
-1.058613480943062374e-01
-1.063654017192469797e-01
-1.104285284629287767e-01
-1.078249020168110389e-01
-1.040555859046171094e-01
-1.038470048370330467e-01
-1.036850341229850203e-01
-1.063922888725533644e-01
