-1.333198800174030529e-01
-1.188668281549722572e+01
-1.301181182236028355e-01
-1.325175721322055244e-01
-1.283080043206214771e-01
-1.283239219319679825e-01
-1.256288554862727280e-01
-1.169055236902630490e+01
-1.389036268141321806e-01
-1.326536641254088544e-01
-1.305069261454737950e-01
-1.271491566817640195e-01
-1.249135734009962917e-01
-1.205693668156749254e+01
-1.403881669574391922e-01
-1.266979938388380633e-01
-1.232229671369803742e-01
-1.211615462421315875e-01
-8.351528785094863849e+00
-1.277129694085746003e-01
-1.475328408307671246e+01
-2.207525254638776913e-01
-1.675304817615584363e-01
-1.479293952420081548e-01
-1.364931515250540073e-01
-1.304484877778911145e-01
-1.267762762168508084e-01
-1.241730017783885254e-01
-1.313371180436497532e-01
-1.373845300746305564e-01
-1.286415149327518048e-01
-1.290977716447430090e-01
-1.261097248517529246e-01
-1.229489409601652872e-01
-1.209003873428801112e-01
-1.194296406556641238e-01
-1.181830850277073020e-01
-1.176749383354963319e-01
-1.166784527662451526e-01
-1.158145022382497530e-01
-1.157849967784730372e-01
-1.149617654306227393e-01
-1.142408512059427811e-01
-1.135877599643507624e-01
-1.185978078901485516e-01
-1.148901496481599255e-01
-1.135929658802764530e-01
-1.127446156160264168e-01
-1.120772975502051100e-01
-1.151935817517780736e-01
-1.134201255483832521e-01
-1.124938829794968898e-01
-1.118124987382089347e-01
-1.112476009226228690e-01
-1.107494899413676154e-01
-1.119582512195443358e-01
-1.111260874760440498e-01
-1.124507428504875201e-01
-1.194873047236802571e-01
-1.153185254828543449e-01
-1.134583522927621879e-01
-1.225178460246630352e-01
-1.162016974814477077e-01
-1.149658598571675489e-01
-1.161068957462716017e-01
-1.149661848804096886e-01
-1.141942399245491346e-01
-1.127696940924143437e-01
-1.117688482388000115e-01
-1.109897397750297249e-01
-1.103428244226720006e-01
-1.097871477983314165e-01
-1.097908439448644774e-01
-1.128326117967480696e-01
-1.138832877458582360e-01
-1.125660570059632409e-01
-1.144949777976841387e-01
-1.120934006261889299e-01
-1.127729876057715908e-01
-1.113274295170769840e-01
-1.112131364042945880e-01
-1.104457451169019305e-01
-1.092460913340828021e+01
-1.487399463657061438e-01
-1.247840293764532205e-01
-1.223026219340468262e-01
-1.185871710614095492e-01
-1.181694175972565625e-01
-1.163110576105287064e-01
-1.149915601062797138e-01
-1.139491515102004637e-01
-1.139326176492083120e-01
-1.130449335474825873e-01
-1.122833013994396917e-01
-1.115990714810595197e-01
-1.124344425014074805e-01
-1.117232114170223917e-01
-1.127108210773329205e-01
-1.139438870851099961e-01
-1.124971868984872420e-01
-1.123027107438864247e-01
-1.112842332459873934e-01
-1.105067175196652457e-01
-1.105067936356047692e-01
-1.052075883120701505e+01
-1.102556822116396995e-01
-1.094436573195114587e-01
-1.194828564634618506e-01
-1.182262122623321809e-01
-1.170868593071241887e-01
-1.142353317373772381e-01
-1.131643801209359645e-01
-1.151773926313281460e-01
-1.143604625352418885e-01
-1.122524984853827956e-01
-1.248983189309737440e+01
-1.290971010422900800e-01
-1.180170411187810159e-01
-1.241543594002365025e-01
-1.167639783282882759e-01
-1.138354480426261722e-01
-1.120098551828568739e-01
-1.116253071163171573e-01
-1.104539820677535311e-01
-1.101318975632651631e-01
-1.091976729699517812e-01
-1.084340551231765537e-01
-1.077824042239748925e-01
-1.076283345757718113e-01
-1.070509218149122282e-01
-1.065447031781555087e-01
-1.060897292983324358e-01
-1.061827031789683434e-01
-1.060962979402406137e-01
-1.056522719585408776e-01
-1.552842444050224913e+01
-1.479637732141972084e-01
-1.283461411354665238e-01
-1.209591993057276688e-01
-1.162319448853711551e-01
-1.152341588168507291e-01
-1.128336693577145916e-01
-1.111619256036356362e-01
-1.099091413773645720e-01
-1.097716528974179845e-01
-1.323737796413948331e+01
-1.111446250048622186e-01
-1.094961696619455027e-01
-1.225007819288420341e-01
-1.196308438963759324e-01
-6.687949613277904604e+00
-1.357589100103264457e+01
-1.362013265833132702e-01
-1.031885690851061277e+01
-1.283546326461548481e-01
-1.360560749889078991e-01
-1.278442044712578551e-01
-1.240417131099882803e-01
-1.215133081012922250e-01
-1.208999028784079749e-01
-1.195349306014399787e-01
-1.219566920779475616e+01
-1.802441768571149405e-01
-1.368636286441429206e-01
-1.883859480117512675e+01
-1.399476211832690331e-01
-1.286217829065731399e-01
-1.231393498980264539e-01
-1.235272065622916304e-01
-1.204338675432205935e-01
-1.184926747721764539e-01
-1.169915801199412908e-01
-1.157461354198257020e-01
-1.150070044703146305e-01
-1.255959305689363603e+01
-1.196055450674762266e-01
-1.153363304819546575e-01
-1.135540515110293885e-01
-1.254167197292387070e-01
-1.180055835700053873e-01
-1.111978143526273399e+01
-1.196704285412916874e-01
-1.174221095488590244e-01
-1.158665481522928170e-01
-1.146521488472677652e-01
-1.136393124123072779e-01
-1.133654799722830370e-01
-1.125123458451574021e-01
-1.117322934810474205e-01
-1.215455681933516607e-01
-1.131862410394995633e-01
-1.123978400203263783e-01
-1.109882051182742302e-01
-1.100065862593430782e-01
-1.092172516460480775e-01
-1.085437111809228194e-01
-1.082474454422323457e-01
-1.096250103197040360e-01
-9.456296447046259601e+00
-1.189312933497052027e-01
-1.132953636618655308e-01
-1.109594527529781799e-01
-1.167635513770855366e-01
-1.116477589000718917e-01
-1.098597691486125350e-01
-1.099555903524966349e-01
-1.088729620252461422e-01
-1.091431613165863429e-01
-1.081656496217389685e-01
-1.104266163304714748e-01
-1.095305938705844057e-01
-1.098036404392317283e-01
-1.096861081381143577e-01
-1.163616980327842332e-01
-1.113125746555722051e-01
-1.152369111033259008e-01
-1.117012435638896350e-01
-1.099377885720208975e-01
-1.095778923989046694e-01
-1.103148294679540675e-01
-1.113883600607695756e-01
-1.094856962985373133e-01
-1.091699155054473847e-01
-1.100873160376829446e-01
-1.086264723259402210e-01
-1.076828490111904346e-01
-1.260608354641803430e+01
-1.117351038037569105e-01
-1.176823250337582227e-01
-1.040048942943701249e+01
-1.434773063205244947e-01
-1.238217089298361689e-01
-1.227194080434051843e-01
-1.182253485950634092e-01
-1.156303462761478218e-01
-5.715268720508532141e+01
-5.306623847510418823e-01
-2.899873323189237073e-01
-2.498512417593807267e-01
-2.023697857644091158e-01
-1.512485468041315073e+01
-2.138148592290243788e-01
-1.965983555966625274e-01
-1.705971831218699719e-01
-1.637380140214403368e-01
-1.507017708994338734e-01
-1.482695918738699825e-01
-1.636323025656976349e-01
-1.471306628221251966e-01
-1.412492651664259136e-01
-1.525409109816473208e-01
-1.445428690532735427e-01
-1.401884972693798748e-01
-1.386135689161124007e-01
-1.359452993986785541e-01
-1.336972765863786994e-01
-1.317263839458123476e-01
-1.299429038472760256e-01
-1.289668747705527974e-01
-1.274207157715637750e-01
-1.259790320554647902e-01
-1.246279757932156063e-01
-1.240956821171315116e-01
-1.228079453549441175e-01
-1.216077420278785515e-01
-1.204641351501153645e-01
-1.193943100577147670e-01
-1.217798639366529934e-01
-1.191232990937943631e-01
-1.185884783204912279e-01
-1.172267081712037029e-01
-1.244104363109511252e-01
-1.220769439482414370e-01
-1.188908704991155640e-01
-1.181887921654761614e-01
-1.164392753342800430e-01
-1.159229871248370902e-01
-1.171073843075330079e-01
-1.150388198667932349e-01
-1.140747765051860346e-01
-1.143825036644189191e-01
-1.130571056332495133e-01
-1.120970829996056073e-01
-1.113083685315054555e-01
-1.106297286024772175e-01
-1.109412753845879507e-01
-1.121188709356988333e-01
-1.126580043397999165e-01
-1.128868116349639045e-01
-1.116811719260983604e-01
-1.108946502835793241e-01
-1.137357272270854563e-01
-1.148696111875124048e-01
-1.133330551011394044e-01
-1.123578438455733047e-01
-1.140660939606710778e-01
-1.263470309590270801e+01
-1.125453977887290041e-01
-1.209413454497995088e-01
-1.176310500990912361e-01
-1.164347870444539246e-01
-1.155648772578485445e-01
-1.138644464466454925e-01
-1.136806578257797545e-01
-1.124929696335541240e-01
-1.115791639246506844e-01
-1.340826801325028583e+01
-1.113528824118897032e-01
-1.213080566581859338e-01
-1.177550256957810015e-01
-1.184943925339405069e-01
-1.164606243268762054e-01
-1.150323508347518564e-01
-1.139334227578927827e-01
-1.369511500716922292e-01
-1.213120049748647317e-01
-1.181526213222025418e-01
-1.157001193703229847e-01
-1.141151338711840352e-01
-1.129576236938961836e-01
-1.217905223541014825e-01
-1.161898641799540416e-01
-1.142028644669135229e-01
-1.253788647699004555e-01
-1.207313358950813098e-01
-1.171082670545199045e-01
-1.165217850625660384e-01
-1.363783417836633127e+01
-8.117598893874665933e+00
-1.569521042682168188e-01
-1.505418407964430649e+01
-1.449201061766346443e-01
-1.370025951313851020e-01
-1.319110230770465242e-01
-1.294624371950823249e-01
-1.257391894854069936e-01
-1.229505965735553097e-01
-1.206446989334379882e-01
-1.190782488409475315e-01
-1.188946919518918954e-01
-1.178583120886356750e-01
-1.180399782195705599e-01
-1.155273134238437582e-01
-1.138790589894605049e-01
-1.155544700491809573e-01
-1.139180826075282399e-01
-1.122668130551466859e-01
-1.121124438779743798e-01
-1.015128798673947408e+01
-1.107522087943839523e-01
-1.097024253735405380e-01
-1.088888848108098273e-01
-1.082102370948424125e-01
-1.097198949774349647e-01
-1.184034394241983840e-01
-1.227878113967242613e-01
-1.157353358886811789e-01
-1.138131723085912678e-01
-1.117562234850478231e-01
-1.148320699099747572e-01
-1.114848923846839812e-01
-1.100126631931512278e-01
-1.090123479922620181e-01
-1.082355527108526533e-01
-1.118226965530025874e-01
-1.149855110737310060e-01
-1.130375333238298474e-01
-1.188115134096658088e-01
-1.149641986493315227e-01
-1.157243081169657545e-01
-1.171876971157348457e+01
-1.268027764523037282e-01
-1.188830108614175873e-01
-1.154601551153389277e-01
-1.147899924977705544e-01
-1.470205578013266212e+01
-1.209358388076467172e-01
-1.156264722592372646e-01
-1.133336404894075278e-01
-1.320473324732187315e-01
-1.266077671712187991e-01
-1.206476801813911731e-01
-1.174664413608260544e-01
-1.153172168659134106e-01
-1.175081835408682690e-01
-1.161319414861766153e-01
-1.336128266714630419e-01
-1.222634300170760274e-01
-1.305452105829915388e-01
-1.234810083580998030e-01
-1.263412989059043146e-01
-1.219950973712744802e-01
-1.190129664233773032e-01
-1.268774024276826951e-01
-1.200971689253839125e-01
-1.210075666278326995e-01
-1.188816861222760646e-01
-1.181373627961364442e-01
-1.176590920841132093e-01
-1.157397133435706660e-01
-1.142188972499198207e-01
-1.129271357952326832e-01
-1.117959551036901422e-01
-1.500613732864503724e+01
-1.136226368085649918e-01
-1.259627513353157868e-01
-1.193492037801900107e-01
-1.166633150410439079e-01
-1.143950821371859106e-01
-1.135357380239758879e-01
-1.141216044301501670e-01
-1.121819944423993742e-01
-1.109540241939640653e-01
-1.103106811791718239e-01
-1.090292250754374415e-01
-1.105825787557083162e-01
-1.104354370269148566e-01
-1.107683152158233791e-01
-1.093615882210028922e-01
-1.084758682612689262e-01
-1.078171477501054243e-01
-1.072715581874243013e-01
-1.068070877196313634e-01
-1.063878550006563395e-01
-1.060117236514305089e-01
-1.056639892217871995e-01
-1.095570534123279371e-01
-1.086008967123730518e-01
-1.083176053229394087e-01
-1.072238109824654312e-01
-1.065106072811635302e-01
-1.095393989616282177e-01
-1.140282041406061597e-01
-1.099644197767357390e-01
-1.083233474167971389e-01
-1.073355418562311481e-01
-1.066257620418569058e-01
-1.060750802535566639e-01
-1.313266383085568378e+01
-1.054532460974115654e-01
-1.050644327642153153e-01
-1.047186884621591346e-01
-1.199638687638555901e+01
-1.059135974250680901e-01
-1.053064228572984234e-01
-1.048128319875591824e-01
-1.071064027953413239e-01
-1.062257152723703330e-01
-1.012098391992076607e+01
-1.226129965092293617e+01
-1.334413151786414120e-01
-1.374322240599703271e+01
-1.241697288691099299e-01
-1.195059375839191973e-01
-1.195286570123261227e-01
-1.167679653178510663e-01
-1.229487631996878244e-01
-1.202284873590237224e-01
-9.806447484871750220e+00
-1.269406263684650926e-01
-1.191927515479049293e-01
-1.159858738607626033e-01
-1.140317946023789442e-01
-1.126362530675457246e-01
-1.115381671013390280e-01
-1.106313854876736641e-01
-1.098573586457633755e-01
-1.091652194970147843e-01
-1.062451227103927209e+01
-1.081587943029199694e-01
-1.076403754442225025e-01
-1.110044230575689816e+01
-1.188855139946513595e-01
-1.283097998286241992e-01
-1.192334714115405592e-01
-1.227876225324041753e-01
-1.213483772639353947e-01
-1.193658564053741156e-01
-1.175464961993270552e-01
-1.138883449380908530e+01
-1.136542416251659915e-01
-1.226364385314990396e-01
-1.175166702703763916e-01
-1.168929952950825968e-01
-1.179260642375190710e-01
-1.166024794835460315e-01
-1.133384075445453415e-01
-1.281807258247759651e-01
-1.204280605071280791e-01
-1.193536830823627576e-01
-1.133658733512431793e-01
-1.141033681977911274e-01
-1.175425748953338595e-01
-1.375178588418630277e+01
-1.174494567162438635e-01
-1.316718217519090850e-01
-1.240468150059624852e-01
-1.179340708634481344e-01
-1.149247969656138346e-01
-1.129366861817164835e-01
-1.115420141114214780e-01
-1.104715583985240862e-01
-1.100370576990327143e-01
-1.092240298135912363e-01
-1.094561343454127922e-01
-1.085909213480909380e-01
-1.079151697995673759e-01
-1.073480370565428471e-01
-1.089032975523241686e-01
-1.082910269785733182e-01
-1.077480768437235475e-01
-1.072346339854254454e-01
-1.069444138522382126e-01
-1.064755249026184819e-01
-1.078169877210694416e+01
-1.062181391661894125e-01
-1.057486714163607538e-01
-1.053151819663450811e-01
-1.049076198176629726e-01
-1.045348271145150887e-01
-1.543788063477528061e-01
-1.166025206416180515e-01
-1.130598805935017770e-01
-1.116168639110278332e-01
-1.191837068199144284e-01
-5.594057408058872483e+01
-9.243233516250159987e-01
-4.728216453343919712e-01
-9.811828892473256403e+00
-9.764288473709280325e+00
-2.460646375851725520e-01
-8.185967971174637370e+00
-1.342047900406724636e+01
-7.214282673383352495e+00
-8.706482719749629950e+00
-2.247048118642023251e-01
-1.953110842007337034e-01
-2.062484807002050169e-01
-1.853376506545127422e-01
-1.731880489157593961e-01
-1.647934221847329461e-01
-1.585254223270972929e-01
-1.537929397416517296e-01
-1.492946170536194606e-01
-2.624988461514717031e+01
-2.524679070593509045e-01
-2.251149404673470633e-01
-1.706931113681035006e-01
-1.556692979177607683e-01
-1.495847576784415933e-01
-1.460306275183499980e-01
-1.424065505892438133e-01
-1.382149751116528436e-01
-1.361546615582194253e-01
-1.325221767370018677e-01
-1.361256967048025401e-01
-1.305715613085543791e-01
-1.282539982390890343e-01
-1.269619525405819571e-01
-1.273328685564001639e-01
-1.250193919177941537e-01
-1.234465293801495778e-01
-1.221653433966889413e-01
-1.210498347891809934e-01
-1.200554985472074981e-01
-1.225946022421600290e+01
-1.223384852200952860e-01
-1.311311135827969709e-01
-1.257872421525750295e-01
-1.230928804834710011e-01
-1.220331748692726481e-01
-1.205245992308838776e-01
-1.196136133972418025e-01
-1.264039169586565481e-01
-1.219182819221566322e-01
-1.197488456793374401e-01
-1.182994035035749569e-01
-1.171751330151143689e-01
-1.162413712970702673e-01
-1.191911238499657466e-01
-1.176680545095445535e-01
-1.163253719162876537e-01
-1.151603733983532218e-01
-1.231886487635335120e-01
-1.180493213277940961e-01
-1.164134601010812509e-01
-1.191749527446343965e-01
-1.165406244356753246e-01
-1.151167673936769192e-01
-1.147767443501254980e-01
-1.138295074431008996e-01
-1.130538924306329490e-01
-1.123834641898349002e-01
-1.117892244777075328e-01
-1.112491048397274696e-01
-1.107506114579599465e-01
-1.108705629963856742e-01
-1.103711521026945475e-01
-1.099159960848984652e-01
-1.094888024342749316e-01
-1.104469168637274984e-01
-1.097873770645565322e-01
-1.101800799733198694e-01
-1.094292368082458305e-01
-1.094888039634078214e-01
-1.088627445321644072e-01
-1.227328115140350917e+01
-1.084309104376621757e-01
-1.123773636970222395e-01
-2.096144868716334742e+01
-1.217067439477736157e-01
-1.248774945161633260e-01
-1.178390715316344484e-01
-1.159854004663703059e-01
-1.137047611898479860e-01
-1.121747917142851270e-01
-1.110492302420570260e-01
-1.101727512636181405e-01
-1.094519795553848263e-01
-1.092375670822812589e-01
-1.133672128999490269e-01
-1.125823454452939548e-01
-1.159151000110886925e-01
-1.127030087090900995e-01
-1.109580271256011136e-01
-1.104771992688335230e-01
-1.119268487093822706e-01
-1.100364827240326859e-01
-1.090102557628278984e-01
-1.082815128191492032e-01
-1.077041650103594261e-01
-1.072206157290478690e-01
-1.067975208461796333e-01
-1.843964594967550663e-01
-1.154861511038983990e-01
-1.121291923638147031e-01
-1.138938096294826036e-01
-1.121187456762825635e-01
-1.112115807008118018e-01
-1.107783304144628889e-01
-1.104778098229711597e-01
-1.107397375730894279e-01
-1.290950180516041357e+01
-1.632109339996818675e-01
-1.301949388861146084e-01
-1.274636102169599827e-01
-1.337367936101339083e-01
-1.328882269838501662e-01
-1.249316947394794458e-01
-1.211337721352657715e-01
-1.191563377705123355e-01
-1.168138475476906551e-01
-1.140085456357363136e-01
-1.237045750193762894e-01
-1.144297936306405972e-01
-1.243419808071528077e-01
-1.166300870411865892e-01
-1.129228033724580943e-01
-1.215075430113965876e-01
-1.143276248757920666e-01
-1.115781348529847339e-01
-1.101427392576028175e-01
-1.116326459771789653e-01
-1.098370414069474027e-01
-1.089918569096893497e-01
-1.082538590817102575e-01
-1.116890561182026231e-01
-1.112568396658265013e-01
-1.093775232125722557e-01
-1.093474229485473098e-01
-1.082983358052535816e-01
-1.075638120674478476e-01
-1.069923178841249989e-01
-1.065157018628747621e-01
-1.101982491304004663e-01
-1.081188839659497081e-01
-1.079307471258690171e-01
-1.098826865107589423e-01
-1.107617952612466594e-01
-1.104422134128020538e-01
-1.093738138214044725e-01
-1.086092810980113371e-01
-1.079938222381828239e-01
-1.074644147047515846e-01
-1.135717972997474789e-01
-1.099167475483904116e-01
-1.224437969066596299e-01
-1.141045307494678723e-01
-1.371351766619128831e-01
-1.297322445549635161e-01
-1.383252780137842197e-01
-1.294155806781612517e-01
-1.598674077509063274e+01
-4.319250951357673785e-01
-2.540254244023688601e-01
-2.338876502550135683e-01
-1.972820695185979190e-01
-1.746544436857172811e-01
-1.872552358034560438e-01
-1.670304161804178900e-01
-1.580230114419368947e-01
-1.542333008838477904e-01
-1.476387052779438158e-01
-1.440950100812281587e-01
-1.418904577894040953e-01
-1.373920147413998372e-01
-1.281795728071574203e+01
-1.319575260191025723e-01
-1.392385744513956747e-01
-1.393397256800461004e-01
-1.309633701403005446e-01
-1.288759475344780359e-01
-1.266183757443291036e-01
-1.237294110055597030e-01
-1.358541992831170941e-01
-1.329346956742940289e-01
-1.260469615394960996e-01
-1.240627881130075688e-01
-1.215463002702190792e-01
-1.212371203903726269e-01
-1.195000205818338573e-01
-1.180879393463833138e-01
-1.176973107479320907e-01
-1.164953694068634471e-01
-1.185831734814937338e-01
-1.172837215106226766e-01
-1.340681005545390214e-01
-1.302817576843109215e+01
-1.294783529906757824e-01
-1.243275033667469442e-01
-1.210842704970340050e-01
-1.478129165503908882e-01
-1.329410097450880734e-01
-1.271726963570630198e-01
-1.284254629236590006e-01
-1.382581349992015041e-01
-1.348377273653257324e-01
-1.284196562775720696e-01
-1.251031779360802787e-01
-1.241950405502822014e-01
-1.230675463108515111e-01
-1.212235105966578269e-01
-1.254680847794671927e-01
-1.373955694782465764e-01
-1.630222330752307824e-01
-1.437530017018965045e-01
-1.386237345598440029e-01
-1.366801744450692468e-01
-1.079301522192637108e+01
-1.265255230532925657e-01
-1.228922479641147425e-01
-1.268835354413104244e-01
-1.248723443795502902e-01
-1.208813657316201440e-01
-1.183986144655327089e-01
-1.200189790148288721e-01
-1.169653011765110634e-01
-1.153339840784546877e-01
-1.140956396139172213e-01
-9.171601159333192754e+00
-1.286089104896242508e-01
-1.185768611995397515e-01
-1.171686127670161226e-01
-1.153230665130034471e-01
-7.327207464928735092e+00
-1.487732389323174864e+01
-1.105155069260443845e+01
-9.190824646461662084e+00
-4.821849767215837246e-01
-4.149172023957596878e-01
-3.345014598271959794e-01
-3.173074309688329042e-01
-4.649011732826937582e+00
-6.118306261561888171e+00
-2.824791362204568390e-01
-2.539891427178337380e-01
-2.652206663906122586e-01
-5.133524056833933535e+00
-2.287695461843063938e-01
-2.028820797245921570e-01
-9.435156161288263732e+00
-5.170940962699190457e+00
-1.894542455251523594e-01
-2.128409441429923166e-01
-1.853444224365091431e-01
-1.658124094598595055e-01
-1.653260042280016717e-01
-1.562065592090118860e-01
-1.499502305054500328e-01
-1.449972978533441703e-01
-1.473737435369348314e-01
-1.404468639346041492e-01
-1.367552943365293594e-01
-1.338313617093093988e-01
-1.729779224831269602e+01
-1.802899094695395166e-01
-1.504047448292752942e-01
-1.577999042277533626e-01
-1.498242316442441602e-01
-1.437676342903519422e-01
-6.174083195504309174e+00
-1.811887232290684824e-01
-1.608513841169427749e-01
-1.532626054925932957e-01
-1.469776229381477839e-01
-1.679630837550800670e-01
-1.620580772413585391e-01
-1.597447084970654019e-01
-1.522546735103779969e-01
-1.471969017553335646e-01
-1.665585637889322457e-01
-1.545763011932857200e-01
-1.476698403908896229e-01
-1.429838619273199329e-01
-9.519929046219200330e+00
-1.589982377028405225e-01
-1.456579815563665004e-01
-1.399197277156737640e-01
-1.361343659420052310e-01
-1.332314075343256077e-01
-1.336939147409872408e-01
-1.375844360130041577e-01
-1.388386077176043398e-01
-1.397999040220105904e-01
-1.330352450929795094e-01
-1.642893400984442209e+01
-1.910933219162335162e-01
-2.322968255823246175e-01
-2.047113866219572864e-01
-1.818275438165421476e-01
-1.734754361250999688e-01
-1.571197995203674203e-01
-1.508196117873068509e-01
-1.430443626187627160e-01
-1.373888161830228716e-01
-1.049977680484617260e+01
-1.627760143090093703e-01
-1.540302237695259091e-01
-1.522143741883076884e-01
-1.510659897517005745e-01
-1.448567962054351232e-01
-1.186595757094535664e+01
-1.727769034333115905e-01
-6.581690247599987664e+00
-1.961990083742267688e-01
-1.690720370217273227e-01
-1.580962477610488026e-01
-1.553467627567854670e-01
-1.487332209296244045e-01
-1.212989256779730773e+01
-1.070811002215764596e+01
-2.799564909530140588e-01
-2.239043959857039690e-01
-2.088851006746123284e-01
-1.861924249749452587e-01
-1.742273683878449997e-01
-1.660505494519949887e-01
-1.623189764028454551e-01
-1.571285368909332292e-01
-1.527285751499132815e-01
-1.498794771453343389e-01
-1.480020806924858268e-01
-1.474791306302307980e-01
-1.447456968559078516e-01
-1.408963759401459515e-01
-1.378008885823930330e-01
-1.519711569415715502e+01
-1.666971468344256302e-01
-1.477741900571022948e-01
-1.464373588083338340e-01
-1.386572935074461277e-01
-1.341724220004741341e-01
-1.308774642595851578e-01
-1.307847527713343061e-01
-1.329653615350502305e-01
-1.311915275272449999e-01
-1.308190169375235135e-01
-1.341691515020216885e-01
-1.294043038315021432e-01
-1.394380073109638962e-01
-1.415964778359853349e-01
-1.368655356823799685e-01
-1.325701852005899406e-01
-1.292770080391449361e-01
-1.413650558416330305e-01
-1.406236858987039151e-01
-1.353065463742545160e-01
-1.303861875522700220e-01
-1.274855026218963960e-01
-1.253487140119269039e-01
-1.229606372615588139e-01
-1.306202694461816305e-01
-1.244575716040858815e-01
-1.214011867275158474e-01
-1.192268565755065096e-01
-1.179066785901054654e-01
-1.163902931045643768e-01
-1.150905797868464059e-01
-1.145766792588945732e-01
-1.134224704269777284e-01
-1.124173415257103820e-01
-1.115198265716347420e-01
-1.107082758035799197e-01
-1.108815982565890396e-01
-1.100652329317688277e-01
-1.100906272865101454e-01
-1.091839419490793911e-01
-1.094980167183363129e+01
-1.307084664124665563e-01
-1.168252409674815362e-01
-1.096305530511772020e+01
-1.121962537118798980e-01
-1.105119675231119036e-01
-1.093117390242339948e-01
-1.158857173069436780e-01
-1.117391926193841700e-01
-1.115147543969693539e-01
-1.098330207232085104e-01
-1.086686706830661542e-01
-1.829960167154843020e+01
-1.512138580928033271e-01
-1.201943090887714199e-01
-1.143838864296458785e-01
-1.116881500771262636e-01
-1.100491667935824258e-01
-1.114988120352196355e-01
-1.103619211044945259e-01
-1.094683711417419741e-01
-1.094151949986291311e-01
-1.086482612144918647e-01
-1.080164775858243192e-01
-1.102747237320840373e-01
-1.085167428592860028e-01
-1.076368082557773720e-01
-1.070183595975519181e-01
-1.065160938488589754e-01
-1.060906853574163783e-01
-1.060642567725084418e-01
-1.056755186857740864e-01
-1.056188603114424085e-01
-1.085346295065555827e-01
-1.080687386847180020e-01
-1.089043004563246264e-01
-1.072873268739548830e-01
-1.063487886104423213e-01
-1.220078894524754681e-01
-1.117872061172725529e-01
-1.091561977124811539e-01
-1.465638626817822587e-01
-1.267572149611782828e-01
-1.199584766538176889e-01
-1.153614524181630768e-01
-1.120142332614821046e-01
-1.096776521252444264e-01
-1.081354214206785708e-01
-1.071263542067988628e-01
-1.077421522814303728e-01
-1.069653354206929752e-01
-1.072694275031773892e-01
-1.079799545345444950e-01
-1.069071742106035283e-01
-1.072511054048869983e-01
-9.146996283963030550e+00
-1.280375720060250444e+01
-1.318817454341761897e-01
-1.214959529499786139e-01
-1.163797560034350587e-01
-1.233169806411422265e+01
-1.126618015256294902e-01
-1.193924611887813292e-01
-1.200208888876212882e-01
-1.149791561289621317e-01
-1.141456145333218514e-01
-1.152516175285067113e-01
-1.129816397306024622e-01
-1.169341593453240291e-01
-1.136396221048198013e-01
-1.133270909972498020e-01
-1.143417216053547875e-01
-1.121559197418512815e-01
-1.191383249590207694e-01
-1.154014839887162053e-01
-1.129664065087864905e-01
-1.111699841830850188e-01
-1.103449081673029131e-01
-1.092937288748888486e-01
-1.102103021475208250e-01
-1.102312226821099972e-01
-1.093790938690666487e-01
-1.129706082313283177e-01
-1.117685016582117413e-01
-1.109029924204417289e-01
-1.102021465294169000e-01
-1.095975213874069987e-01
-1.090530346963330260e-01
-1.085452648837545719e-01
-1.080693492769185943e-01
-1.076132842743167117e-01
-1.071778294702490503e-01
-1.067603204560618330e-01
-1.063590809713078345e-01
-1.059710688459080535e-01
-1.062108736908253248e-01
-1.076743487459949911e-01
-1.066883046036665034e-01
-1.075830756395029508e-01
-1.067140254663327681e-01
-1.060923826182597618e-01
-1.055890933442699686e-01
-1.051568208737627824e-01
-1.061102844867085754e-01
-1.056351725321164059e-01
-1.052202384897629600e-01
-1.061234146991488214e-01
-1.054638629741838779e-01
-1.054641121058700892e-01
-1.049470009135329146e-01
-1.045162240144783816e-01
-1.981660752180605911e+01
-1.707788591380682286e-01
-1.373521764363898334e-01
-1.299753599873229026e-01
-1.257726810706173981e-01
-1.225982659155732613e+01
-5.634809126241718147e+00
-1.335078992692299571e-01
-1.260297654281861135e-01
-1.213699981469986283e-01
-1.251129240920436092e-01
-6.902293071418011294e+00
-1.625203365215109053e-01
-1.421659969500869980e-01
-1.415963046537023484e-01
-1.334517279154447678e-01
-1.289522385169095675e-01
-1.304727166579412456e-01
-1.353871395214598372e-01
-1.290303323563577464e-01
-1.263659573234360844e-01
-1.236312314109280774e-01
-1.214400624925002226e-01
-1.195468526959753003e-01
-1.179852547884091274e-01
-1.208732192330106980e-01
-1.181549979106782805e-01
-1.172774407336194397e-01
-6.657452663461989495e+00
-1.228185088018069610e-01
-1.294868579908257933e-01
-1.273731763176639276e-01
-1.067671557831051388e+01
-1.302624137426318662e-01
-1.311501880287201938e-01
-1.259471113086907679e-01
-1.219153650546022927e-01
-1.197061376747712846e-01
-1.189521687620664625e-01
-1.210627647047576860e-01
-1.190259829819085569e-01
-1.171154107420568219e-01
-1.155775221470036890e-01
-1.142610641914482972e-01
-1.130928440908145205e-01
-1.182522289743125343e-01
-1.143609976814396884e-01
-1.281986574493092779e-01
-1.173436235954760098e-01
-1.147337275351631020e-01
-1.150482418932725903e-01
-1.204010147156724941e-01
-1.175747407286091423e-01
-1.171744047609819261e-01
-1.457554747422280883e+01
-1.380417191646605146e-01
-1.247952987669354585e-01
-1.210200266455117024e-01
-1.171843748200895596e-01
-1.194061576409402442e-01
-8.054725344233192530e+00
-1.660825773671138483e-01
-1.083710883080392762e+01
-1.314924275880962334e-01
-1.255647933536788996e-01
-1.255402155654666840e-01
-1.221887113272373121e-01
-1.216459580937895302e-01
-1.191665206808889266e-01
-1.196343037224218142e-01
-1.176353837535911856e-01
-1.188385295751538950e-01
-1.170892400217415918e-01
-6.202699445202456197e+00
-1.441613528884744255e-01
-5.911026834698045462e+00
-1.377855247422400953e-01
-1.312581811700525292e-01
-1.336163049732034258e-01
-1.295262769325060959e-01
-1.297315461818907001e-01
-1.347403022308586162e-01
-1.280988355870103235e-01
-1.240970038106136708e-01
-1.232140022497371645e-01
-1.201536604551241560e-01
-1.175005630005857421e-01
-1.151862844988844892e-01
-1.131765156440534131e-01
-1.100483318885199374e-01
-1.098930015407074412e-01
-1.119184279117437786e-01
-1.113447433886043253e-01
-1.108827137295923665e-01
-1.098009622721575901e-01
-1.108704696972728082e-01
-1.148987643707354983e-01
-1.121982877653390498e-01
-1.183347194694039234e-01
-1.153325091284293918e-01
-1.127283593354073826e-01
-1.186788125063387295e-01
-1.170376032860122734e-01
-1.122542307716119236e-01
-1.112166728506014668e-01
-1.166009717709562410e-01
-1.394577113827397685e-01
-1.213228004641350305e-01
-1.170172678652392217e-01
-1.127939365654200543e+01
-1.208147515021772422e-01
-1.257484843925997242e-01
-1.314198769620456564e-01
-1.256841317170010186e-01
-1.178271566038757434e-01
-1.143659344802003541e-01
-1.121737184737599535e-01
-1.105778214064671444e-01
-1.093325228934594329e-01
-1.083033751646376025e-01
-1.274581261928378950e+01
-1.115218536006084976e-01
-1.081216567839857340e-01
-1.067148215172969983e-01
-1.057725257473504932e-01
-1.050319298459436723e-01
-1.495719359952299854e+01
-1.336082362705775517e-01
-1.228077085054798678e-01
-1.189968841938013888e-01
-1.156500118428774593e-01
-1.134746233580646718e-01
-1.121186596437492022e-01
-1.108413932759104159e-01
-1.097881821001280150e-01
-1.115036652576119891e-01
-1.098639691390796008e-01
-1.088082220009038842e-01
-1.079604133145401490e-01
-1.072171599808453279e-01
-1.069603536785495163e-01
-1.111522946658105998e-01
-1.081611927982774890e-01
-6.930862859958869748e+00
-1.093799302380331351e-01
-1.172095034041173711e-01
-1.131220743804621648e-01
-1.108713555549709767e-01
-1.124977875752239259e-01
-1.111190467442382396e-01
-1.092718986975255574e-01
-1.080353463594869584e-01
-1.070848870935954406e-01
-1.098651319460513809e-01
-1.066888828454791854e-01
-1.055362991747584855e-01
-1.056520539723128371e-01
-1.192726132261332367e-01
-1.141882459392826732e-01
-1.122401474332845733e-01
-1.438479531161599390e+01
-9.126921899967715746e+00
-2.305944342266540437e-01
-1.761911515449304799e-01
-6.874091210394267293e+00
-1.536222697563923434e-01
-1.497629362974876699e+01
-1.083411460531985604e+01
-1.986570875791403845e-01
-1.678123708882295895e-01
-1.060074430113341037e+01
-6.099629706055129219e+00
-1.744941009665535170e-01
-1.529325312137647386e-01
-1.155901810750120795e+01
-1.106275041740789256e+01
-1.556005312307176536e-01
-1.396541010694263008e-01
-1.380856520486363759e-01
-1.349886460645663699e-01
-1.282827989399380475e-01
-1.242751742616437505e-01
-1.213419282841953772e-01
-1.241950618837971698e-01
-1.218417876252910481e-01
-1.190165969338478902e-01
-1.166612400472585021e-01
-1.149119236491277091e-01
-1.145534684214328802e-01
-1.159158257795920993e-01
-1.136739211175193803e-01
-1.121595902724423915e-01
-8.667185850593364549e+00
-1.116452040953877511e-01
-1.103044884783878909e-01
-1.223686037797906273e-01
-1.194601890688740814e-01
-1.170023341685989121e-01
-1.147865698248610594e-01
-1.127754212382290205e-01
-1.109663063328861915e-01
-1.093805016591637563e-01
-1.145560671770413791e-01
-1.094647373837150384e-01
-1.083607052343115718e-01
-1.069523167067281677e-01
-1.059527841556628103e-01
-1.051838653832261744e-01
-1.052932525237983974e-01
-1.046343751393378485e-01
-1.040878520150157888e-01
-1.036098094244037593e-01
-1.039457329157505022e-01
-1.092534344104401783e-01
-1.079245618498476528e-01
-2.711441246960708895e+01
-2.859591529839307089e-01
-1.482163619720279768e-01
-1.281589998033202116e-01
-1.255882288565222638e+01
-1.400827463308610688e-01
-1.252218658196110890e-01
-1.004025057216092165e+01
-1.598691560047092786e+01
-1.589250873159376576e-01
-1.432613914312896308e-01
-1.351723711229428082e-01
-1.339101107216045528e-01
-1.300421799664743250e-01
-1.271673829055106897e-01
-1.253878222539757947e-01
-1.233398402410594979e-01
-1.224162453352250907e-01
-1.206469749158327748e-01
-1.191430418269371766e-01
-1.177991387692555875e-01
-1.165810402306300952e-01
-1.154634619862195954e-01
-1.144284251253358115e-01
-1.134663978960582104e-01
-1.304637729436084648e+01
-1.169771998624460907e-01
-1.141592461965547367e-01
-1.162026017569939423e-01
-1.140703979412796415e-01
-1.125251092019447924e-01
-1.112843647473672898e-01
-1.110138660723382631e-01
-1.110352115871778428e-01
-1.203462028458834077e+01
-1.138691416690337377e+01
-1.205721986033724685e-01
-1.202995562954176367e-01
-1.260515871825061418e-01
-1.230750748222435992e-01
-1.180198142909734127e-01
-1.145489117725555783e-01
-1.125329908218229008e-01
-1.105740696181667648e-01
-1.100788376560551812e-01
-1.097694923684050666e-01
-1.107617267368002367e-01
-1.090345433648070711e-01
-1.079192493251178442e-01
-1.070717349192020634e-01
-1.113608776179854098e-01
-1.178752114143491597e-01
-1.128308694647500721e-01
-1.140137927250999272e-01
-1.115277208991277830e-01
-1.100976790332907629e-01
-1.095137992576458719e-01
-1.106369652784058022e-01
-1.103435963129619085e-01
-1.089576647430500755e-01
-1.090521023740683021e-01
-1.080697173967146707e-01
-1.072756207543743706e-01
-1.073352152308160307e-01
-1.091809944914538116e-01
-1.074684774927835845e-01
-1.119059321854192629e-01
-1.100423167154109122e-01
-1.077383702028445467e-01
-1.096122954990496889e-01
-1.074076220449115548e-01
-1.062345238480501136e-01
-1.054139442320922021e-01
-1.047633038139984402e-01
-1.045836742737595859e-01
-1.051836983041075091e-01
-1.043120478861651462e-01
-1.037079691049152819e-01
-1.032226575164857663e-01
-1.028072596163849828e-01
-1.046827068608187916e-01
-1.033999666883018281e-01
-1.027429490024191899e-01
-1.034837291243198010e-01
-1.027826880083476530e-01
-1.022555263270051445e-01
-1.044817973302787362e-01
-1.038796568013497235e-01
-1.042428466517621721e-01
-1.062668641917653284e-01
-1.047573958505673558e-01
-1.088224361156286540e-01
-1.127301830613031963e-01
-1.092049914725446852e-01
-1.076683948256937362e-01
-1.066708287079764089e-01
-1.059139188208100824e-01
-1.052877741484608554e-01
-1.047416190332061126e-01
-1.081907023899948000e-01
-1.060090796788056428e-01
-1.141331003600552485e+01
-1.739299305627275694e-01
-1.171297440773311632e-01
-1.115608241417190005e-01
-1.084961538043405782e-01
-1.081186594854142008e-01
-1.072170274575107718e-01
-1.178154581835017256e-01
-1.110443799979197316e-01
-1.095632543941167381e-01
-1.077718618652553501e-01
-1.077134750229977178e-01
-1.064909957700991561e-01
-1.055913326459130275e-01
-1.265062673938157722e+01
-1.924509554663080824e-01
-1.553269214122358355e-01
-1.296065601340355977e-01
-1.212398607406887235e-01
-1.172550320709422056e-01
-1.192479025232123652e-01
-1.146112534593303339e-01
-1.148081180978331034e-01
-1.118609332774894993e-01
-1.107835466553779014e-01
-1.094601376051065750e-01
-1.115626875130910495e-01
-1.205425151943989026e-01
-1.165566437552194995e-01
-1.143799014760844140e-01
-1.127514982049502290e-01
-1.113624161459702971e-01
-1.101024876224374477e-01
-1.089452727441237861e-01
-1.078685758216182816e-01
-1.068746233208323487e-01
-1.061307659096892564e-01
-1.052895522383278798e-01
-1.045347208885767376e-01
-1.038573774377912345e-01
-1.032625598078661111e-01
-2.148072903622907148e+01
-1.984399295860081736e-01
-1.193055284778567204e-01
-1.120140668301892045e-01
-1.089541794090515131e-01
-1.120931809929524986e-01
-1.111253821961842858e-01
-1.091713236140499504e-01
-1.078442543147277305e-01
-1.068413116752990610e-01
-1.060296193041128654e-01
-1.084981124035064581e-01
-6.589267477478459867e+00
-2.040863811265986316e-01
-1.459039857137059037e+01
-1.475604884373421799e-01
-1.257702396064142303e-01
-1.267777375107196902e-01
-1.185912995173045020e-01
-1.147357325646440190e-01
-1.123612958553746322e-01
-1.106427668235343414e-01
-1.097606150199532948e-01
-1.086149819803191446e-01
-1.141205796610506873e+01
-1.295294097724451754e-01
-1.167976963426083925e-01
-1.144741700300450082e-01
-3.039202972554769033e+01
-2.237267614414060468e-01
-1.711247243762059889e-01
-1.456938662540800400e-01
-1.279252352321261776e-01
-1.197306767310906961e-01
-1.407751129638305088e+01
-1.616763013009928918e-01
-1.360596614782789981e-01
-1.287522643657756927e-01
-1.452237325292643766e-01
-1.298794113294703678e-01
-1.434916023553960696e-01
-1.425785381424297116e-01
-1.255359832273856835e-01
-1.256724150225649594e-01
-1.197412458553786946e-01
-1.183923350853020723e-01
-1.247289248709743670e-01
-1.173500957605081718e-01
-1.150846807477851341e-01
-1.135869666361805363e-01
-1.124238448705031090e-01
-1.114480382217440807e-01
-1.429717235279949250e+01
-1.098430941101165431e-01
-1.091616666770069133e-01
-1.090081449428267346e-01
-1.105928619494160603e-01
-1.091268383129435499e-01
-1.089241188914246289e-01
-1.256568842802102681e-01
-1.176548102849246658e-01
-1.134987118928164201e-01
-1.111881422999468905e-01
-1.096477095812965763e-01
-1.085164162848000491e-01
-1.076039123649780715e-01
-1.077517120442854082e-01
-1.068733662790784938e-01
-1.068770524252961457e-01
-1.079798161675648988e-01
-1.065072111368919189e-01
-1.048225952431859620e-01
-1.059403470728778329e-01
-1.060938357444558416e-01
-1.119121890271498609e-01
-1.076860295899086384e-01
-1.119174849258043197e-01
-1.085699099793050598e-01
-1.072217378988840758e-01
-1.063096588341765208e-01
-1.061001841433754644e-01
-1.305701437106280838e-01
-1.308516574180230430e-01
-1.242136061825469956e-01
-1.185867869414461567e-01
-1.148641599901467081e-01
-1.222615624391804739e-01
-1.145947714833906589e-01
-1.117050798111964838e-01
-1.142816554427289188e-01
-1.111908140967583364e-01
-1.094945879578517189e-01
-1.082898494467585404e-01
-1.073381732367761493e-01
-1.075072248695858601e-01
-1.066614885895689063e-01
-1.059421858700136387e-01
-1.085576720126259359e-01
-1.061294963342730574e-01
-1.051804277109199132e-01
-1.046894909362626885e-01
-1.063245702663756093e-01
-1.052579839394250510e-01
-1.045250672887608617e-01
-1.039521972675046674e-01
-1.063653199889861151e-01
-1.046811193572036031e-01
-9.415069629017573050e+00
-1.032807816352464825e-01
-1.028197862428407161e-01
-1.024272659442356931e-01
-1.046081316372424602e-01
-1.662509965459787187e-01
-1.144173533686946714e-01
-1.100715268480723236e-01
-1.083668455997861962e-01
-1.324333283241812786e+01
-1.067260941916772787e-01
-1.057077014133396414e-01
-1.049308851780911267e-01
-1.067463190731408051e-01
-1.056520500961424108e-01
-1.061944825236215001e-01
-1.051857525994710635e-01
-1.044281174969311082e-01
-1.038150756708647732e-01
-1.040493213849762594e-01
-1.034831146130675145e-01
-1.030062177100221216e-01
-1.025815945609642593e-01
-1.022012796649385546e-01
-1.018575937090089728e-01
-1.015398140948076539e-01
-1.012425281304724228e-01
-1.012169825314373772e-01
-1.009276041191823625e-01
-1.006517679561445971e-01
-1.011205960253106217e-01
-1.024241849654276421e-01
-1.014789159558170811e-01
-1.008977997288872941e-01
-1.004654830973854135e-01
-1.001104741405853399e-01
-9.980450688067760145e-02
-9.988614829070995016e-02
-1.078297189382500143e+01
-1.067667949307977565e-01
-1.141488598112607861e-01
-1.093321881558970560e-01
-1.062216120581954693e-01
-1.044187549275649857e-01
-1.032123310730193172e-01
-1.023299501331807193e-01
-1.015633711665626798e-01
-3.350172862896373260e+01
-1.252892887877830042e-01
-1.165563465631454382e-01
-1.117578272516287774e-01
-1.079916848013822567e-01
-1.059046810387307969e-01
-1.045272245777289222e-01
-1.041919837461494081e-01
-1.050969095062816994e-01
-1.036460780334209908e-01
-1.027681173640291323e-01
-1.027023045634517240e-01
-1.020428953743891948e-01
-1.015188282267045911e-01
-3.265737772817462314e+01
-6.885534014976008033e-01
-3.117323071990836247e-01
-2.352062438891643903e-01
-1.289945946360124163e+00
-2.126764289111800210e-01
-1.936491122939210663e-01
-1.732490244634893595e-01
-1.664647085165754103e-01
-1.570121961965548762e-01
-1.588517534202343040e-01
-1.503089969096387812e-01
-1.430526107011542980e-01
-1.399174218697334382e-01
-1.353353282937971025e-01
-1.315503791673259260e-01
-1.284651152032799948e-01
-1.275427295380562320e-01
-1.250907653076670789e-01
-1.229044722523123107e-01
-1.209402159319893227e-01
-1.226565139358307271e-01
-1.254083169081089966e-01
-1.259115991189516393e-01
-1.222588052476799164e-01
-1.197177715616956767e-01
-1.181464083444633412e-01
-1.219620805838129707e-01
-1.177994045671102996e-01
-1.154843590409355136e-01
-1.137980260577324543e-01
-1.128864060278813031e-01
-1.116505800123941683e-01
-1.106009660371894271e-01
-1.096906375920968513e-01
-1.095674041303259932e-01
-1.087939227371775286e-01
-1.081213680571422586e-01
-1.075028641885129727e-01
-1.069419048433162267e-01
-1.069276883516889071e-01
-1.115689926619928968e-01
-1.097236986031421974e-01
-1.081166209473495010e-01
-1.071581598426230297e-01
-1.067291163211229049e-01
-1.081250718050120879e-01
-1.068549528952443123e-01
-1.060595516757423529e-01
-1.054518184196240049e-01
-1.079120104059208274e-01
-1.085651920424786782e-01
-1.070440091145937744e-01
-1.059366465743048907e-01
-1.050750315552275993e-01
-9.439662147309732632e+00
-1.082668012875492858e-01
-1.068995072461607215e-01
-1.075500447148113881e-01
-1.065997657867343018e-01
-1.059507341270418540e-01
-1.144870466809589232e-01
-1.084861147229657097e-01
-1.081893429862265804e-01
-1.079305903437550035e-01
-1.127513222817295713e-01
-1.090618140592681390e-01
-1.074210302577732756e-01
-1.033559296935945859e+01
-1.070856167891392902e-01
-1.137644751654897091e-01
-1.116478725500384406e-01
-1.093711159822762652e-01
-1.080222756930702271e-01
-1.070681045643673834e-01
-1.063334099562828899e-01
-1.068110525486909157e-01
-1.145111250590823693e-01
-1.103742247218313655e-01
-1.168143759138885046e-01
-1.258522942496093922e-01
-1.142481725660355746e-01
-1.108521613514702880e-01
-1.091159882566204442e-01
-9.772026347527766887e+00
-1.317595135392303218e-01
-1.193861145263206552e-01
-1.138916405063905152e-01
-1.113238697529275734e-01
-1.128437204235553104e-01
-1.127254650952666942e-01
-1.105533018626326386e-01
-1.104827553977715676e-01
-1.002168286539571440e+01
-1.225767083298643367e-01
-1.162501020638621457e-01
-1.130355262392758742e-01
-1.112833487223868073e-01
-1.101108418622607776e-01
-1.092225868425006213e-01
-1.090600095408535419e-01
-1.100082083398073868e-01
-1.096701581862111474e-01
-1.085588722823101204e-01
-1.078011218424023976e-01
-1.081112595760990031e-01
-1.074182486127676500e-01
-1.079019898835683056e-01
-1.140931394036828472e-01
-1.147610676883531883e-01
-1.111033303339182265e-01
-1.107334681137029236e-01
-1.094423218965336758e-01
-1.085436355830636801e-01
-1.085539774985630618e-01
-1.079128007855437166e-01
-1.081809450097081376e-01
-1.191815778735343667e-01
-1.128995654583849623e-01
-1.116418602914894115e-01
-1.096054452287064662e-01
-1.093464991320945018e-01
-1.082392402078042881e-01
-8.680174710235759150e+00
-1.173246684960006919e-01
-1.124066128951661525e-01
-1.112340335487773113e-01
-1.107369851074034850e-01
-1.093718916061027641e-01
-1.084249381224946934e-01
-1.372298528741046908e-01
-1.134528091038621428e-01
-1.130616551981190460e-01
-1.111946236908230995e-01
-1.099761347063608480e-01
-1.090677493179201957e-01
-1.083342031471827560e-01
-1.077073670993742988e-01
-1.071484434368430577e-01
-1.069291486517323087e-01
-1.256611025277033278e+01
-1.176358603097379940e-01
-1.127205366912989171e-01
-1.100482501616549813e-01
-1.085166075466679342e-01
-1.074605992303991481e-01
-1.067361446854855067e-01
-1.059011062854488400e-01
-1.053357257948720899e-01
-1.173705132740524015e-01
-1.091876660918531111e-01
-1.070013897162295224e-01
-1.058339952633569891e-01
-1.127935448621965459e-01
-1.088816718649101289e-01
-1.067142846462237199e-01
-1.067033592889600063e-01
-1.072501684266412847e-01
-1.058199052048067190e-01
-1.055938184880763353e-01
-1.047616119107034199e-01
-1.061643928304133594e-01
-1.126601651390159164e-01
-1.116954388750651395e-01
-1.109946511928472240e-01
-1.087114082810381743e-01
-1.083047651869253336e-01
-1.070500949547033565e-01
-1.061274397964091926e-01
-1.053980145695190274e-01
-1.047837330649002696e-01
-1.072673703758698638e-01
-1.054973663919194365e-01
-1.057147421724675823e-01
-1.047520660932010766e-01
-1.040483155811910698e-01
-1.044661436909914004e-01
-1.038392525808133487e-01
-1.116835605497167450e+01
-1.033827340633210884e-01
-1.099708816485864132e-01
-1.317281711182036297e+01
-1.305122223098388323e-01
-1.160325760201407347e-01
-1.113215924327335821e-01
-1.094321040160629172e-01
-1.077170203107244845e-01
-1.064891245826916633e-01
-1.055575103992116154e-01
-1.076701619621122930e-01
-1.059565616589052545e-01
-1.049906135428787524e-01
-1.042692065694326570e-01
-1.036843214711673511e-01
-1.035532547029919814e-01
-1.120206468917194775e-01
-1.081872497422812357e-01
-1.065599222495136056e-01
-1.055161080705488003e-01
-1.047274811268372186e-01
-1.040712204962720155e-01
-1.419700949978632032e+01
-1.183376882881322367e-01
-1.111825792543083419e-01
-1.074738654446207864e-01
-1.055585030949759973e-01
-1.043077814151754240e-01
-1.033835112398054923e-01
-1.026476735956936004e-01
-1.076416083103838434e-01
-1.035160564701929492e-01
-1.157133915883812592e-01
-1.100548100445332966e-01
-2.800340648234023178e+01
-1.466112438819233421e-01
-1.388414631698150215e-01
-1.251128750818701341e-01
-1.183812030843114649e-01
-1.143226571627147248e-01
-1.129339340679875042e-01
-1.108463045327535146e-01
-1.109396716549907597e-01
-1.091295699327620994e-01
-1.077995935515688869e-01
-1.067462435678142030e-01
-1.062710938682273620e-01
-1.085313069916249012e-01
-1.211867224266484122e+01
-1.188871290744262232e-01
-1.115477243147544317e-01
-1.204116036173873278e-01
-1.136535655585988319e-01
-1.108918959057456910e-01
-1.098899369431131090e-01
-1.085369401018457802e-01
-1.075016281321137801e-01
-1.066635606961955779e-01
-1.384449915762053784e+01
-1.090301046804443702e-01
-1.067862034810529437e-01
-1.096078948355651145e-01
-1.076279973022766928e-01
-1.063724448340480910e-01
-1.057489998231272849e-01
-1.049753722402718414e-01
-1.043324656185350696e-01
-1.037760508861999414e-01
-1.040155222978754457e-01
-1.034175106592916671e-01
-1.029022744111094956e-01
-1.024511938217695650e-01
-1.020399236506090851e-01
-1.016613129771433144e-01
-1.013068739674767987e-01
-1.009769114088341635e-01
-1.006690306603924556e-01
-1.003724902906066446e-01
-1.000919366494563700e-01
-9.982643244579944564e-02
-9.957516119599332804e-02
-1.109841768447979715e-01
-1.046296812707875057e-01
-1.064058990545438954e-01
-1.069559778714672810e-01
-1.039648167584442118e-01
-1.024994082763007464e-01
-1.140275760904257280e-01
-1.149614956278012939e-01
-1.110794939777703660e-01
-1.123431703677838095e-01
-1.071548794271834915e-01
-1.051266288266527321e-01
-1.060372718921733931e-01
-1.062110849595809675e-01
-1.044943789748912916e-01
-1.034446267005244141e-01
-1.035350019048691533e-01
-1.027523758221849104e-01
-1.021367151967365189e-01
-1.027667890065643713e-01
-1.021814706705803655e-01
-1.017062980913776421e-01
-1.013042746315203219e-01
-1.009523992197526171e-01
-1.006403645209643927e-01
-1.009211566800174570e-01
-1.056096858325776466e+01
-1.123698086145694108e-01
-1.092789009364279196e-01
-1.065712215105539401e-01
-1.051727047253961655e-01
-1.042548898926313611e-01
-1.035845067065709196e-01
-1.030561038017227260e-01
-1.041760547361575417e-01
-1.046527481800616222e-01
-1.089632196708991557e-01
-1.056942530495657701e-01
-1.056659151820854708e-01
-1.043892759368703765e-01
-1.035248410774403383e-01
-1.034823609398272809e-01
-1.367147770733264878e+01
-1.617241770657716904e-01
-1.172576802404924623e-01
-1.104898921614601154e-01
-1.090775096377511189e-01
-1.069237208675322404e-01
-1.054969275230634440e-01
-1.044493817990958945e-01
-1.068008432387052148e-01
-1.108996002772766470e-01
-1.069997861582501208e-01
-1.052062195282991164e-01
-1.040837801776008931e-01
-1.032682735280664177e-01
-1.026254399913743287e-01
-1.030217846174586727e-01
-1.069540869409946610e-01
-1.045004342123797975e-01
-1.020402054993293817e+01
-1.030631110971568509e-01
-1.023612943957798310e-01
-1.429691581230255470e-01
-1.217578607022651305e-01
-1.122063347505464215e-01
-1.082506543013889849e-01
-1.065042396242373568e-01
-1.053428216848541071e-01
-1.044421398427835268e-01
-1.037097803045415878e-01
-1.030856752349654654e-01
-1.025456062991724898e-01
-1.020633093476663589e-01
-1.016240719781116991e-01
-1.012283786546839398e-01
-1.008568095618736782e-01
-1.031868804778579285e-01
-1.013538046366742190e-01
-1.006338027598264878e-01
-1.008154479167798906e-01
-1.002830716865357324e-01
-9.985572032695193279e-02
-9.949908040561464273e-02
-1.187216670163742194e+01
-1.462326762820211346e-01
-1.542863854930381917e-01
-1.340849858052966526e-01
-1.216623049838127663e-01
-1.165392078942011078e-01
-1.117474300199241960e-01
-1.282482728588416343e+01
-1.084340759581721436e-01
-1.214764358363613628e-01
-1.137964398887564288e-01
-1.104832725339788685e-01
-1.084761921927279854e-01
-1.070642928176994413e-01
-1.070651742481159852e-01
-1.061261812829012302e-01
-1.053446548103943309e-01
-1.046743080970270329e-01
-1.044148472159871499e-01
-1.050987297870282361e-01
-1.041770344484182764e-01
-1.063780822559149131e-01
-1.150424243476539377e-01
-1.117516319150620163e-01
-1.123749806332508955e-01
-1.097111271587491443e-01
-1.090315715681460657e-01
-1.076339036129314169e-01
-1.161853989153996025e+01
-1.063094297558662832e-01
-1.055501931801737653e-01
-1.190619469397897312e+01
-1.137384897494930908e-01
-1.097154169474309493e-01
-1.077669193362421479e-01
-1.065012805432075382e-01
-1.095432583173845398e-01
-1.079968259685719773e-01
-1.075226745003331069e-01
-1.087530968046119123e-01
-1.070541509489368465e-01
-1.081579976063419685e-01
-9.821913628048021039e+00
-1.067873793800191012e-01
-1.056916225907582468e-01
-1.048849957505351288e-01
-1.042272290396743517e-01
-1.036652493444009393e-01
-1.037205389187167426e-01
-1.269025868009281943e+01
-1.065994162692929514e-01
-1.049046734306105094e-01
-1.067825779518812024e-01
-1.052554084840707088e-01
-1.042259469751679879e-01
-1.054082251167912515e-01
-1.041349833241268924e-01
-1.033588014497368313e-01
-1.033490982812741432e-01
-1.027568569205826871e-01
-1.026951916640316542e-01
-1.021934540858602525e-01
-1.017692951189363842e-01
-1.013971499722804426e-01
-1.010613202759665374e-01
-1.013477036254251257e-01
-1.050393540802785353e-01
-1.024917032505093528e-01
-1.015223029879627065e-01
-1.009240987987407162e-01
-1.054823477969050738e-01
-1.035958234564150482e-01
-1.026667570688182402e-01
-1.020329839541398997e-01
-1.015327305112362632e-01
-1.011058923188507680e-01
-1.007289350078002937e-01
-1.003825435437444569e-01
-1.154530716996785000e-01
-1.072364616520307123e-01
-1.037581141570798615e-01
-1.038386403299753347e-01
-1.023432931932300727e-01
-1.013780024048691192e-01
-1.022758407450372886e-01
-1.035169382258627341e-01
-1.021444248933894849e-01
-1.012755360189120518e-01
-1.006286110123878058e-01
-1.006150019564473613e-01
-1.020662634572523653e-01
-1.088754927366487379e+01
-1.036549270818206692e-01
-1.116773058954352860e-01
-1.156787900955361520e-01
-1.084768091886200853e-01
-1.056806690677669636e-01
-1.040227546675838027e-01
-1.028792857786621495e-01
-1.026132965295591115e-01
-1.018325766565280205e-01
-1.012046396259994180e-01
-1.006717105132924894e-01
-1.002193237979229767e-01
-1.274284808122343193e+01
-1.187508188574021162e+01
-1.353711557621966322e-01
-1.179043172510863130e-01
-1.113420774122928780e-01
-1.078870213097909980e-01
-1.057121910854415259e-01
-1.042092935591875796e-01
-1.030973607579707824e-01
-1.022294376257513182e-01
-1.017192528255872752e-01
-1.011128408192905476e-01
-1.006511871359710986e-01
-1.760253843562274412e+01
-1.008931343185165697e-01
-1.185705804752569953e-01
-1.173059011612971325e-01
-1.136423021485293977e-01
-1.102570680558460636e-01
-1.080255470072852414e-01
-1.096375466189350167e-01
-1.069547428160818187e-01
-1.054279668132007686e-01
-1.184646092834206466e-01
-1.086272531862587792e-01
-1.059996846897991729e-01
-1.045357431283656102e-01
-1.035183058739525819e-01
-1.027390583356647957e-01
-1.053037565509472584e-01
-1.066331619866319191e-01
-1.044457697634724319e-01
-1.054390235114286839e-01
-1.056394356080457980e-01
-1.040305990196180447e-01
-1.030237820406369048e-01
-1.022861225169444527e-01
-1.032504761445694752e-01
-1.077824211480248595e-01
-1.045687852689853869e-01
-1.032682904114143874e-01
-1.025243306084310801e-01
-1.018950197471048813e-01
-1.246372823514764860e+01
-1.167893695625219230e+01
-1.443619554289200524e-01
-9.565512853426803019e+00
-1.162297583791205569e-01
-1.113622455379893600e-01
-1.086783849993613466e-01
-1.622499364263466637e-01
-1.172608839049434915e-01
-1.130122390919453823e-01
-1.120244040058357704e-01
-1.095573243861553692e-01
-1.079072128777062156e-01
-1.074294939527277309e-01
-1.063246234699627563e-01
-1.054593597482244571e-01
-1.047525141645911373e-01
-1.041515937546228371e-01
-1.036313129193583427e-01
-1.031764409229575380e-01
-1.033042330044810081e-01
-1.028869704453789086e-01
-1.025055801835655922e-01
-1.021640055690033327e-01
-1.193891481178379343e-01
-1.067576209774271784e-01
-1.045174739522150703e-01
-1.034504273772601513e-01
-1.033048866339897065e-01
-1.037053867038161686e-01
-1.028697532919702201e-01
-1.023216697402596909e-01
-1.018945421675061108e-01
-1.143622546382355026e-01
-1.086348831948352051e-01
-1.055444104387057574e-01
-1.041307487476323124e-01
-1.032719762924508289e-01
-1.026620519569662743e-01
-1.021871216238773722e-01
-1.017997356100429907e-01
-1.014646792454965002e-01
-1.012300449771716127e-01
-1.009664067135420396e-01
-1.007215851430620923e-01
-1.044332323748780045e-01
-1.026229279015949264e-01
-1.029578188763019958e-01
-1.037474341619644136e-01
-1.026265694848209759e-01
-1.019199814038696250e-01
-1.014072678470476219e-01
-1.009942731559531209e-01
-1.009858295460093758e-01
-1.006387823040170854e-01
