1.333198800174063559e-01
1.291386825441388497e-01
1.301181182236144374e-01
1.325175721322112143e-01
1.283080043206266119e-01
1.283239219319737556e-01
1.256288554862748652e-01
1.237032995289703424e-01
1.389036268141393415e-01
1.326536641254145721e-01
1.305069261454813445e-01
1.271491566817711527e-01
1.249135734010000387e-01
1.231819138605572822e-01
1.403881669574426894e-01
1.266979938388400340e-01
1.232229671369810403e-01
1.211615462421305744e-01
1.196475388605528489e-01
1.277129694085799572e-01
1.224589317326680304e-01
2.207525254638886825e-01
1.675304817615664577e-01
1.479293952420155378e-01
1.364931515250597804e-01
1.304484877778981089e-01
1.267762762168555546e-01
1.241730017783903434e-01
1.313371180436538610e-01
1.373845300746354692e-01
1.286415149327580498e-01
1.290977716447502255e-01
1.261097248517554503e-01
1.229489409601687150e-01
1.209003873428838860e-01
1.194296406556697443e-01
1.181830850277102857e-01
1.176749383354995654e-01
1.166784527662502458e-01
1.158145022382529726e-01
1.157849967784756184e-01
1.149617654306268749e-01
1.142408512059458758e-01
1.135877599643517616e-01
1.185978078901500227e-01
1.148901496481633394e-01
1.135929658802787012e-01
1.127446156160303720e-01
1.120772975502074692e-01
1.151935817517803773e-01
1.134201255483856946e-01
1.124938829794975559e-01
1.118124987382118352e-01
1.112476009226261303e-01
1.107494899413703215e-01
1.119582512195479024e-01
1.111260874760462147e-01
1.124507428504913642e-01
1.194873047236831715e-01
1.153185254828565653e-01
1.134583522927657684e-01
1.225178460246678785e-01
1.162016974814513853e-01
1.149658598571709212e-01
1.161068957462741830e-01
1.149661848804144348e-01
1.141942399245521045e-01
1.127696940924174662e-01
1.117688482388033838e-01
1.109897397750333331e-01
1.103428244226737354e-01
1.097871477983341781e-01
1.097908439448664064e-01
1.128326117967517056e-01
1.138832877458596238e-01
1.125660570059648924e-01
1.144949777976900229e-01
1.120934006261915528e-01
1.127729876057737557e-01
1.113274295170795652e-01
1.112131364042991816e-01
1.104457451169063298e-01
1.098284405250160023e-01
1.487399463657120280e-01
1.247840293764552189e-01
1.223026219340516696e-01
1.185871710614130048e-01
1.181694175972601291e-01
1.163110576105330501e-01
1.149915601062836551e-01
1.139491515102043356e-01
1.139326176492111015e-01
1.130449335474848910e-01
1.122833013994410101e-01
1.115990714810603801e-01
1.124344425014065646e-01
1.117232114170220725e-01
1.127108210773332814e-01
1.139438870851096075e-01
1.124971868984886436e-01
1.123027107438870353e-01
1.112842332459917927e-01
1.105067175196671608e-01
1.105067936356056157e-01
1.097884950366199847e-01
1.102556822116424334e-01
1.094436573195138873e-01
1.194828564634650286e-01
1.182262122623321671e-01
1.170868593071273944e-01
1.142353317373814847e-01
1.131643801209391842e-01
1.151773926313295476e-01
1.143604625352439425e-01
1.122524984853868618e-01
1.117860878214880505e-01
1.290971010422912180e-01
1.180170411187831669e-01
1.241543594002384732e-01
1.167639783282901356e-01
1.138354480426265192e-01
1.120098551828592609e-01
1.116253071163210014e-01
1.104539820677563067e-01
1.101318975632678832e-01
1.091976729699548898e-01
1.084340551231791488e-01
1.077824042239772101e-01
1.076283345757744064e-01
1.070509218149118119e-01
1.065447031781562581e-01
1.060897292983348783e-01
1.061827031789699255e-01
1.060962979402431811e-01
1.056522719585432230e-01
1.059729508139130860e-01
1.479637732141984297e-01
1.283461411354678006e-01
1.209591993057301806e-01
1.162319448853719461e-01
1.152341588168538794e-01
1.128336693577191852e-01
1.111619256036392445e-01
1.099091413773661957e-01
1.097716528974212041e-01
1.125124540300217468e-01
1.111446250048669926e-01
1.094961696619482089e-01
1.225007819288466832e-01
1.196308438963806647e-01
1.177239817389246351e-01
1.180556023505550112e-01
1.362013265833150188e-01
1.277060335840655425e-01
1.283546326461569020e-01
1.360560749889087040e-01
1.278442044712586600e-01
1.240417131099934012e-01
1.215133081012933769e-01
1.208999028784126240e-01
1.195349306014432400e-01
1.179926195420922391e-01
1.802441768571199643e-01
1.368636286441487215e-01
1.280805758032342867e-01
1.399476211832725581e-01
1.286217829065824936e-01
1.231393498980300483e-01
1.235272065622944060e-01
1.204338675432234246e-01
1.184926747721811446e-01
1.169915801199479105e-01
1.157461354198280751e-01
1.150070044703177113e-01
1.139953483092207148e-01
1.196055450674788356e-01
1.153363304819585156e-01
1.135540515110316229e-01
1.254167197292402336e-01
1.180055835700067196e-01
1.196879467335207753e-01
1.196704285412980295e-01
1.174221095488629102e-01
1.158665481522985347e-01
1.146521488472741351e-01
1.136393124123112053e-01
1.133654799722863399e-01
1.125123458451610242e-01
1.117322934810501267e-01
1.215455681933558102e-01
1.131862410395035878e-01
1.123978400203310551e-01
1.109882051182783103e-01
1.100065862593477134e-01
1.092172516460521714e-01
1.085437111809260807e-01
1.082474454422368143e-01
1.096250103197094899e-01
1.096070754824399057e-01
1.189312933497106706e-01
1.132953636618696525e-01
1.109594527529834673e-01
1.167635513770881317e-01
1.116477589000745285e-01
1.098597691486162126e-01
1.099555903525014644e-01
1.088729620252492925e-01
1.091431613165889936e-01
1.081656496217430624e-01
1.104266163304742643e-01
1.095305938705871951e-01
1.098036404392365023e-01
1.096861081381173275e-01
1.163616980327884659e-01
1.113125746555750084e-01
1.152369111033279964e-01
1.117012435638906342e-01
1.099377885720226461e-01
1.095778923989069731e-01
1.103148294679564267e-01
1.113883600607712965e-01
1.094856962985404220e-01
1.091699155054489806e-01
1.100873160376852206e-01
1.086264723259442594e-01
1.076828490111944592e-01
1.069830871070816536e-01
1.117351038037613375e-01
1.176823250337619559e-01
1.230526359062317360e-01
1.434773063205287413e-01
1.238217089298383755e-01
1.227194080434078904e-01
1.182253485950669342e-01
1.156303462761525819e-01
1.191012289155611303e-01
5.306623847510788528e-01
2.899873323189376961e-01
2.498512417593844737e-01
2.023697857644086162e-01
1.730301271965892784e-01
2.138148592290299577e-01
1.965983555966638319e-01
1.705971831218750512e-01
1.637380140214500235e-01
1.507017708994358440e-01
1.482695918738710650e-01
1.636323025657061558e-01
1.471306628221294432e-01
1.412492651664284393e-01
1.525409109816505127e-01
1.445428690532734872e-01
1.401884972693819009e-01
1.386135689161147877e-01
1.359452993986808578e-01
1.336972765863790880e-01
1.317263839458131525e-01
1.299429038472772746e-01
1.289668747705552954e-01
1.274207157715651351e-01
1.259790320554675380e-01
1.246279757932179100e-01
1.240956821171339819e-01
1.228079453549474342e-01
1.216077420278814381e-01
1.204641351501205548e-01
1.193943100577182642e-01
1.217798639366588914e-01
1.191232990938001918e-01
1.185884783204976950e-01
1.172267081712081715e-01
1.244104363109559963e-01
1.220769439482470436e-01
1.188908704991227805e-01
1.181887921654821982e-01
1.164392753342864545e-01
1.159229871248418503e-01
1.171073843075365328e-01
1.150388198667965101e-01
1.140747765051877000e-01
1.143825036644200432e-01
1.130571056332491664e-01
1.120970829996087020e-01
1.113083685315060384e-01
1.106297286024801596e-01
1.109412753845925581e-01
1.121188709357010121e-01
1.126580043398032055e-01
1.128868116349661666e-01
1.116811719260998176e-01
1.108946502835795878e-01
1.137357272270883429e-01
1.148696111875140979e-01
1.133330551011408477e-01
1.123578438455765660e-01
1.140660939606738117e-01
1.125507259107653563e-01
1.125453977887300450e-01
1.209413454498018403e-01
1.176310500990948582e-01
1.164347870444530642e-01
1.155648772578505845e-01
1.138644464466457007e-01
1.136806578257810590e-01
1.124929696335559004e-01
1.115791639246548894e-01
1.115520887032512981e-01
1.113528824118909660e-01
1.213080566581860725e-01
1.177550256957791142e-01
1.184943925339407983e-01
1.164606243268776486e-01
1.150323508347527723e-01
1.139334227578944619e-01
1.369511500716918684e-01
1.213120049748687423e-01
1.181526213222051230e-01
1.157001193703239006e-01
1.141151338711859364e-01
1.129576236938954481e-01
1.217905223541029675e-01
1.161898641799546800e-01
1.142028644669164650e-01
1.253788647699030645e-01
1.207313358950835580e-01
1.171082670545192106e-01
1.165217850625669405e-01
1.149939043922468679e-01
1.238226009699565089e-01
1.569521042682186229e-01
1.315250673210337506e-01
1.449201061766335341e-01
1.370025951313895429e-01
1.319110230770516867e-01
1.294624371950842123e-01
1.257391894854117675e-01
1.229505965735565171e-01
1.206446989334390152e-01
1.190782488409499462e-01
1.188946919518916873e-01
1.178583120886372987e-01
1.180399782195733632e-01
1.155273134238467420e-01
1.138790589894643768e-01
1.155544700491857452e-01
1.139180826075313485e-01
1.122668130551497806e-01
1.121124438779772664e-01
1.108563792085489330e-01
1.107522087943852290e-01
1.097024253735414262e-01
1.088888848108105628e-01
1.082102370948438003e-01
1.097198949774363941e-01
1.184034394241988003e-01
1.227878113967252049e-01
1.157353358886850231e-01
1.138131723085920588e-01
1.117562234850512232e-01
1.148320699099778519e-01
1.114848923846877699e-01
1.100126631931572507e-01
1.090123479922641414e-01
1.082355527108565807e-01
1.118226965530053491e-01
1.149855110737338093e-01
1.130375333238327895e-01
1.188115134096696668e-01
1.149641986493360885e-01
1.157243081169679749e-01
1.131851192493962405e-01
1.268027764523061429e-01
1.188830108614219033e-01
1.154601551153403849e-01
1.147899924977721919e-01
1.143550651695745407e-01
1.209358388076518520e-01
1.156264722592405952e-01
1.133336404894105254e-01
1.320473324732215070e-01
1.266077671712209640e-01
1.206476801813935879e-01
1.174664413608300234e-01
1.153172168659161861e-01
1.175081835408715025e-01
1.161319414861770316e-01
1.336128266714667889e-01
1.222634300170792471e-01
1.305452105829930376e-01
1.234810083581002055e-01
1.263412989059069513e-01
1.219950973712783243e-01
1.190129664233795376e-01
1.268774024276848045e-01
1.200971689253866187e-01
1.210075666278345730e-01
1.188816861222804916e-01
1.181373627961393585e-01
1.176590920841173865e-01
1.157397133435737607e-01
1.142188972499216942e-01
1.129271357952354865e-01
1.117959551036926125e-01
1.118172793135426279e-01
1.136226368085688360e-01
1.259627513353234751e-01
1.193492037801936745e-01
1.166633150410459480e-01
1.143950821371891302e-01
1.135357380239762071e-01
1.141216044301523874e-01
1.121819944424023996e-01
1.109540241939644262e-01
1.103106811791740582e-01
1.090292250754382047e-01
1.105825787557106477e-01
1.104354370269178959e-01
1.107683152158240314e-01
1.093615882210049739e-01
1.084758682612700087e-01
1.078171477501079500e-01
1.072715581874267021e-01
1.068070877196321267e-01
1.063878550006584489e-01
1.060117236514330763e-01
1.056639892217890453e-01
1.095570534123299772e-01
1.086008967123753138e-01
1.083176053229412128e-01
1.072238109824674296e-01
1.065106072811671384e-01
1.095393989616295916e-01
1.140282041406084218e-01
1.099644197767360582e-01
1.083233474167990817e-01
1.073355418562316338e-01
1.066257620418570168e-01
1.060750802535556231e-01
1.056117332562329092e-01
1.054532460974117736e-01
1.050644327642160925e-01
1.047186884621614661e-01
1.043981996600534534e-01
1.059135974250710460e-01
1.053064228573017125e-01
1.048128319875611947e-01
1.071064027953427672e-01
1.062257152723729281e-01
1.054692136608216535e-01
2.557189211470799473e-01
1.334413151786416341e-01
1.306533045438623697e-01
1.241697288691133022e-01
1.195059375839248733e-01
1.195286570123341857e-01
1.167679653178523708e-01
1.229487631996908636e-01
1.202284873590255126e-01
1.172955101448471954e-01
1.269406263684717262e-01
1.191927515479055955e-01
1.159858738607666695e-01
1.140317946023809703e-01
1.126362530675469320e-01
1.115381671013425946e-01
1.106313854876764952e-01
1.098573586457656237e-01
1.091652194970175738e-01
1.085489909950696080e-01
1.081587943029263393e-01
1.076403754442261662e-01
1.152080566332109729e-01
1.188855139946530387e-01
1.283097998286291119e-01
1.192334714115413086e-01
1.227876225324083942e-01
1.213483772639391833e-01
1.193658564053774046e-01
1.175464961993300250e-01
1.149322793217241595e-01
1.136542416251707793e-01
1.226364385315042160e-01
1.175166702703808741e-01
1.168929952950857054e-01
1.179260642375213608e-01
1.166024794835481132e-01
1.133384075445469236e-01
1.281807258247839032e-01
1.204280605071343796e-01
1.193536830823662964e-01
1.133658733512487721e-01
1.141033681977965120e-01
1.175425748953403543e-01
1.144221090925904294e-01
1.174494567162479575e-01
1.316718217519126655e-01
1.240468150059652885e-01
1.179340708634490087e-01
1.149247969656158885e-01
1.129366861817174550e-01
1.115420141114234487e-01
1.104715583985269450e-01
1.100370576990360588e-01
1.092240298135956911e-01
1.094561343454167612e-01
1.085909213480943242e-01
1.079151697995714421e-01
1.073480370565460529e-01
1.089032975523288455e-01
1.082910269785763852e-01
1.077480768437259900e-01
1.072346339854287484e-01
1.069444138522403220e-01
1.064755249026191342e-01
1.060323816943311154e-01
1.062181391661935759e-01
1.057486714163629743e-01
1.053151819663454558e-01
1.049076198176656649e-01
1.045348271145161434e-01
1.543788063477548600e-01
1.166025206416226728e-01
1.130598805935033313e-01
1.116168639110320104e-01
1.191837068199176064e-01
1.172316725317719827e-01
9.243233516250576320e-01
4.728216453344455394e-01
3.382122297407609834e-01
2.769141086354593995e-01
2.460646375851785195e-01
2.230925302895677143e-01
2.228540696900650764e-01
2.042590567262003720e-01
1.993408608895470835e-01
2.247048118642040182e-01
1.953110842007421966e-01
2.062484807002127052e-01
1.853376506545212909e-01
1.731880489157686109e-01
1.647934221847418557e-01
1.585254223271063689e-01
1.537929397416566701e-01
1.492946170536190442e-01
1.471317997898799468e-01
2.524679070593650598e-01
2.251149404673499221e-01
1.706931113681093015e-01
1.556692979177655145e-01
1.495847576784403721e-01
1.460306275183539948e-01
1.424065505892470884e-01
1.382149751116587277e-01
1.361546615582226727e-01
1.325221767370088066e-01
1.361256967048043998e-01
1.305715613085599025e-01
1.282539982390936972e-01
1.269619525405857319e-01
1.273328685564024121e-01
1.250193919177979285e-01
1.234465293801526031e-01
1.221653433966902319e-01
1.210498347891845600e-01
1.200554985472101904e-01
1.229163213358424600e-01
1.223384852200976036e-01
1.311311135827982477e-01
1.257872421525820794e-01
1.230928804834747203e-01
1.220331748692776164e-01
1.205245992308858621e-01
1.196136133972452165e-01
1.264039169586577138e-01
1.219182819221632935e-01
1.197488456793418810e-01
1.182994035035769692e-01
1.171751330151199755e-01
1.162413712970737922e-01
1.191911238499697573e-01
1.176680545095480646e-01
1.163253719162907485e-01
1.151603733983566497e-01
1.231886487635366068e-01
1.180493213277988979e-01
1.164134601010835823e-01
1.191749527446370471e-01
1.165406244356783361e-01
1.151167673936804581e-01
1.147767443501291201e-01
1.138295074431048964e-01
1.130538924306360715e-01
1.123834641898396047e-01
1.117892244777099892e-01
1.112491048397302035e-01
1.107506114579621115e-01
1.108705629963869649e-01
1.103711521026956577e-01
1.099159960849013379e-01
1.094888024342791505e-01
1.104469168637288445e-01
1.097873770645580310e-01
1.101800799733227837e-01
1.094292368082480232e-01
1.094888039634110688e-01
1.088627445321660309e-01
1.083530542012512421e-01
1.084309104376633692e-01
1.123773636970267914e-01
1.102902577797999911e-01
1.217067439477756835e-01
1.248774945161644223e-01
1.178390715316366549e-01
1.159854004663740390e-01
1.137047611898522742e-01
1.121747917142871809e-01
1.110492302420603428e-01
1.101727512636224010e-01
1.094519795553875741e-01
1.092375670822859773e-01
1.133672128999522050e-01
1.125823454452973688e-01
1.159151000110956176e-01
1.127030087090939020e-01
1.109580271256093847e-01
1.104771992688393240e-01
1.119268487093888348e-01
1.100364827240366411e-01
1.090102557628339075e-01
1.082815128191551013e-01
1.077041650103640058e-01
1.072206157290539752e-01
1.067975208461868913e-01
1.843964594967584525e-01
1.154861511039037003e-01
1.121291923638186999e-01
1.138938096294881963e-01
1.121187456762860191e-01
1.112115807008147855e-01
1.107783304144674130e-01
1.104778098229760308e-01
1.107397375730931194e-01
1.092233069064063034e-01
1.632109339996854480e-01
1.301949388861242951e-01
1.274636102169637297e-01
1.337367936101399590e-01
1.328882269838545238e-01
1.249316947394858990e-01
1.211337721352708507e-01
1.191563377705161381e-01
1.168138475476951238e-01
1.140085456357409210e-01
1.237045750193797727e-01
1.144297936306432895e-01
1.243419808071562077e-01
1.166300870411897950e-01
1.129228033724606478e-01
1.215075430114026245e-01
1.143276248757945923e-01
1.115781348529885225e-01
1.101427392576059816e-01
1.116326459771850160e-01
1.098370414069514966e-01
1.089918569096901546e-01
1.082538590817135465e-01
1.116890561182087016e-01
1.112568396658284581e-01
1.093775232125757252e-01
1.093474229485530275e-01
1.082983358052555106e-01
1.075638120674479864e-01
1.069923178841286765e-01
1.065157018628774821e-01
1.101982491304051015e-01
1.081188839659526363e-01
1.079307471258737078e-01
1.098826865107622869e-01
1.107617952612515305e-01
1.104422134128050098e-01
1.093738138214077893e-01
1.086092810980149592e-01
1.079938222381854468e-01
1.074644147047558035e-01
1.135717972997508651e-01
1.099167475483957823e-01
1.224437969066629328e-01
1.141045307494724381e-01
1.371351766619148260e-01
1.297322445549655423e-01
1.383252780137900206e-01
1.294155806781639717e-01
1.302399266044484138e-01
4.319250951358176716e-01
2.540254244023851804e-01
2.338876502550257808e-01
1.972820695186061901e-01
1.746544436857250526e-01
1.872552358034607345e-01
1.670304161804234966e-01
1.580230114419438614e-01
1.542333008838521202e-01
1.476387052779486453e-01
1.440950100812320722e-01
1.418904577894115338e-01
1.373920147414048887e-01
1.338503842382531561e-01
1.319575260191085952e-01
1.392385744513988943e-01
1.393397256800507633e-01
1.309633701403048744e-01
1.288759475344801453e-01
1.266183757443314351e-01
1.237294110055619512e-01
1.358541992831237832e-01
1.329346956742993857e-01
1.260469615395013177e-01
1.240627881130108440e-01
1.215463002702237560e-01
1.212371203903763878e-01
1.195000205818363692e-01
1.180879393463845628e-01
1.176973107479348940e-01
1.164953694068650986e-01
1.185831734814966620e-01
1.172837215106261322e-01
1.340681005545432125e-01
1.389075356970435882e-01
1.294783529906829711e-01
1.243275033667513713e-01
1.210842704970390843e-01
1.478129165503969389e-01
1.329410097450907935e-01
1.271726963570664892e-01
1.284254629236619705e-01
1.382581349992034747e-01
1.348377273653301456e-01
1.284196562775752892e-01
1.251031779360839702e-01
1.241950405502855737e-01
1.230675463108567569e-01
1.212235105966607829e-01
1.254680847794692744e-01
1.373955694782539871e-01
1.630222330752381932e-01
1.437530017019036099e-01
1.386237345598480830e-01
1.366801744450744371e-01
1.302523863499764067e-01
1.265255230532973674e-01
1.228922479641171850e-01
1.268835354413138938e-01
1.248723443795540788e-01
1.208813657316261669e-01
1.183986144655376771e-01
1.200189790148354779e-01
1.169653011765168921e-01
1.153339840784588372e-01
1.140956396139204271e-01
1.140401249413631607e-01
1.286089104896274149e-01
1.185768611995460936e-01
1.171686127670218264e-01
1.153230665130092758e-01
1.153317678415187730e-01
1.328060715974058170e-01
7.502651574408347734e-01
5.091370640493225741e-01
4.821849767216280780e-01
4.149172023957943267e-01
3.345014598272317841e-01
3.173074309688595496e-01
2.868351368735606588e-01
2.784372245102000876e-01
2.824791362204776557e-01
2.539891427178441186e-01
2.652206663906233608e-01
2.302726525984033212e-01
2.287695461843133882e-01
2.028820797246006502e-01
1.856031507464041830e-01
2.025124979559254634e-01
1.894542455251581048e-01
2.128409441429982007e-01
1.853444224365134174e-01
1.658124094598604215e-01
1.653260042280082498e-01
1.562065592090173816e-01
1.499502305054545848e-01
1.449972978533486390e-01
1.473737435369411597e-01
1.404468639346077852e-01
1.367552943365294427e-01
1.338313617093098429e-01
1.318825980782490637e-01
1.802899094695433191e-01
1.504047448292780143e-01
1.577999042277593023e-01
1.498242316442500721e-01
1.437676342903546622e-01
1.388165204702275224e-01
1.811887232290679273e-01
1.608513841169482705e-01
1.532626054925979864e-01
1.469776229381510313e-01
1.679630837550860623e-01
1.620580772413612869e-01
1.597447084970724240e-01
1.522546735103873783e-01
1.471969017553414749e-01
1.665585637889401005e-01
1.545763011932899944e-01
1.476698403908923984e-01
1.429838619273225420e-01
1.453459052353214265e-01
1.589982377028406890e-01
1.456579815563720237e-01
1.399197277156828678e-01
1.361343659420089780e-01
1.332314075343286885e-01
1.336939147409920703e-01
1.375844360130110966e-01
1.388386077176107514e-01
1.397999040220126998e-01
1.330352450929863095e-01
1.304666478361127258e-01
1.910933219162395669e-01
2.322968255823329442e-01
2.047113866219654188e-01
1.818275438165490032e-01
1.734754361251087951e-01
1.571197995203706121e-01
1.508196117873100706e-01
1.430443626187697659e-01
1.373888161830288113e-01
1.685948353014396217e-01
1.627760143090142275e-01
1.540302237695276300e-01
1.522143741883107138e-01
1.510659897517077077e-01
1.448567962054406744e-01
1.429322206679115581e-01
1.727769034333181686e-01
1.459889241980335817e-01
1.961990083742344293e-01
1.690720370217328739e-01
1.580962477610552419e-01
1.553467627567944598e-01
1.487332209296300112e-01
1.501614994811850401e-01
6.182095833890139946e-01
2.799564909530331547e-01
2.239043959857122956e-01
2.088851006746202110e-01
1.861924249749549731e-01
1.742273683878538260e-01
1.660505494520009562e-01
1.623189764028531157e-01
1.571285368909444702e-01
1.527285751499219968e-01
1.498794771453423602e-01
1.480020806924870758e-01
1.474791306302341565e-01
1.447456968559146517e-01
1.408963759401520022e-01
1.378008885823978347e-01
1.350728610103406335e-01
1.666971468344280449e-01
1.477741900571064859e-01
1.464373588083373312e-01
1.386572935074504576e-01
1.341724220004777424e-01
1.308774642595863236e-01
1.307847527713391633e-01
1.329653615350558926e-01
1.311915275272519388e-01
1.308190169375268719e-01
1.341691515020298209e-01
1.294043038315079164e-01
1.394380073109752205e-01
1.415964778359959375e-01
1.368655356823850477e-01
1.325701852005972681e-01
1.292770080391503762e-01
1.413650558416375269e-01
1.406236858987109928e-01
1.353065463742625096e-01
1.303861875522759617e-01
1.274855026219041954e-01
1.253487140119347587e-01
1.229606372615647952e-01
1.306202694461882363e-01
1.244575716040926677e-01
1.214011867275215095e-01
1.192268565755113391e-01
1.179066785901089209e-01
1.163902931045695671e-01
1.150905797868526370e-01
1.145766792588992361e-01
1.134224704269836820e-01
1.124173415257145037e-01
1.115198265716405013e-01
1.107082758035816406e-01
1.108815982565934943e-01
1.100652329317732270e-01
1.100906272865122548e-01
1.091839419490808760e-01
1.098304801209867704e-01
1.307084664124737450e-01
1.168252409674878506e-01
1.128275132373820072e-01
1.121962537118854908e-01
1.105119675231169551e-01
1.093117390242395875e-01
1.158857173069467450e-01
1.117391926193887219e-01
1.115147543969731286e-01
1.098330207232127154e-01
1.086686706830715526e-01
1.077838965443238678e-01
1.512138580928127085e-01
1.201943090887755972e-01
1.143838864296500835e-01
1.116881500771289143e-01
1.100491667935871304e-01
1.114988120352226331e-01
1.103619211044965381e-01
1.094683711417460820e-01
1.094151949986312544e-01
1.086482612144915733e-01
1.080164775858251380e-01
1.102747237320885476e-01
1.085167428592892225e-01
1.076368082557778161e-01
1.070183595975537777e-01
1.065160938488607795e-01
1.060906853574201947e-01
1.060642567725120083e-01
1.056755186857769035e-01
1.056188603114457114e-01
1.085346295065607869e-01
1.080687386847216519e-01
1.089043004563292338e-01
1.072873268739603231e-01
1.063487886104469288e-01
1.220078894524789792e-01
1.117872061172772158e-01
1.091561977124850397e-01
1.465638626817912793e-01
1.267572149611851939e-01
1.199584766538210751e-01
1.153614524181663381e-01
1.120142332614843805e-01
1.096776521252479236e-01
1.081354214206837611e-01
1.071263542068020547e-01
1.077421522814342031e-01
1.069653354206977353e-01
1.072694275031799427e-01
1.079799545345474232e-01
1.069071742106087325e-01
1.072511054048893436e-01
1.064579371593266793e-01
1.212619105376269851e-01
1.318817454341819906e-01
1.214959529499803070e-01
1.163797560034369738e-01
1.135553073639462979e-01
1.126618015256297123e-01
1.193924611887825366e-01
1.200208888876254931e-01
1.149791561289658509e-01
1.141456145333251265e-01
1.152516175285085570e-01
1.129816397306043357e-01
1.169341593453270961e-01
1.136396221048239230e-01
1.133270909972533130e-01
1.143417216053553703e-01
1.121559197418537795e-01
1.191383249590250992e-01
1.154014839887207572e-01
1.129664065087906261e-01
1.111699841830889046e-01
1.103449081673073262e-01
1.092937288748929564e-01
1.102103021475273892e-01
1.102312226821135638e-01
1.093790938690697018e-01
1.129706082313334387e-01
1.117685016582174312e-01
1.109029924204467665e-01
1.102021465294177188e-01
1.095975213874108983e-01
1.090530346963364677e-01
1.085452648837581524e-01
1.080693492769243258e-01
1.076132842743215134e-01
1.071778294702510903e-01
1.067603204560640395e-01
1.063590809713131913e-01
1.059710688459128414e-01
1.062108736908329160e-01
1.076743487460023879e-01
1.066883046036720267e-01
1.075830756395084464e-01
1.067140254663374727e-01
1.060923826182644386e-01
1.055890933442732577e-01
1.051568208737679866e-01
1.061102844867151257e-01
1.056351725321219431e-01
1.052202384897670956e-01
1.061234146991533456e-01
1.054638629741885963e-01
1.054641121058738085e-01
1.049470009135351350e-01
1.045162240144817262e-01
1.041461938637970180e-01
1.707788591380750842e-01
1.373521764363931641e-01
1.299753599873296195e-01
1.257726810706218668e-01
1.176699367808047292e-01
1.277964118160059004e-01
1.335078992692335376e-01
1.260297654281911095e-01
1.213699981470034717e-01
1.251129240920475505e-01
1.212971213028247452e-01
1.625203365215129592e-01
1.421659969500916887e-01
1.415963046537092318e-01
1.334517279154480707e-01
1.289522385169127316e-01
1.304727166579440489e-01
1.353871395214624462e-01
1.290303323563632698e-01
1.263659573234421629e-01
1.236312314109360017e-01
1.214400624925067868e-01
1.195468526959820310e-01
1.179852547884148728e-01
1.208732192330181504e-01
1.181549979106856912e-01
1.172774407336261149e-01
1.185292930456189331e-01
1.228185088018124843e-01
1.294868579908307060e-01
1.273731763176702558e-01
1.250672858894035511e-01
1.302624137426383888e-01
1.311501880287231636e-01
1.259471113086958471e-01
1.219153650546064283e-01
1.197061376747731165e-01
1.189521687620686968e-01
1.210627647047639588e-01
1.190259829819125259e-01
1.171154107420614987e-01
1.155775221470089625e-01
1.142610641914504621e-01
1.130928440908180038e-01
1.182522289743167671e-01
1.143609976814412982e-01
1.281986574493108322e-01
1.173436235954798262e-01
1.147337275351655306e-01
1.150482418932761430e-01
1.204010147156756999e-01
1.175747407286134305e-01
1.171744047609861589e-01
1.147273273280334099e-01
1.380417191646687025e-01
1.247952987669388170e-01
1.210200266455156576e-01
1.171843748200948193e-01
1.194061576409430059e-01
1.157272814200363542e-01
1.660825773671207872e-01
1.373446138103820990e-01
1.314924275881001747e-01
1.255647933536871430e-01
1.255402155654720686e-01
1.221887113272403513e-01
1.216459580937940405e-01
1.191665206808923960e-01
1.196343037224254224e-01
1.176353837535953628e-01
1.188385295751594323e-01
1.170892400217477258e-01
1.268247291924677889e-01
1.441613528884796158e-01
1.378381728112302029e-01
1.377855247422459239e-01
1.312581811700580803e-01
1.336163049732091435e-01
1.295262769325098429e-01
1.297315461818951965e-01
1.347403022308646947e-01
1.280988355870177342e-01
1.240970038106193468e-01
1.232140022497436732e-01
1.201536604551305815e-01
1.175005630005915569e-01
1.151862844988915530e-01
1.131765156440575348e-01
1.100483318885255440e-01
1.098930015407119792e-01
1.119184279117483999e-01
1.113447433886082666e-01
1.108827137295969045e-01
1.098009622721623918e-01
1.108704696972753062e-01
1.148987643707401474e-01
1.121982877653431854e-01
1.183347194694088778e-01
1.153325091284349846e-01
1.127283593354121705e-01
1.186788125063428789e-01
1.170376032860149518e-01
1.122542307716160731e-01
1.112166728506052693e-01
1.166009717709599047e-01
1.394577113827427384e-01
1.213228004641421776e-01
1.170172678652420667e-01
1.136047976794436198e-01
1.208147515021794766e-01
1.257484843926056639e-01
1.314198769620494311e-01
1.256841317170024341e-01
1.178271566038813362e-01
1.143659344802041289e-01
1.121737184737627707e-01
1.105778214064723763e-01
1.093325228934650256e-01
1.083033751646420018e-01
1.074190339874540601e-01
1.115218536006128136e-01
1.081216567839925202e-01
1.067148215173025078e-01
1.057725257473549896e-01
1.050319298459498479e-01
1.090335974752341258e-01
1.336082362705802162e-01
1.228077085054871537e-01
1.189968841938069399e-01
1.156500118428834545e-01
1.134746233580696401e-01
1.121186596437541011e-01
1.108413932759158699e-01
1.097881821001332053e-01
1.115036652576169018e-01
1.098639691390851658e-01
1.088082220009097267e-01
1.079604133145461026e-01
1.072171599808519199e-01
1.069603536785574543e-01
1.111522946658162203e-01
1.081611927982827903e-01
1.075328642350322078e-01
1.093799302380389499e-01
1.172095034041235467e-01
1.131220743804682849e-01
1.108713555549776658e-01
1.124977875752288109e-01
1.111190467442440544e-01
1.092718986975307616e-01
1.080353463594927593e-01
1.070848870935998676e-01
1.098651319460542258e-01
1.066888828454836263e-01
1.055362991747647722e-01
1.056520539723189295e-01
1.192726132261372612e-01
1.141882459392880023e-01
1.122401474332903326e-01
1.088356527851094685e-01
1.089140162520283173e-01
2.305944342266579017e-01
1.761911515449345600e-01
1.702694985507721970e-01
1.536222697564025574e-01
1.812864517169425760e-01
2.274419113952418081e-01
1.986570875791523749e-01
1.678123708882350851e-01
1.525440731948565221e-01
1.428927134598318160e-01
1.744941009665620379e-01
1.529325312137710668e-01
1.414083223448899529e-01
1.348389493933541405e-01
1.556005312307238708e-01
1.396541010694306584e-01
1.380856520486404282e-01
1.349886460645709496e-01
1.282827989399427104e-01
1.242751742616473171e-01
1.213419282842002900e-01
1.241950618838010140e-01
1.218417876252962107e-01
1.190165969338520119e-01
1.166612400472638311e-01
1.149119236491318446e-01
1.145534684214409987e-01
1.159158257795967345e-01
1.136739211175223224e-01
1.121595902724458471e-01
1.116078989026218771e-01
1.116452040953930247e-01
1.103044884783920543e-01
1.223686037797953180e-01
1.194601890688782309e-01
1.170023341686003138e-01
1.147865698248633770e-01
1.127754212382317128e-01
1.109663063328880095e-01
1.093805016591657270e-01
1.145560671770444044e-01
1.094647373837170923e-01
1.083607052343169980e-01
1.069523167067307767e-01
1.059527841556643091e-01
1.051838653832301573e-01
1.052932525238021444e-01
1.046343751393419702e-01
1.040878520150191749e-01
1.036098094244073814e-01
1.039457329157528892e-01
1.092534344104409555e-01
1.079245618498505255e-01
1.191572537708609492e-01
2.859591529839344282e-01
1.482163619720328895e-01
1.281589998033251798e-01
1.208201652748004257e-01
1.400827463308697562e-01
1.252218658196151413e-01
1.206582377970800007e-01
1.234622324585879782e-01
1.589250873159483712e-01
1.432613914312977632e-01
1.351723711229425029e-01
1.339101107216052744e-01
1.300421799664805145e-01
1.271673829055160188e-01
1.253878222539792364e-01
1.233398402410627454e-01
1.224162453352295732e-01
1.206469749158367161e-01
1.191430418269407709e-01
1.177991387692609998e-01
1.165810402306355631e-01
1.154634619862237171e-01
1.144284251253396278e-01
1.134663978960627484e-01
1.125672309927459175e-01
1.169771998624501153e-01
1.141592461965585115e-01
1.162026017569986747e-01
1.140703979412819036e-01
1.125251092019486504e-01
1.112843647473714809e-01
1.110138660723398452e-01
1.110352115871795775e-01
1.107178458232374874e-01
1.247538452883011906e-01
1.205721986033753967e-01
1.202995562954218278e-01
1.260515871825088063e-01
1.230750748222477625e-01
1.180198142909781173e-01
1.145489117725605188e-01
1.125329908218268976e-01
1.105740696181711641e-01
1.100788376560607462e-01
1.097694923684107149e-01
1.107617267368050384e-01
1.090345433648117618e-01
1.079192493251211887e-01
1.070717349192055745e-01
1.113608776179875748e-01
1.178752114143527263e-01
1.128308694647553040e-01
1.140137927251046179e-01
1.115277208991295177e-01
1.100976790332968552e-01
1.095137992576500074e-01
1.106369652784119501e-01
1.103435963129664882e-01
1.089576647430535172e-01
1.090521023740737283e-01
1.080697173967205410e-01
1.072756207543798385e-01
1.073352152308220259e-01
1.091809944914600566e-01
1.074684774927857078e-01
1.119059321854210531e-01
1.100423167154116894e-01
1.077383702028471696e-01
1.096122954990565029e-01
1.074076220449182439e-01
1.062345238480569137e-01
1.054139442320984055e-01
1.047633038140057260e-01
1.045836742737671909e-01
1.051836983041174178e-01
1.043120478861740419e-01
1.037079691049233726e-01
1.032226575164928994e-01
1.028072596163907698e-01
1.046827068608252170e-01
1.033999666883093638e-01
1.027429490024263786e-01
1.034837291243281693e-01
1.027826880083547306e-01
1.022555263270127635e-01
1.044817973302861885e-01
1.038796568013561905e-01
1.042428466517714425e-01
1.062668641917744600e-01
1.047573958505746416e-01
1.088224361156356623e-01
1.127301830613090250e-01
1.092049914725523457e-01
1.076683948256981771e-01
1.066708287079831535e-01
1.059139188208151061e-01
1.052877741484695012e-01
1.047416190332142033e-01
1.081907023900020720e-01
1.060090796788117906e-01
1.049628717692191321e-01
1.739299305627342307e-01
1.171297440773390180e-01
1.115608241417247321e-01
1.084961538043499457e-01
1.081186594854229438e-01
1.072170274575183074e-01
1.178154581835067910e-01
1.110443799979234647e-01
1.095632543941209153e-01
1.077718618652615118e-01
1.077134750230017007e-01
1.064909957701046517e-01
1.055913326459198137e-01
1.048785062780234201e-01
1.924509554663159372e-01
1.553269214122434405e-01
1.296065601340444240e-01
1.212398607406971335e-01
1.172550320709479788e-01
1.192479025232187628e-01
1.146112534593330679e-01
1.148081180978358512e-01
1.118609332774914422e-01
1.107835466553823006e-01
1.094601376051100722e-01
1.115626875130928813e-01
1.205425151944037043e-01
1.165566437552218448e-01
1.143799014760890215e-01
1.127514982049553777e-01
1.113624161459763062e-01
1.101024876224417914e-01
1.089452727441264507e-01
1.078685758216232221e-01
1.068746233208368451e-01
1.061307659096947104e-01
1.052895522383325150e-01
1.045347208885824414e-01
1.038573774377986869e-01
1.032625598078721479e-01
1.027372009133004777e-01
1.984399295860158341e-01
1.193055284778622854e-01
1.120140668301960185e-01
1.089541794090547605e-01
1.120931809929606587e-01
1.111253821961920712e-01
1.091713236140560150e-01
1.078442543147316163e-01
1.068413116753026554e-01
1.060296193041170426e-01
1.084981124035105521e-01
1.247302603420335498e-01
2.040863811266060701e-01
1.521995647713571265e-01
1.475604884373506176e-01
1.257702396064201700e-01
1.267777375107232152e-01
1.185912995173080547e-01
1.147357325646482379e-01
1.123612958553781849e-01
1.106427668235377831e-01
1.097606150199580827e-01
1.086149819803248484e-01
1.102096462249171488e-01
1.295294097724526139e-01
1.167976963426137493e-01
1.144741700300497544e-01
1.114162869119452448e-01
2.237267614414116812e-01
1.711247243762107628e-01
1.456938662540861740e-01
1.279252352321270936e-01
1.197306767310929720e-01
1.169753989166248259e-01
1.616763013010009964e-01
1.360596614782792202e-01
1.287522643657790788e-01
1.452237325292715653e-01
1.298794113294731434e-01
1.434916023554032027e-01
1.425785381424348741e-01
1.255359832273909571e-01
1.256724150225663750e-01
1.197412458553823306e-01
1.183923350853041678e-01
1.247289248709785997e-01
1.173500957605137368e-01
1.150846807477876460e-01
1.135869666361841446e-01
1.124238448705098398e-01
1.114480382217494792e-01
1.105984585108331503e-01
1.098430941101176950e-01
1.091616666770099803e-01
1.090081449428324245e-01
1.105928619494185444e-01
1.091268383129483238e-01
1.089241188914298053e-01
1.256568842802128494e-01
1.176548102849281213e-01
1.134987118928216382e-01
1.111881422999517061e-01
1.096477095813022246e-01
1.085164162848038516e-01
1.076039123649825957e-01
1.077517120442887388e-01
1.068733662790821437e-01
1.068770524253008364e-01
1.079798161675688539e-01
1.065072111368976088e-01
1.048225952431890429e-01
1.059403470728808028e-01
1.060938357444624058e-01
1.119121890271558700e-01
1.076860295899124687e-01
1.119174849258092186e-01
1.085699099793121097e-01
1.072217378988903069e-01
1.063096588341813503e-01
1.061001841433811127e-01
1.305701437106359664e-01
1.308516574180282610e-01
1.242136061825508814e-01
1.185867869414511527e-01
1.148641599901514543e-01
1.222615624391836658e-01
1.145947714833955716e-01
1.117050798112003279e-01
1.142816554427343589e-01
1.111908140967618058e-01
1.094945879578562153e-01
1.082898494467634670e-01
1.073381732367824776e-01
1.075072248695900234e-01
1.066614885895719594e-01
1.059421858700164282e-01
1.085576720126297384e-01
1.061294963342774567e-01
1.051804277109246871e-01
1.046894909362666021e-01
1.063245702663807302e-01
1.052579839394303385e-01
1.045250672887660104e-01
1.039521972675067352e-01
1.063653199889910833e-01
1.046811193572061288e-01
1.038485387956796929e-01
1.032807816352504099e-01
1.028197862428425202e-01
1.024272659442397870e-01
1.046081316372454439e-01
1.662509965459861294e-01
1.144173533687004862e-01
1.100715268480776110e-01
1.083668455997915531e-01
1.058568022158946215e-01
1.067260941916817335e-01
1.057077014133447485e-01
1.049308851780954982e-01
1.067463190731432754e-01
1.056520500961444370e-01
1.061944825236225409e-01
1.051857525994731035e-01
1.044281174969355908e-01
1.038150756708702827e-01
1.040493213849827681e-01
1.034831146130731072e-01
1.030062177100258963e-01
1.025815945609694912e-01
1.022012796649443556e-01
1.018575937090134831e-01
1.015398140948157446e-01
1.012425281304798752e-01
1.012169825314438859e-01
1.009276041191877055e-01
1.006517679561500650e-01
1.011205960253164504e-01
1.024241849654303066e-01
1.014789159558201342e-01
1.008977997288911937e-01
1.004654830973921026e-01
1.001104741405894061e-01
9.980450688068208398e-02
9.988614829071540413e-02
1.007907473908277868e-01
1.067667949308013231e-01
1.141488598112658931e-01
1.093321881558997066e-01
1.062216120582005763e-01
1.044187549275698429e-01
1.032123310730254373e-01
1.023299501331868117e-01
1.015633711665678285e-01
1.014937207902469329e-01
1.252892887877851136e-01
1.165563465631497542e-01
1.117578272516365351e-01
1.079916848013874192e-01
1.059046810387380688e-01
1.045272245777373876e-01
1.041919837461565412e-01
1.050969095062880554e-01
1.036460780334259313e-01
1.027681173640337120e-01
1.027023045634578163e-01
1.020428953743962031e-01
1.015188282267093234e-01
1.017289025648910050e-01
6.885534014976368855e-01
3.117323071990987238e-01
2.352062438891676377e-01
1.289945946360164797e+00
2.126764289111828798e-01
1.936491122939308085e-01
1.732490244634987409e-01
1.664647085165849305e-01
1.570121961965617319e-01
1.588517534202354697e-01
1.503089969096427503e-01
1.430526107011610981e-01
1.399174218697404048e-01
1.353353282937966306e-01
1.315503791673314216e-01
1.284651152032840193e-01
1.275427295380586745e-01
1.250907653076696324e-01
1.229044722523164185e-01
1.209402159319939718e-01
1.226565139358368611e-01
1.254083169081137983e-01
1.259115991189572736e-01
1.222588052476853704e-01
1.197177715617012694e-01
1.181464083444689617e-01
1.219620805838154687e-01
1.177994045671135609e-01
1.154843590409380810e-01
1.137980260577372699e-01
1.128864060278839399e-01
1.116505800123993725e-01
1.106009660371939929e-01
1.096906375921027910e-01
1.095674041303304896e-01
1.087939227371833711e-01
1.081213680571495722e-01
1.075028641885172054e-01
1.069419048433192243e-01
1.069276883516926541e-01
1.115689926619968519e-01
1.097236986031448897e-01
1.081166209473524015e-01
1.071581598426267073e-01
1.067291163211253474e-01
1.081250718050149051e-01
1.068549528952478928e-01
1.060595516757460166e-01
1.054518184196270580e-01
1.079120104059258650e-01
1.085651920424822447e-01
1.070440091145979239e-01
1.059366465743114966e-01
1.050750315552316100e-01
1.043694104856366794e-01
1.082668012875543095e-01
1.068995072461636359e-01
1.075500447148148714e-01
1.065997657867390064e-01
1.059507341270466835e-01
1.144870466809618514e-01
1.084861147229694150e-01
1.081893429862308270e-01
1.079305903437597081e-01
1.127513222817353306e-01
1.090618140592733432e-01
1.074210302577808251e-01
1.063933267922638481e-01
1.070856167891460209e-01
1.137644751654926512e-01
1.116478725500447272e-01
1.093711159822804979e-01
1.080222756930738909e-01
1.070681045643729068e-01
1.063334099562878443e-01
1.068110525486944823e-01
1.145111250590875318e-01
1.103742247218351819e-01
1.168143759138946525e-01
1.258522942496137220e-01
1.142481725660403208e-01
1.108521613514769494e-01
1.091159882566257455e-01
1.091610600776277418e-01
1.317595135392342076e-01
1.193861145263268309e-01
1.138916405063975096e-01
1.113238697529344706e-01
1.128437204235591546e-01
1.127254650952730225e-01
1.105533018626365382e-01
1.104827553977753146e-01
1.091793433118137674e-01
1.225767083298693327e-01
1.162501020638676830e-01
1.130355262392792187e-01
1.112833487223904572e-01
1.101108418622654961e-01
1.092225868425057284e-01
1.090600095408612996e-01
1.100082083398124105e-01
1.096701581862166985e-01
1.085588722823168095e-01
1.078011218424090173e-01
1.081112595761037493e-01
1.074182486127745334e-01
1.079019898835759939e-01
1.140931394036902302e-01
1.147610676883574904e-01
1.111033303339245271e-01
1.107334681137089605e-01
1.094423218965396849e-01
1.085436355830706051e-01
1.085539774985680300e-01
1.079128007855496701e-01
1.081809450097144798e-01
1.191815778735396819e-01
1.128995654583915126e-01
1.116418602914956426e-01
1.096054452287116288e-01
1.093464991321006219e-01
1.082392402078086457e-01
1.091479282926481470e-01
1.173246684960054104e-01
1.124066128951703575e-01
1.112340335487823906e-01
1.107369851074075234e-01
1.093718916061090646e-01
1.084249381225000503e-01
1.372298528741055512e-01
1.134528091038680964e-01
1.130616551981233203e-01
1.111946236908313151e-01
1.099761347063676620e-01
1.090677493179263297e-01
1.083342031471873496e-01
1.077073670993775739e-01
1.071484434368462219e-01
1.069291486517383316e-01
1.064367884293419136e-01
1.176358603097437672e-01
1.127205366913035384e-01
1.100482501616593528e-01
1.085166075466724861e-01
1.074605992304045604e-01
1.067361446854909329e-01
1.059011062854531282e-01
1.053357257948762116e-01
1.173705132740575779e-01
1.091876660918565389e-01
1.070013897162335886e-01
1.058339952633620407e-01
1.127935448622029713e-01
1.088816718649136817e-01
1.067142846462266204e-01
1.067033592889639199e-01
1.072501684266449345e-01
1.058199052048124228e-01
1.055938184880793329e-01
1.047616119107078470e-01
1.061643928304161072e-01
1.126601651390204684e-01
1.116954388750694416e-01
1.109946511928512208e-01
1.087114082810437116e-01
1.083047651869304406e-01
1.070500949547084635e-01
1.061274397964152155e-01
1.053980145695240511e-01
1.047837330649036558e-01
1.072673703758760672e-01
1.054973663919241966e-01
1.057147421724725367e-01
1.047520660932057951e-01
1.040483155811963850e-01
1.044661436909974372e-01
1.038392525808202183e-01
1.033242390097883351e-01
1.033827340633270836e-01
1.099708816485936297e-01
1.063624238466018834e-01
1.305122223098403866e-01
1.160325760201452866e-01
1.113215924327386891e-01
1.094321040160677744e-01
1.077170203107295082e-01
1.064891245826967425e-01
1.055575103992171526e-01
1.076701619621203004e-01
1.059565616589105141e-01
1.049906135428855664e-01
1.042692065694414277e-01
1.036843214711758443e-01
1.035532547029987954e-01
1.120206468917271797e-01
1.081872497422897705e-01
1.065599222495197673e-01
1.055161080705540877e-01
1.047274811268431721e-01
1.040712204962786214e-01
1.037675789337263177e-01
1.183376882881390507e-01
1.111825792543127828e-01
1.074738654446257824e-01
1.055585030949831304e-01
1.043077814151834731e-01
1.033835112398120842e-01
1.026476735957032455e-01
1.076416083103942239e-01
1.035160564702007902e-01
1.157133915883903907e-01
1.100548100445403743e-01
1.077997360723022824e-01
1.466112438819290598e-01
1.388414631698169366e-01
1.251128750818731317e-01
1.183812030843162666e-01
1.143226571627189575e-01
1.129339340679920284e-01
1.108463045327606755e-01
1.109396716549966438e-01
1.091295699327679419e-01
1.077995935515745629e-01
1.067462435678221272e-01
1.062710938682339262e-01
1.085313069916312295e-01
1.065233247755696805e-01
1.188871290744345360e-01
1.115477243147608433e-01
1.204116036173961402e-01
1.136535655586067978e-01
1.108918959057512421e-01
1.098899369431191458e-01
1.085369401018516089e-01
1.075016281321198031e-01
1.066635606962030580e-01
1.059501807801417617e-01
1.090301046804514895e-01
1.067862034810588001e-01
1.096078948355679733e-01
1.076279973022829101e-01
1.063724448340540030e-01
1.057489998231330441e-01
1.049753722402776701e-01
1.043324656185405513e-01
1.037760508862035913e-01
1.040155222978807470e-01
1.034175106592979815e-01
1.029022744111138532e-01
1.024511938217755325e-01
1.020399236506152607e-01
1.016613129771476443e-01
1.013068739674830160e-01
1.009769114088399783e-01
1.006690306603973822e-01
1.003724902906121125e-01
1.000919366494637669e-01
9.982643244580535757e-02
9.957516119599864324e-02
1.109841768448029259e-01
1.046296812707950968e-01
1.064058990545492522e-01
1.069559778714734011e-01
1.039648167584472649e-01
1.024994082763030778e-01
1.140275760904327362e-01
1.149614956278091765e-01
1.110794939777745849e-01
1.123431703677908733e-01
1.071548794271891814e-01
1.051266288266567012e-01
1.060372718921781948e-01
1.062110849595866297e-01
1.044943789748942614e-01
1.034446267005318665e-01
1.035350019048740244e-01
1.027523758221891848e-01
1.021367151967411124e-01
1.027667890065703388e-01
1.021814706705871517e-01
1.017062980913813891e-01
1.013042746315256787e-01
1.009523992197553649e-01
1.006403645209689446e-01
1.009211566800226334e-01
1.006257934914785018e-01
1.123698086145750730e-01
1.092789009364351083e-01
1.065712215105602823e-01
1.051727047254029379e-01
1.042548898926362322e-01
1.035845067065762071e-01
1.030561038017292069e-01
1.041760547361639949e-01
1.046527481800674647e-01
1.089632196709044987e-01
1.056942530495711408e-01
1.056659151820903281e-01
1.043892759368742901e-01
1.035248410774462502e-01
1.034823609398324573e-01
1.028278672691883000e-01
1.617241770657789068e-01
1.172576802404973473e-01
1.104898921614673735e-01
1.090775096377596121e-01
1.069237208675404005e-01
1.054969275230710490e-01
1.044493817991026807e-01
1.068008432387117373e-01
1.108996002772840161e-01
1.069997861582555609e-01
1.052062195283066798e-01
1.040837801776066524e-01
1.032682735280761877e-01
1.026254399913825721e-01
1.030217846174661667e-01
1.069540869410010309e-01
1.045004342123857094e-01
1.033213529396320440e-01
1.030631110971627074e-01
1.023612943957853405e-01
1.429691581230373987e-01
1.217578607022711812e-01
1.122063347505523057e-01
1.082506543013950218e-01
1.065042396242438100e-01
1.053428216848607407e-01
1.044421398427903824e-01
1.037097803045506084e-01
1.030856752349745831e-01
1.025456062991815104e-01
1.020633093476760733e-01
1.016240719781220381e-01
1.012283786546947645e-01
1.008568095618836424e-01
1.031868804778661580e-01
1.013538046366845441e-01
1.006338027598334267e-01
1.008154479167897716e-01
1.002830716865448085e-01
9.985572032696098110e-02
9.949908040562374656e-02
9.917818624647274650e-02
1.462326762820271853e-01
1.542863854930476009e-01
1.340849858053019261e-01
1.216623049838208293e-01
1.165392078942097676e-01
1.117474300199331333e-01
1.095957984129632273e-01
1.084340759581805813e-01
1.214764358363709662e-01
1.137964398887658241e-01
1.104832725339871397e-01
1.084761921927339806e-01
1.070642928177060887e-01
1.070651742481215501e-01
1.061261812829082801e-01
1.053446548104018110e-01
1.046743080970356787e-01
1.044148472159961288e-01
1.050987297870366183e-01
1.041770344484255206e-01
1.063780822559229622e-01
1.150424243476639297e-01
1.117516319150718557e-01
1.123749806332593748e-01
1.097111271587569575e-01
1.090315715681528796e-01
1.076339036129400351e-01
1.066189319059384077e-01
1.063094297558737633e-01
1.055501931801819254e-01
1.049240150729849053e-01
1.137384897495021530e-01
1.097154169474389707e-01
1.077669193362490868e-01
1.065012805432147824e-01
1.095432583173918395e-01
1.079968259685807758e-01
1.075226745003405315e-01
1.087530968046186985e-01
1.070541509489435633e-01
1.081579976063494763e-01
1.065941927813124773e-01
1.067873793800265675e-01
1.056916225907639784e-01
1.048849957505418456e-01
1.042272290396818873e-01
1.036652493444059353e-01
1.037205389187223353e-01
1.058513063598078285e-01
1.065994162692990993e-01
1.049046734306148670e-01
1.067825779518857543e-01
1.052554084840753301e-01
1.042259469751747464e-01
1.054082251167986622e-01
1.041349833241327072e-01
1.033588014497441449e-01
1.033490982812818593e-01
1.027568569205894455e-01
1.026951916640383988e-01
1.021934540858674412e-01
1.017692951189435591e-01
1.013971499722881864e-01
1.010613202759717277e-01
1.013477036254324531e-01
1.050393540802868897e-01
1.024917032505164582e-01
1.015223029879699923e-01
1.009240987987462257e-01
1.054823477969095841e-01
1.035958234564205854e-01
1.026667570688251929e-01
1.020329839541470468e-01
1.015327305112461997e-01
1.011058923188591224e-01
1.007289350078066914e-01
1.003825435437498415e-01
1.154530716996856887e-01
1.072364616520384561e-01
1.037581141570872029e-01
1.038386403299821209e-01
1.023432931932404394e-01
1.013780024048781397e-01
1.022758407450454210e-01
1.035169382258718102e-01
1.021444248933972149e-01
1.012755360189206699e-01
1.006286110123964378e-01
1.006150019564540782e-01
1.020662634572606781e-01
1.045953373971261618e-01
1.036549270818287322e-01
1.116773058954426551e-01
1.156787900955449228e-01
1.084768091886287172e-01
1.056806690677734584e-01
1.040227546675910331e-01
1.028792857786698933e-01
1.026132965295676325e-01
1.018325766565357365e-01
1.012046396260083553e-01
1.006717105133018847e-01
1.002193237979324830e-01
9.982127548783636950e-02
1.340043076349154705e-01
1.353711557622089556e-01
1.179043172510944176e-01
1.113420774123003998e-01
1.078870213097980757e-01
1.057121910854501301e-01
1.042092935591946157e-01
1.030973607579761531e-01
1.022294376257578685e-01
1.017192528255941170e-01
1.011128408192963624e-01
1.006511871359772464e-01
1.001464409264523903e-01
1.008931343185238416e-01
1.185705804752650860e-01
1.173059011613059310e-01
1.136423021485355178e-01
1.102570680558532246e-01
1.080255470072937068e-01
1.096375466189397074e-01
1.069547428160873975e-01
1.054279668132058895e-01
1.184646092834244768e-01
1.086272531862653989e-01
1.059996846898053346e-01
1.045357431283733124e-01
1.035183058739600759e-01
1.027390583356720954e-01
1.053037565509535173e-01
1.066331619866372898e-01
1.044457697634792459e-01
1.054390235114347762e-01
1.056394356080526953e-01
1.040305990196243036e-01
1.030237820406406518e-01
1.022861225169493793e-01
1.032504761445748181e-01
1.077824211480318817e-01
1.045687852689886621e-01
1.032682904114184536e-01
1.025243306084352157e-01
1.018950197471094471e-01
1.021728267895924414e-01
1.030763865074997843e-01
1.443619554289299889e-01
1.201223843813737369e-01
1.162297583791258582e-01
1.113622455379943976e-01
1.086783849993660928e-01
1.622499364263515487e-01
1.172608839049519569e-01
1.130122390919513081e-01
1.120244040058396146e-01
1.095573243861616697e-01
1.079072128777108230e-01
1.074294939527328102e-01
1.063246234699656428e-01
1.054593597482296335e-01
1.047525141645969521e-01
1.041515937546306780e-01
1.036313129193626448e-01
1.031764409229604801e-01
1.033042330044847967e-01
1.028869704453819200e-01
1.025055801835686592e-01
1.021640055690057058e-01
1.193891481178439712e-01
1.067576209774325907e-01
1.045174739522212459e-01
1.034504273772645089e-01
1.033048866339956184e-01
1.037053867038202626e-01
1.028697532919765761e-01
1.023216697402655195e-01
1.018945421675110929e-01
1.143622546382412758e-01
1.086348831948434068e-01
1.055444104387109755e-01
1.041307487476361843e-01
1.032719762924584062e-01
1.026620519569724638e-01
1.021871216238844499e-01
1.017997356100503459e-01
1.014646792455045632e-01
1.012300449771783295e-01
1.009664067135496307e-01
1.007215851430689479e-01
1.044332323748854707e-01
1.026229279015997559e-01
1.029578188763095453e-01
1.037474341619713941e-01
1.026265694848278870e-01
1.019199814038775354e-01
1.014072678470548522e-01
1.009942731559615448e-01
1.009858295460173000e-01
1.006387823040226226e-01
