5.038966687137995848e+01
4.061347373254499615e+01
3.273069339447506110e+01
2.636434640727501488e+01
2.121790198131499849e+01
1.705769184539001060e+01
1.369513956790000009e+01
1.097947160035999481e+01
8.788809861742006291e+00
7.024534250511495159e+00
5.605895334317503753e+00
4.467331915023001976e+00
3.555485302168001738e+00
2.826567383992501625e+00
2.245038653670496487e+00
1.781922871092999738e+00
1.413772023293000446e+00
1.121485814680497795e+00
8.897588899468990009e-01
7.061888702108496396e-01
5.608729560313501228e-01
4.458528834819994180e-01
3.548274258411496240e-01
2.827545623821502985e-01
2.256542938774499518e-01
1.803790985230999122e-01
1.444332985462500607e-01
1.158583532372499392e-01
9.310155744948495071e-02
7.494787039474498647e-02
6.043335544916492164e-02
4.880208259764497875e-02
3.945559961167995761e-02
3.192180198467499397e-02
2.582535807057000782e-02
2.086473656774499169e-02
1.679705648276000329e-02
1.342156092551999996e-02
1.057480318228800134e-02
8.129693432748498830e-03
6.005899165975495807e-03
4.180304631923998510e-03
2.689315983922001448e-03
1.592977206121898607e-03
9.034967864332487612e-04
5.354295231927099939e-04
3.480159192078479888e-04
2.370423381045048679e-04
1.609559470358585132e-04
1.074573155244827464e-04
7.042881457267962341e-05
