2.014581524625200237e-02
2.014511848544999276e-02
2.014442236912900031e-02
2.014376399496199330e-02
2.014308458226199069e-02
2.014240089753600513e-02
2.014173020270099493e-02
2.014105766809899320e-02
2.014036711922400150e-02
2.013967891045900446e-02
2.013900666926699348e-02
2.013834158166499452e-02
2.013762439743599711e-02
2.013694719642400086e-02
2.013628177142100587e-02
2.013561734325400310e-02
2.061417772884499913e-02
2.061348433341300690e-02
2.061282932724200351e-02
2.061213361252300230e-02
2.061141540900500446e-02
2.064370929108400032e-02
2.064298780087500673e-02
2.064225690246000028e-02
2.064156419792600311e-02
2.064087009087499716e-02
2.064015754392000204e-02
2.063946752919100514e-02
2.063875629503799519e-02
2.063807768341500287e-02
2.063736614894100263e-02
2.063672189861799969e-02
2.063601700001199690e-02
2.063531074200001050e-02
2.063457876979100242e-02
2.063386170019999508e-02
2.063315399578100756e-02
2.063245838216500039e-02
2.063172614763900126e-02
2.063103654804799778e-02
2.063036026007000062e-02
2.062970468622300074e-02
2.062900966044000500e-02
2.062829242338199559e-02
2.062764439644599809e-02
2.062694748976999504e-02
2.062625032681499396e-02
2.062549872953700278e-02
2.062480295234799324e-02
2.062411365500600030e-02
2.062339579135500159e-02
2.062269251527499778e-02
2.062198994978300601e-02
2.062131222288599366e-02
2.062059978757899842e-02
2.061988223793000119e-02
2.061921229215199838e-02
2.061853824922900424e-02
2.061783612310599811e-02
2.061714926701900194e-02
2.061642641716400146e-02
2.061573161869699813e-02
2.061499740748100329e-02
2.061428575789700166e-02
2.061822155418100225e-02
2.061294184303200105e-02
2.061223814673799476e-02
2.061153737738000494e-02
2.061083337863599957e-02
2.061184750738599344e-02
2.061118392387199794e-02
2.061045651089900288e-02
2.060977506747199706e-02
2.060906975244700470e-02
2.060836766057299804e-02
2.060766895698700266e-02
2.060696142863999852e-02
2.060626364006199612e-02
2.060556224180999998e-02
2.060485710806199064e-02
2.060417655086799887e-02
2.060349288805700396e-02
2.060280098488699585e-02
2.060210899411899985e-02
2.060140548171299560e-02
2.060068741549899926e-02
2.059997206500200143e-02
2.059928100696400283e-02
2.059854420752900081e-02
2.059784430365999355e-02
2.059717604992900367e-02
2.059648128807400197e-02
2.059581769810100299e-02
2.059513176284899841e-02
2.059445249287100363e-02
2.059372884953500002e-02
2.059305572440099999e-02
2.059236090214099785e-02
2.059167443015300428e-02
2.059098681768300326e-02
2.059025568770799994e-02
2.058954427770700452e-02
2.058886416923700127e-02
2.058814421182099397e-02
2.058744553006100139e-02
2.058675942260600189e-02
2.058605098104900055e-02
2.058537719335400140e-02
2.058466293095700256e-02
2.058396114399300286e-02
2.058327097621899873e-02
2.058257693363699237e-02
2.058186023666800507e-02
2.058118546101200472e-02
2.058049990835600015e-02
2.057979930694199891e-02
2.057912500239299572e-02
2.057845859894799970e-02
2.057774647589299608e-02
2.057705546882199893e-02
2.057634907515600367e-02
2.057566425660899839e-02
2.057498031933999161e-02
2.057429072896899830e-02
2.057358411400499534e-02
2.057286584432599721e-02
2.057214297914500278e-02
2.057145501144100330e-02
2.057075113290300281e-02
2.057004621657399640e-02
2.056935359003800659e-02
2.056868362259699906e-02
2.056801009904699745e-02
2.056734280597300249e-02
2.056662651577500014e-02
2.056590602837800319e-02
2.057866759625299677e-02
2.057795080080300487e-02
2.057724819286699952e-02
2.057656735205599940e-02
2.057588152539399640e-02
2.057515259555899728e-02
2.057445882692699596e-02
2.057380234056700383e-02
2.057311643232500112e-02
2.057239990286699460e-02
2.057173189237800071e-02
2.057104502584899963e-02
2.059268605058100013e-02
2.059199277280000448e-02
2.059132333441999682e-02
2.059062041254400288e-02
2.058993668350199771e-02
2.058928254554799955e-02
2.058858814576000271e-02
2.058787582971400437e-02
2.058718478022400142e-02
2.058648969239200432e-02
2.058576918294800426e-02
2.058506410173599824e-02
2.058436869962600169e-02
2.058367260465200632e-02
2.058300041354300600e-02
2.058228140850900181e-02
2.058160199839799767e-02
2.058087044575399732e-02
2.058019420294000465e-02
2.057949836019699885e-02
2.057880633664299630e-02
2.057810559508199688e-02
2.057746088950600238e-02
2.057674366575699618e-02
2.057602888494599810e-02
2.057533664193600051e-02
2.057463977418300116e-02
2.057398299299400060e-02
2.057330456719600603e-02
2.057259787376999882e-02
2.057189161459199375e-02
2.057117624421499896e-02
2.057049410255399821e-02
2.056982679531599995e-02
2.056913883734599532e-02
2.056844479741999632e-02
2.056771927667200642e-02
2.056704141774099576e-02
2.056635530891699759e-02
2.056565208310300041e-02
2.056495560252399879e-02
2.056429046867500054e-02
2.056358001471599722e-02
2.056281452748699723e-02
2.056214467645199606e-02
2.056146957128399469e-02
2.056075990294200032e-02
2.056008125016400498e-02
2.055940582530400157e-02
2.055872835377199961e-02
2.055806047044800300e-02
2.055737372255699719e-02
2.055666794239599526e-02
2.055594023248100144e-02
2.055527019788099680e-02
2.055455247507799801e-02
2.055386730777999590e-02
2.055318092573800090e-02
2.055250280859099998e-02
2.055181080490200290e-02
2.055109101430899546e-02
2.055043802865700112e-02
2.054974043939700179e-02
2.054904420868399958e-02
2.054833525412700160e-02
2.054762721183799740e-02
2.054691545122400154e-02
2.054622704395699453e-02
2.054555314835999902e-02
2.054486976583599564e-02
2.054421971090500051e-02
2.054353470648300276e-02
2.054282498779699817e-02
2.054212887928100195e-02
2.054140986390899995e-02
2.054072152913800214e-02
2.054005647579200053e-02
2.053938549359399929e-02
2.053864234388300125e-02
2.053796801816099721e-02
2.053725149338899922e-02
2.053654578956700880e-02
2.053588736636600270e-02
2.053523518034699319e-02
2.053452693901399936e-02
2.053381836095800189e-02
2.053316022604500038e-02
2.053245324553200357e-02
2.060258468780799476e-02
2.060191889840399734e-02
2.060123442602900326e-02
2.060052779038799506e-02
2.059979250715400501e-02
2.059914300814700422e-02
2.059846791366800114e-02
2.059776085599699866e-02
2.059707703760199626e-02
2.059637999434599590e-02
2.059569673527800529e-02
2.059500055844699917e-02
2.059429548902600229e-02
2.059361310362800221e-02
2.059291680668500629e-02
2.059220344025099875e-02
2.059150848783899979e-02
2.059082244920000179e-02
2.059010400547499689e-02
2.058942134983000188e-02
2.058873383410200417e-02
2.058807655726299646e-02
2.058738448475099306e-02
2.058667881666000066e-02
2.058601403275499980e-02
2.058533569785899603e-02
2.058458743840200708e-02
2.058389445555899519e-02
2.058322351734499789e-02
2.058251431225300784e-02
2.058181361489600306e-02
2.058113509975599900e-02
2.058045199825699403e-02
2.057979519662099868e-02
2.057905129085100052e-02
2.057834003952000237e-02
2.057765218189599316e-02
2.057700176962499322e-02
2.057632345568700255e-02
2.057557506079800425e-02
2.057491337103599729e-02
2.057420838655000736e-02
2.057354374545500991e-02
2.057283292550299986e-02
2.057216521175399618e-02
2.057146156844599783e-02
2.057079154621399911e-02
2.057008357824600259e-02
2.056938537763699712e-02
2.056872038206399717e-02
2.056800977220300114e-02
2.056733526607300300e-02
2.056664992611199200e-02
2.056596978670000020e-02
2.056527069672200309e-02
2.056458316676599424e-02
2.056386234977600203e-02
2.056317002632099267e-02
2.056246860820400493e-02
2.056177614447200763e-02
2.056107710083500406e-02
2.056039020973300657e-02
2.055968867014599730e-02
2.055900355014399911e-02
2.057858920833299451e-02
2.057784655515899550e-02
2.057716291490000599e-02
2.057647211223499750e-02
2.057580841024300028e-02
2.057514146096400126e-02
2.057443725215800726e-02
2.057373883470700257e-02
2.057304387983300425e-02
2.057237230853899493e-02
2.057169031142900076e-02
2.057098345948600235e-02
2.057029730038400714e-02
2.056962544880899454e-02
2.056892461610100586e-02
2.056823467904699693e-02
2.056752594522499866e-02
2.056683918163100186e-02
2.056613886062799712e-02
2.056539459527699856e-02
2.056472870554500176e-02
2.056404553170900276e-02
2.056336357740099277e-02
2.056267963962899945e-02
2.056198605679700545e-02
2.056130930926099859e-02
2.056061796490499596e-02
2.055992875217899779e-02
2.055927849230300419e-02
2.055859027521900195e-02
2.055786356585200675e-02
2.053694265780599618e-02
2.053625754131299663e-02
2.053559930065600517e-02
2.053488431921799903e-02
2.053423397740799725e-02
2.053355381932499626e-02
2.053284801817499214e-02
2.053219629793799628e-02
2.053151687424300056e-02
2.053084404277700364e-02
2.053008447809900536e-02
2.052942202828999738e-02
2.052873255656399720e-02
2.052805807720600034e-02
2.052736528536299940e-02
2.052663727420200174e-02
2.052597255311200061e-02
2.052526619907499295e-02
2.052456779050600144e-02
2.052386338188999862e-02
2.052318228556399352e-02
2.052249911885099462e-02
2.052177827115400296e-02
2.052108159063900303e-02
2.052041968725600019e-02
2.051973722553999263e-02
2.051906628092800555e-02
2.051838617069699777e-02
2.051770568192099950e-02
2.051702426227399942e-02
2.051637796018800086e-02
2.051567011252799708e-02
2.051499369663500189e-02
2.051430134716299494e-02
2.051361408260699709e-02
2.051295008560500080e-02
2.051226561563000012e-02
2.051157006872699959e-02
2.051090534507700805e-02
2.051015217523699877e-02
2.050946488949599231e-02
2.050872701463399977e-02
2.050804238645599631e-02
2.050735327866000379e-02
2.050666911556500716e-02
2.050598905797200791e-02
2.050532903941099799e-02
2.050463329208399715e-02
2.050397204291500020e-02
2.050326660582799804e-02
2.050256048463900208e-02
2.050189428240700371e-02
2.050124388522800087e-02
2.050054249525799788e-02
2.049985773074099876e-02
2.049917251970699919e-02
2.049850520238100104e-02
2.049781579080999991e-02
2.049710993451800065e-02
2.049641658603798891e-02
2.049576158752200450e-02
2.049506276982899708e-02
2.049435079543099336e-02
2.049369973520300675e-02
2.049302897637299975e-02
2.049231762686999983e-02
2.049161522914299052e-02
2.049092173259400157e-02
2.049023500518600341e-02
2.048952923557199879e-02
2.048884398072100058e-02
2.048816673798600080e-02
2.048750538070600105e-02
2.048681308216800112e-02
2.048613374065700113e-02
2.048546719308599884e-02
2.048478290393200216e-02
2.048411867386299920e-02
2.048341233355800706e-02
2.048270730756500055e-02
2.048203099684000120e-02
2.048134413628699760e-02
2.048064631370300620e-02
2.047995666983999652e-02
2.047929672988000466e-02
2.047859054505600171e-02
2.047789275566599954e-02
2.047721765934399848e-02
2.047655268480999199e-02
2.047589438343999646e-02
2.047517046087099848e-02
2.047447010887199631e-02
2.047378189877999480e-02
2.047311100947500281e-02
2.047246762975799342e-02
2.047177807969500704e-02
2.047110220553500018e-02
2.047042986768599429e-02
2.046970557045499697e-02
2.046900847100401044e-02
2.046833534180300326e-02
2.046762579749500377e-02
2.046695419499799939e-02
2.046626168614300648e-02
2.046559652888900460e-02
2.046490628082599586e-02
2.046424661511100224e-02
2.046354108622899445e-02
2.046286143737200552e-02
2.046217388068899065e-02
2.046149321512700028e-02
2.046082935295200772e-02
2.046014075970100168e-02
2.045944570199999951e-02
2.045875351420399502e-02
2.045810138980800122e-02
2.045738496385999736e-02
2.044438005446700193e-02
2.044571873995399552e-02
2.044507669001499953e-02
2.044439559876499654e-02
2.044371671638000459e-02
2.044301712667200011e-02
2.044231626611699854e-02
2.044162161605899905e-02
2.044096375454900610e-02
2.044029456449699550e-02
2.043960717501600369e-02
2.043892796172500428e-02
2.043827834545200450e-02
2.043760243428099574e-02
2.043690569540499574e-02
2.043618884141899794e-02
2.043549410579900000e-02
2.043480744315400235e-02
2.043415428915199353e-02
2.043345775958699609e-02
2.043278943387999771e-02
2.043210017664199782e-02
2.043142615069800175e-02
2.043074725300900174e-02
2.043003890307600046e-02
2.042935638983599950e-02
2.042868613335700051e-02
2.042801441450600372e-02
2.042732597995499874e-02
2.042662498453699793e-02
2.042593426687300262e-02
2.042527760050100172e-02
2.042462991123800489e-02
2.042393008013199812e-02
2.042325091181099866e-02
2.042258008319100190e-02
2.042189136288599660e-02
2.042122417718399835e-02
2.042053411338100311e-02
2.041985447954699703e-02
2.041915248557999926e-02
2.041845868402200267e-02
2.041777322167600411e-02
2.041706364323699063e-02
2.041638028089999557e-02
2.041570911821199985e-02
2.041505978846600011e-02
2.044162022876200302e-02
2.044092458287599667e-02
2.044024149019400133e-02
2.043957302662000389e-02
2.043888117410799440e-02
2.043820949256099778e-02
2.043755239309100191e-02
2.043687711017200606e-02
2.043618643906399898e-02
2.043552188153100607e-02
2.043486186370699689e-02
2.043418050573699712e-02
2.043348643348099833e-02
2.043279350117000251e-02
2.043211212439800806e-02
2.043140751151300075e-02
2.043071884002999744e-02
2.043004592594299673e-02
2.042939949416100118e-02
2.042870970343700285e-02
2.042804167597999862e-02
2.042731960434700234e-02
2.042663383596799928e-02
2.042595033456599818e-02
2.042527794630499827e-02
2.042459905748900822e-02
2.042391735962499968e-02
2.042326444000599345e-02
2.042257214648200009e-02
2.042188070644498921e-02
2.042120420146100249e-02
2.053280707095600163e-02
2.053213756132999876e-02
2.053141879902499814e-02
2.053072750634599847e-02
2.053000570067400193e-02
2.052933195698899635e-02
2.052867422295900218e-02
2.052799761960800301e-02
2.052729374931599668e-02
2.052662285389500463e-02
2.052588051682500275e-02
2.052521396318799859e-02
2.052454805388799833e-02
2.052387683180599900e-02
2.052320521788800201e-02
2.052251749691999527e-02
2.052183891706600011e-02
2.052115194778999716e-02
2.052045337893600163e-02
2.053379339909899501e-02
2.053313637554500179e-02
2.053245129902500632e-02
2.053177973704900169e-02
2.053110478112499943e-02
2.053041270092899329e-02
2.052970997736999412e-02
2.052903538849100082e-02
2.052834632840299517e-02
2.052767686193000471e-02
2.052703662705600285e-02
2.052634281534500282e-02
2.052566089616699591e-02
2.052493646410200046e-02
2.052427797306400140e-02
2.052356806398800138e-02
2.052289920791799949e-02
2.052220785657300067e-02
2.052149063365600254e-02
2.052084223021100051e-02
2.052017291389099038e-02
2.051950087615300039e-02
2.051881816931000121e-02
2.051815446159899886e-02
2.051746227251899715e-02
2.051677557904699536e-02
2.051607990887300073e-02
2.051536961289700603e-02
2.051471516376000143e-02
2.051403261973900466e-02
2.051330703930699662e-02
2.051261184351299560e-02
2.051195336635300293e-02
2.051126362012799936e-02
2.051057249982000258e-02
2.050989662911199829e-02
2.050923340973200004e-02
2.050857173399900021e-02
2.050790380709499941e-02
2.050722849834899636e-02
2.050655408851800171e-02
2.050586906955999961e-02
2.050519551538499199e-02
2.050448072850099765e-02
2.050379394334800320e-02
2.050310101458800022e-02
2.050242400927800371e-02
2.050178857655299627e-02
2.050108551703699530e-02
2.050037799444700409e-02
2.049971080291299735e-02
2.049903776453800008e-02
2.049835698603999501e-02
2.049763075569800003e-02
2.049694506060899604e-02
2.049629318064300279e-02
2.049560678483899542e-02
2.049491544992200140e-02
2.049425769567500555e-02
2.049357739453600002e-02
2.049290220933000159e-02
2.049221025499299575e-02
2.049155655351600491e-02
2.049087066053199499e-02
2.049016873767500052e-02
2.048950997265000518e-02
2.048881704991399946e-02
2.048810788675699962e-02
2.048743083446299615e-02
2.048676012002600272e-02
2.048610079809500342e-02
2.048541752492899840e-02
2.048472190182199643e-02
2.048403859070899863e-02
2.048334701320899537e-02
2.048266213872600161e-02
2.048201716439199821e-02
2.048133408788300330e-02
2.048067809230899941e-02
2.048000509090899465e-02
2.047931708998400671e-02
2.047862291665699525e-02
2.047791117117600188e-02
2.047724514771700338e-02
2.047657590414700066e-02
2.047587505940399663e-02
2.047516423105500208e-02
2.047448781595400183e-02
2.047380478368900775e-02
2.047315534969100168e-02
2.047248272635000116e-02
2.047181449564799624e-02
2.047113055603000040e-02
2.047045027873700337e-02
2.046978654972999440e-02
2.046909813359599345e-02
2.046841893093900161e-02
2.046775827590100252e-02
2.046707938067000160e-02
2.046637701395599349e-02
2.046571603873399703e-02
2.046500847325500097e-02
2.046435935473699119e-02
2.046368952726500962e-02
2.046300257468200434e-02
2.046234005979400208e-02
2.046158543617499978e-02
2.046087807965900340e-02
2.046022025807900380e-02
2.045955512836399731e-02
2.045888994130100683e-02
2.045820477506499896e-02
2.045753089341200218e-02
2.045683386074099996e-02
2.045620662867599776e-02
2.045552757599399321e-02
2.045486077256999935e-02
2.045420981214699646e-02
2.045353358292199830e-02
2.045283246534400010e-02
2.045214230703399846e-02
2.045146668081400040e-02
2.045076484831600053e-02
2.045006399557700028e-02
2.044939070821400265e-02
2.044870726729300023e-02
2.044802028833500249e-02
2.044734524350899640e-02
2.044667149558000024e-02
2.044600602686500596e-02
2.044533431382000374e-02
2.044462860120499839e-02
2.044396512373600899e-02
2.044329026365799759e-02
2.044265421563299864e-02
2.044198984066900385e-02
2.044131956855099741e-02
2.044062082430000982e-02
2.043993008263100125e-02
2.043928100702200462e-02
2.043857157274599906e-02
2.043788342051899506e-02
2.043720735093300031e-02
2.043653277037700208e-02
2.043587092850300199e-02
2.043519989218099686e-02
2.043450480414799736e-02
2.043381828528400418e-02
2.053378924078100645e-02
2.053308881621100299e-02
2.053241325518499055e-02
2.053170694406500699e-02
2.053101587251699930e-02
2.053036956394500151e-02
2.052969616657600305e-02
2.052902801830999713e-02
2.052871633044099989e-02
2.052803391991499596e-02
2.052736614417599928e-02
2.052665606191199713e-02
2.052598510916999602e-02
2.052530992190199771e-02
2.052466259993999606e-02
2.052398159504199848e-02
2.052331446792299979e-02
2.052263457947599637e-02
2.052194779468800162e-02
2.052128199053500357e-02
2.052022689290300406e-02
2.051952972329299310e-02
2.051883053658599271e-02
2.051814671030099263e-02
2.051750617911599767e-02
2.051677803553600063e-02
2.051610645860900417e-02
2.051540718161499674e-02
2.051469986147099606e-02
2.051403700446700201e-02
2.051335961243899719e-02
2.051269045077400502e-02
2.051202326697600456e-02
2.051173878247499957e-02
2.051107078223299643e-02
2.051038083744299856e-02
2.050973402850399599e-02
2.050905868509499824e-02
2.050835372726100142e-02
2.050768041977900011e-02
2.050700075651099366e-02
2.050630207701799670e-02
2.050564442141900034e-02
2.050496530543100340e-02
2.050428430478300201e-02
2.050358877087899573e-02
2.050289975260499720e-02
2.050223685240499735e-02
2.050155972827899867e-02
2.050086441491900252e-02
2.050018348873799967e-02
2.049951846410700412e-02
2.049887105549899613e-02
2.049818456655800106e-02
2.049748159535600203e-02
2.049681572985200331e-02
2.049616259454199729e-02
2.049546576395799846e-02
2.049480005356900045e-02
2.049411091056500128e-02
2.049342484366799624e-02
2.049274709651199844e-02
2.049205269186799711e-02
2.049136563721900423e-02
2.049069311249499328e-02
2.049003232890300383e-02
2.048934891064100802e-02
2.048866926815300082e-02
2.048798153355900487e-02
2.048732339138700093e-02
2.048667443961800158e-02
2.048599239919500492e-02
2.048532383795199571e-02
2.048465284498199659e-02
2.048396908899699845e-02
2.048327266815400116e-02
2.048257454595000041e-02
2.048190382016999364e-02
2.048124322296199576e-02
2.048056856165399869e-02
2.047988166367100196e-02
2.047920799086000443e-02
2.047854719211200658e-02
2.047785435505499602e-02
2.047719792967900646e-02
2.047649574825100363e-02
2.047581163952399974e-02
2.047513534082699704e-02
2.047443733750800576e-02
2.047375089441400009e-02
2.047308902571799705e-02
2.047241211288600496e-02
2.047176186917999685e-02
2.047109738914700341e-02
2.047045216951399668e-02
2.046975853984300472e-02
2.046907530003300862e-02
2.046839884570300291e-02
2.046771013298799916e-02
2.046701309064800564e-02
2.046632431711399927e-02
2.046567861674799399e-02
2.046499553101199798e-02
2.046433904288699757e-02
2.046367780642000325e-02
2.046300536489900276e-02
2.046230795692300167e-02
2.046159981853700599e-02
2.046095994819900621e-02
2.046027544881700438e-02
2.045960015012200303e-02
2.045891712234299692e-02
2.045826515335100529e-02
2.045755641365800542e-02
2.045690332314800686e-02
2.045622173488500367e-02
2.045554604260999693e-02
2.045486442286700152e-02
2.045419335375800104e-02
2.045349955762799585e-02
2.045282688689299688e-02
2.045215642890199637e-02
2.045151283126799002e-02
2.045082951544400368e-02
2.045015338555599901e-02
2.044945245419500096e-02
2.044878012331000430e-02
2.044812368470699804e-02
2.044746271107799468e-02
2.044678378209199496e-02
2.045378399854599211e-02
2.045310061864799578e-02
2.045241014503599436e-02
2.045173553917999792e-02
2.045106135863700506e-02
2.045039632972999941e-02
2.044975581950600127e-02
2.044905786748099988e-02
2.044840184834400068e-02
2.044771395075999781e-02
2.044779168478599862e-02
2.044712657132599989e-02
2.044645475275999949e-02
2.044577962176699973e-02
2.044509382980500348e-02
2.044440319270900142e-02
2.044370411502300158e-02
2.044303451481300007e-02
2.044237051505299815e-02
2.044170774630400464e-02
2.044105712074700473e-02
2.044036288463300585e-02
2.043783466078699998e-02
2.043713829584600447e-02
2.043647923392800589e-02
2.043578875165000253e-02
2.043512375445299262e-02
2.049938806542499908e-02
2.049870090628299821e-02
2.049802840114700250e-02
2.049735380985100164e-02
2.049668626919099942e-02
2.049600230946099777e-02
2.049530778771600087e-02
2.049464879183500454e-02
2.049397529635200305e-02
2.049329485645799698e-02
2.049264108835899961e-02
2.049197206415699982e-02
2.049130759189999110e-02
2.049062695110799928e-02
2.048992239967899545e-02
2.048925448842500024e-02
2.048856219568600048e-02
2.048789728116900272e-02
2.048721143856800306e-02
2.048650537516999784e-02
2.048584952937800713e-02
2.048517255600000586e-02
2.048451266803599791e-02
2.048384815078499802e-02
2.048317876841600216e-02
2.048250663616999617e-02
2.048185460513800293e-02
2.048116762812699637e-02
2.048045847690099786e-02
2.047982314586099806e-02
2.047910943474199816e-02
2.047842722190799242e-02
2.047773452399000507e-02
2.047711475790100003e-02
2.047643661334199935e-02
2.047575663134699672e-02
2.047507850681200281e-02
2.047441995752100757e-02
2.047376190944599772e-02
2.047306555278699536e-02
2.047240982216000024e-02
2.047172787759600140e-02
2.047105962184999836e-02
2.047039548594000238e-02
2.046968018821000365e-02
2.046898359887000182e-02
2.046831475678199952e-02
2.046764728659200561e-02
2.046697148434499514e-02
2.046628928196300018e-02
2.046565425401500327e-02
2.046497625566699730e-02
2.046429896447699362e-02
2.046364845788500170e-02
2.052315666034099789e-02
2.052246661211100387e-02
2.052180345084999788e-02
2.052125083264799699e-02
2.052046462385699946e-02
2.051980727185899467e-02
2.051923064704199579e-02
2.051856360301100579e-02
2.051789462912499695e-02
2.051722856871000117e-02
2.051654219272200028e-02
2.051583236485600426e-02
2.051516018416400106e-02
2.051452013943299776e-02
2.051382465746899933e-02
2.051316551446000225e-02
2.051249743191299602e-02
2.051182275634399685e-02
2.051113956864999976e-02
2.051044149275500772e-02
2.050977735725499976e-02
2.050910115240900042e-02
2.050842997157500264e-02
2.050777285654899543e-02
2.050709226026799573e-02
2.050642076025199767e-02
2.050571815968700237e-02
2.050506772465699942e-02
2.050437587396300443e-02
2.050370641338299452e-02
2.050306624192700308e-02
2.050235971637899557e-02
2.050169166831299766e-02
2.050100028909999927e-02
2.050035887786300082e-02
2.049968384455599923e-02
2.049900196326999435e-02
2.049834327134300235e-02
2.049765733161999781e-02
2.049697513084399944e-02
2.049628717222299820e-02
2.049563083760900031e-02
2.049495550146800127e-02
2.049427864209500683e-02
2.049360700147499770e-02
2.049294349087500688e-02
2.049226926954199682e-02
2.049158284839299946e-02
2.049094152953199674e-02
2.049025851140599472e-02
2.048957459486299912e-02
2.048889103819600058e-02
2.048824415203299998e-02
2.048754805406100346e-02
2.048686431405399855e-02
2.048620421849101092e-02
2.048553340169599613e-02
2.048486888709000198e-02
2.048420029119199862e-02
2.048353889291200380e-02
2.048287180052899698e-02
2.048214521824300027e-02
2.048144728364900691e-02
2.048080943150899780e-02
2.048014723214400257e-02
2.047948112194900375e-02
2.047882340413700528e-02
2.047814951804300190e-02
2.047746358319999654e-02
2.047678999400299321e-02
2.047612399844600181e-02
2.047546370415800551e-02
2.047479055855300212e-02
2.047411025980800520e-02
2.047343879352799337e-02
2.047276616485600026e-02
2.047212104307199673e-02
2.047143662793300331e-02
2.053484286135000628e-02
2.053586715942700217e-02
2.051910207080600429e-02
2.054488951746400241e-02
2.050694157481499844e-02
2.050628355156399601e-02
2.050559412055200786e-02
2.050490715040000078e-02
2.050427483734100151e-02
2.050359190837699672e-02
2.050294160133799698e-02
2.050227660242800315e-02
2.050159839378399088e-02
2.050092280210299989e-02
2.050025026336699946e-02
2.049958585272399630e-02
2.049888147266600708e-02
2.049823902975999798e-02
2.049767590860099645e-02
2.049698220384699870e-02
2.049631886837399719e-02
2.049565334589000323e-02
2.049496941469600847e-02
2.049430391076500699e-02
2.049366710843599990e-02
2.049299465233798967e-02
2.049231331386299967e-02
2.049162881794100097e-02
2.049097272149499882e-02
2.049027985698100712e-02
2.048962740641000618e-02
2.046215737950799612e-02
2.045978117266599935e-02
2.047517939887900235e-02
2.044804749645799669e-02
2.044739104097300156e-02
2.044671472224700304e-02
2.044604339324200201e-02
2.044540325356199173e-02
2.044474297446700201e-02
2.044402560783200110e-02
2.044336190294500019e-02
2.044267570713099308e-02
2.044204919410300830e-02
2.044136403561700593e-02
2.044067472272999286e-02
2.044000935246099299e-02
2.043934738160600034e-02
2.043868246261599728e-02
2.043800412705699954e-02
2.043734850032699960e-02
2.043666672705799631e-02
2.043601380351600660e-02
2.043530847142599471e-02
2.043463301516099812e-02
2.043399354893999861e-02
2.043335280977600504e-02
2.043267475841900258e-02
2.043199571816099736e-02
2.043132398691900262e-02
2.043067685389400243e-02
2.043001778213999337e-02
2.042932711933400508e-02
2.042862653548999791e-02
2.042798518815000172e-02
2.042730645571700157e-02
2.042661530254100133e-02
2.042592306885799777e-02
2.042526019461899170e-02
2.042457935571599659e-02
2.042393945418900444e-02
2.042327305389599751e-02
2.042260087237900493e-02
2.042195137903000945e-02
2.042127726436900395e-02
2.042063227253899937e-02
2.041998551935100131e-02
2.041931586029499882e-02
2.041864983097799180e-02
2.041792449018699912e-02
2.041726306019999923e-02
2.041660440449500138e-02
2.041593127663100804e-02
2.041526428666399703e-02
2.041461152790600281e-02
2.041395512222800301e-02
2.041329506197800403e-02
2.041263828053199378e-02
2.041195621259100576e-02
2.041697896428400216e-02
2.041055185928100299e-02
2.043335916384999770e-02
2.043271862229400354e-02
2.043202339515899982e-02
2.043133893202399992e-02
2.043069088452000026e-02
2.043001383207700139e-02
2.042932019280799955e-02
2.029354559629900287e-02
2.029290502258599901e-02
2.029226105054200008e-02
2.029158250982899397e-02
2.027193667857300069e-02
2.027129562892599629e-02
2.027061127158099468e-02
2.028758665277100026e-02
2.028689594529900150e-02
2.028620305174400062e-02
2.028555375355101109e-02
2.028492329948700101e-02
2.028423474221300107e-02
2.028358201531700253e-02
2.028292614194000462e-02
2.028225020484000427e-02
2.028160107111700791e-02
2.028093712750800304e-02
2.028033179279400272e-02
2.027965784017899883e-02
2.027895515750200925e-02
2.027830910051499694e-02
2.027761809586800523e-02
2.027695048605099651e-02
2.027629599791499690e-02
2.027565114215299641e-02
2.027499449623200098e-02
2.027430322334700108e-02
2.027365213921199921e-02
2.027299229111699866e-02
2.027232651000899707e-02
2.027168546507199937e-02
2.027101854940699735e-02
2.027034003170199994e-02
2.026966989398399852e-02
2.026899612901600020e-02
2.026835474162099957e-02
2.026769200023199533e-02
2.024760959784899575e-02
2.024690854771399665e-02
2.024625889065699916e-02
2.024559153551099694e-02
2.024494337569600344e-02
2.024429928708300006e-02
2.024363652619499965e-02
2.024297157411400136e-02
2.024231104283500879e-02
2.024164774486000157e-02
2.024098724028200458e-02
2.024034691930499258e-02
2.023966775142800253e-02
2.023900691104099994e-02
2.023834851185899938e-02
2.023770518638099564e-02
2.023701979950700419e-02
2.023638309916599501e-02
2.023573401311599615e-02
2.023505166061799476e-02
2.023440702378399500e-02
2.023374404457499789e-02
2.023305544681799906e-02
2.023237363618299658e-02
2.023172263109399710e-02
2.023104599437899886e-02
2.023037532264600202e-02
2.022972123480400175e-02
2.022909705172499725e-02
2.022843410289400581e-02
2.022778476372200096e-02
2.022709782592900865e-02
2.022643914638299831e-02
2.022576035730000096e-02
2.022512925195099967e-02
2.022444610338000257e-02
2.022376447597300231e-02
2.022314948010600286e-02
2.022249615177200768e-02
2.022188204532899408e-02
2.022122915832100243e-02
2.022057174897400403e-02
2.021986093566100970e-02
2.021919530007200774e-02
2.021853977524900106e-02
2.021791152320799589e-02
2.021723010068699963e-02
2.021660099931400084e-02
2.021592325546900035e-02
2.021522403546199484e-02
2.021455841021199684e-02
2.021390122342700199e-02
2.021322740173800425e-02
2.021257378511799943e-02
2.021193145280100051e-02
2.021126650094999880e-02
2.021060815507899622e-02
2.020995344097799643e-02
2.020927277422899723e-02
2.020863279464099951e-02
2.020795628602100116e-02
2.020729980526200439e-02
2.020663220049000869e-02
2.020600974818500054e-02
2.020535957006000180e-02
2.020469030724000165e-02
2.020403397233300202e-02
2.020339162215099849e-02
2.020275819415700072e-02
2.020211149174900439e-02
2.020145380753799944e-02
2.020077356602599516e-02
2.020009841256100239e-02
2.019944214200600566e-02
2.019876190969600166e-02
2.019809594436300024e-02
2.019746955017000245e-02
2.019680655464799537e-02
2.019612178333600114e-02
2.019546751306699681e-02
2.019480720467300289e-02
2.019414042077099722e-02
2.019347125504199897e-02
2.019280909281500128e-02
2.019216354594100329e-02
2.019152171558400224e-02
2.019087375186599809e-02
2.019018173135399274e-02
2.018953421789499228e-02
2.018886436050499819e-02
2.018823329956600035e-02
2.018759151392200343e-02
2.018689704777699295e-02
2.018626557402499952e-02
2.018562211429999684e-02
2.018495468613000499e-02
2.018432079722100314e-02
2.018364385929000485e-02
2.018300112959199935e-02
2.018236994664299871e-02
2.018168753398000281e-02
2.018102031216600228e-02
2.018035424087500154e-02
2.017968527686399283e-02
2.017905338141800370e-02
2.017839348382800130e-02
2.017773789272499577e-02
2.017712663999300313e-02
2.017645024104600462e-02
2.017576435222899825e-02
2.017505631471000829e-02
2.017438795306300200e-02
2.017371507838600087e-02
2.017305884865700297e-02
2.017240512447799478e-02
2.017175342053599552e-02
2.017114583685800794e-02
2.017047520605499619e-02
2.016984442122700394e-02
2.016918660438299718e-02
2.016851585179400136e-02
2.016788735718899259e-02
2.016725310255300385e-02
2.033512505703300582e-02
2.033445291742599567e-02
2.033380049280099702e-02
2.033315253642599754e-02
2.033248142025999641e-02
2.033181339437299673e-02
2.033116664746099575e-02
2.033048124707600643e-02
2.032981798148201028e-02
2.032915864373400008e-02
2.032847422746300592e-02
2.032781119894899735e-02
2.032715284433899913e-02
2.032651645552599126e-02
2.032584975833399629e-02
2.032516626937200602e-02
2.032450672928200197e-02
2.032387091157500034e-02
2.032324095436900332e-02
2.032258650462200056e-02
2.032189466948800330e-02
2.032123759454799658e-02
2.032054398100800394e-02
2.031988130302000983e-02
2.031922035016900038e-02
2.031854470448600167e-02
2.031791351963100484e-02
2.031729096315999794e-02
2.031659904788200161e-02
2.031594625068600113e-02
2.031529268531200028e-02
2.031464741940700036e-02
2.031397570993599688e-02
2.031328205749899710e-02
2.031263443150600062e-02
2.031197990696299860e-02
2.031127910620400198e-02
2.031064301790999962e-02
2.030996342928899356e-02
2.030931724615699790e-02
2.030866253326399362e-02
2.030800152993999727e-02
2.030737718454499879e-02
2.030674663664899793e-02
2.030609134585200162e-02
2.030541577375500478e-02
2.030474178875799757e-02
2.030404321587099895e-02
2.030340308895799833e-02
2.030273740436299920e-02
2.030205484106399963e-02
2.030138790585700112e-02
2.030074226243399824e-02
2.030011932547898940e-02
2.029946852202100041e-02
2.029880264430300105e-02
2.029814357089199800e-02
2.029749755981000506e-02
2.029681327796700047e-02
2.029612830292700301e-02
2.029542161686400531e-02
2.029477593837199917e-02
2.029415899973399662e-02
2.029351764017600299e-02
2.029283315669199936e-02
2.029216343579799686e-02
2.029152988134800412e-02
2.029087993688200031e-02
2.029022687313599901e-02
2.028958718950200218e-02
2.028890367687600366e-02
2.028823073845199831e-02
2.028755826208899354e-02
2.028691062886999602e-02
2.028625585178199867e-02
2.028562206438700236e-02
2.028497115280900737e-02
2.028430641086399755e-02
2.028362136328300258e-02
2.028299886923599568e-02
2.028233258516000392e-02
2.028163927804199976e-02
2.028096656450000326e-02
2.028033287739900922e-02
2.027968184792900211e-02
2.027905283252700447e-02
2.027835447093099749e-02
2.027768707707000226e-02
2.027703793793599746e-02
2.027637644675299791e-02
2.027572080090399645e-02
2.027505007140200169e-02
2.027440729454199619e-02
2.027375307163899881e-02
2.027310198670799826e-02
2.027243735519900295e-02
2.027177667349799178e-02
2.027112834234700428e-02
2.027049587067900061e-02
2.026984537217100049e-02
2.026916094741899876e-02
2.026848448616800150e-02
2.026780607438600709e-02
2.026716873959099122e-02
2.026650402299700476e-02
2.026585281154999821e-02
2.026523610244800738e-02
2.026458701753899513e-02
2.028379857439199796e-02
2.028313364965999427e-02
2.028250681517200157e-02
2.028181087927999685e-02
2.028114515262800094e-02
2.028047731421399671e-02
2.027980424751699845e-02
2.027916207616400207e-02
2.027851406823700381e-02
2.027787407095500358e-02
2.027716561605600112e-02
2.027651503769399913e-02
2.027589819716200253e-02
2.027521780228999648e-02
2.027455372904700404e-02
2.027389766672999666e-02
2.027325486896299975e-02
2.027258618668400375e-02
2.027193520400200413e-02
2.027129809047999859e-02
2.027061493578000487e-02
2.026995041719600182e-02
2.026931608110899702e-02
2.026866903857999988e-02
2.026800906276299968e-02
2.026736755571699813e-02
2.026672687050999969e-02
2.026607083811800269e-02
2.026540395653399218e-02
2.026471385177899820e-02
2.026405321799700301e-02
2.026342147631699647e-02
2.026275230518700607e-02
2.026211274899500370e-02
2.026144510888700304e-02
2.026078163102000215e-02
2.026012179641999839e-02
2.025945840922999813e-02
2.025877553759400027e-02
2.025811503599399960e-02
2.025747525862299503e-02
2.025681942093000495e-02
2.025615208686499732e-02
2.025550205622199743e-02
2.025487353804699894e-02
2.025422108279599162e-02
2.025356776559599295e-02
2.025293429213999991e-02
2.025228966107000053e-02
2.025160832978300032e-02
2.025095849167200118e-02
2.025030682984299557e-02
2.024962669121399550e-02
2.024899624513400165e-02
2.024832467960099858e-02
2.024770005849900120e-02
2.024702256869600342e-02
2.024636627203000097e-02
2.024572036690999721e-02
2.024504152197900350e-02
2.024438402726000397e-02
2.025647530007399985e-02
2.025578272268600474e-02
2.025513472183699398e-02
2.025447315915500715e-02
2.025382707450899822e-02
2.025317275955899887e-02
2.025254851866200093e-02
2.025190998593399960e-02
2.025124762451800328e-02
2.025059990306999486e-02
2.024993489200999433e-02
2.024926118175300604e-02
2.024859755870899933e-02
2.024793167286099982e-02
2.024729149820999816e-02
2.024664638866000704e-02
2.024601346325900428e-02
2.024534831400799650e-02
2.024468672635200070e-02
2.024403589628799224e-02
2.024338113000100081e-02
2.024273361079300185e-02
2.024207760887599544e-02
2.024144072428000346e-02
2.026491418373999737e-02
2.026393802257400387e-02
2.026324414746500518e-02
2.026258700413600261e-02
2.026198134471000542e-02
2.026134221533200386e-02
2.026069486604600497e-02
2.026003956732999600e-02
2.025938514957800057e-02
2.025873950950900573e-02
2.025807318960100301e-02
2.025742105539999824e-02
2.024671250754800367e-02
2.025609077514099396e-02
2.025544888064999965e-02
2.025482703380100669e-02
2.025415276684899846e-02
2.025346192788100505e-02
2.025281095804000453e-02
2.025215903674900883e-02
2.025154064556600186e-02
2.025085457160299973e-02
2.025024714083199784e-02
2.024956244043599890e-02
2.024891444052599743e-02
2.024825381765999951e-02
2.024760713042600066e-02
2.024691285289100667e-02
2.024626567566200491e-02
2.024559345983099543e-02
2.024496770504200308e-02
2.024430298661399411e-02
2.024365576622200527e-02
2.024302485032699814e-02
2.024238781531000758e-02
2.024170529746799341e-02
2.024106283777199825e-02
2.024039380780400313e-02
2.023975420792200122e-02
2.023911855556000464e-02
2.023846783136699912e-02
2.023782405169800500e-02
2.023713866838600106e-02
2.023644596540500121e-02
2.027039637104799744e-02
2.026974266410700234e-02
2.026909147463799160e-02
2.026838696405499837e-02
2.026772676939300397e-02
2.026708237708300248e-02
2.026643404102400001e-02
2.026578872129400355e-02
2.026513591501700670e-02
2.026445758063899830e-02
2.026377297697000424e-02
2.026311639945400575e-02
2.026246031271499923e-02
2.026182085970300653e-02
2.026117001721300381e-02
2.026055008395100110e-02
2.025987009890399884e-02
2.025922666672200917e-02
2.025858954801699335e-02
2.025796203962200795e-02
2.025734238272999810e-02
2.025667321416600372e-02
2.025600751168800048e-02
2.025536803821499643e-02
2.025470878011500706e-02
2.025400897297099934e-02
2.025334696773700011e-02
2.025266300897100163e-02
2.025204095303400134e-02
2.025139716210600307e-02
2.025075366049999478e-02
2.025006758882099897e-02
2.024942937448699631e-02
2.024878579183100186e-02
2.024812535030401026e-02
2.024747917797799571e-02
2.024683398277200147e-02
2.024618741027800484e-02
2.024554980896500073e-02
2.024487899841799499e-02
2.024418582718300053e-02
2.024355310019700094e-02
2.024289994923800240e-02
2.024224985604500607e-02
2.024159842349499902e-02
2.024093647314200231e-02
2.024027034062899841e-02
2.023960851494199797e-02
2.023895900259500488e-02
2.023833276018899285e-02
2.023770477846699445e-02
2.023704853878999579e-02
2.023639967649599677e-02
2.023576196604999142e-02
2.023511574762600074e-02
2.023442902276299110e-02
2.023377846357199417e-02
2.023311922045900255e-02
2.023791569480699534e-02
2.023727533343699925e-02
2.023663336355500247e-02
2.023597496302399767e-02
2.023533636698799862e-02
2.023465991231900019e-02
2.023398271730600037e-02
2.023331004678900064e-02
2.023264649400799767e-02
2.023199248955400223e-02
2.023133081181499940e-02
2.023072370720600116e-02
2.023005714626599505e-02
2.022939801644700261e-02
2.039863744345398952e-02
2.039796765914699689e-02
2.039466228822300192e-02
2.039335943304200136e-02
2.039140362848700441e-02
2.038815888522799505e-02
2.038750440636300648e-02
2.038681077480700848e-02
2.031678497297400784e-02
2.038540095605599969e-02
2.038473118212900254e-02
2.038405707683599299e-02
2.038274916334600201e-02
2.038210116680900727e-02
2.037505170986600098e-02
2.037440099201300384e-02
2.037377924915900057e-02
2.037311926358500655e-02
2.037246316139200084e-02
2.037179100295299569e-02
2.037114259087499310e-02
2.037048971508900047e-02
2.036984924128999730e-02
2.036919360997400605e-02
2.036850940120200210e-02
2.036787230213001065e-02
2.036723202518399972e-02
2.036659423228500548e-02
2.036588831733599989e-02
2.036523120335500397e-02
2.036457893081500964e-02
2.036392859354100096e-02
2.036326863169599447e-02
2.036259295672800465e-02
2.036193290742000297e-02
2.036125190473699748e-02
2.036061746543699896e-02
2.035996947629700043e-02
2.035932054502799515e-02
2.035868223020700224e-02
2.035735479003100354e-02
2.035673021576100278e-02
2.035608651931000018e-02
2.035544006201200212e-02
2.035474771002699496e-02
2.035410728176300504e-02
2.035346334552199515e-02
2.035280465386300405e-02
2.035213904395400189e-02
2.035147599966199983e-02
2.035084380800800466e-02
2.035018059333400242e-02
2.034951721460499449e-02
2.034888062947000364e-02
2.034821120397200395e-02
2.034756872614299980e-02
2.034691075567400184e-02
2.034627614811100257e-02
2.034560797962799844e-02
2.034497799749099278e-02
2.034432132183301017e-02
2.034363094698199773e-02
2.034296936173800308e-02
2.034229428912100179e-02
2.034163366554799651e-02
2.034097154659299592e-02
2.034036826421399893e-02
2.033971178843699615e-02
2.033908035498499522e-02
2.033840589608299290e-02
2.033774368091399373e-02
2.033707606328499784e-02
2.033644745053700062e-02
2.033580802798599582e-02
2.033514748841300235e-02
2.033450193509099904e-02
2.033385014374399988e-02
2.033316902361400128e-02
2.033252698708899395e-02
2.033189492899400291e-02
2.033124427728399963e-02
2.033059443677199749e-02
2.032993136195200209e-02
2.032927904167200137e-02
2.032860949699699660e-02
2.032795647293800245e-02
2.032730526165099985e-02
2.032664210956900211e-02
2.032597947753900583e-02
2.032532120892800026e-02
2.032466307999200236e-02
2.032403542712700462e-02
2.032338690933300704e-02
2.032274068835500033e-02
2.032209379524900147e-02
2.032143775709899583e-02
2.032078470959699720e-02
2.032012558994000795e-02
2.031943812119900092e-02
2.031880573514600191e-02
2.031818060307300292e-02
2.031754281607000071e-02
2.031687298325499796e-02
2.031619578716399241e-02
2.031554501439499991e-02
2.031492390604599727e-02
2.031427183443099485e-02
2.031361981903599331e-02
2.031293960366100174e-02
2.031230580073900213e-02
2.031167561120399839e-02
2.031100803489400627e-02
2.031036490887100365e-02
2.030970102595099774e-02
2.030902497988600411e-02
2.030839163523799271e-02
2.030775740180101180e-02
2.030709657477299673e-02
2.030644929706299992e-02
2.030579219222099913e-02
2.030514094753900489e-02
2.030446690827999653e-02
2.030381016457199345e-02
2.030315992703100175e-02
2.030250915523799590e-02
2.030186512123499654e-02
2.030121394709600777e-02
2.030054583088299752e-02
2.029989286384799654e-02
2.029925740666400566e-02
2.029860436546700175e-02
2.029798829746799760e-02
2.029733489358399867e-02
2.029669848477799743e-02
2.029606793406900020e-02
2.029538616348800298e-02
2.029471185242200104e-02
2.029407128331000079e-02
2.029342199255900273e-02
2.029278667607200756e-02
2.029213434934399804e-02
2.029147661374899533e-02
2.029080980775200410e-02
2.029014016107300380e-02
2.028948882326399653e-02
2.028882733484900155e-02
2.028819573951399710e-02
2.028754514427299691e-02
2.028690973802700637e-02
2.028621814031800197e-02
2.028557651384500088e-02
2.028492533751499738e-02
2.028428718268000114e-02
2.028368317560799716e-02
2.028304362940399480e-02
2.028239733589100313e-02
2.028171946025199984e-02
2.028107877818600274e-02
2.028042500782800336e-02
2.027977369480199465e-02
2.027911804534599655e-02
2.027851119877499206e-02
2.027783913308600292e-02
2.027719735460999789e-02
2.027651041747699848e-02
2.027582705156299667e-02
2.027518420840599550e-02
2.027454348757299837e-02
2.027389384270400149e-02
2.027326567076200015e-02
2.027257708464200170e-02
2.027196527495700451e-02
2.027134634706300245e-02
2.027066379147899819e-02
2.027001057960399824e-02
2.026938047752899902e-02
2.026873586266700333e-02
2.026807475180799831e-02
2.026741387976400272e-02
2.026679831191900011e-02
2.026612548099499672e-02
2.026549882241000106e-02
2.026482680885800108e-02
2.026419140624500376e-02
2.026353263630400331e-02
2.026288924948200024e-02
2.026223337433300659e-02
2.026157285746500378e-02
2.026094010572899659e-02
2.026032845609400043e-02
2.025962915123299610e-02
2.025897164800600017e-02
2.025831859939300136e-02
2.025766170967899932e-02
2.025705337244600515e-02
2.025575149953399295e-02
2.025509494744100886e-02
2.025445091849399637e-02
2.025378683775099983e-02
2.026244753797100395e-02
2.026178629129600159e-02
2.026111401539699639e-02
2.026045419686799826e-02
2.025983606407799967e-02
2.025920185419199590e-02
2.025854715566800107e-02
2.025788486187899556e-02
2.025727823079799539e-02
2.025663460729300661e-02
2.025600008912300035e-02
2.025535107946599758e-02
2.025472472354399728e-02
2.025404926649400014e-02
2.025338875524399646e-02
2.025272534043999831e-02
2.025208642955100141e-02
2.025138321659300522e-02
2.025070945243200027e-02
2.025007703205199822e-02
2.024945314327599583e-02
2.024880899747499852e-02
2.024817067342499916e-02
2.024753900886600358e-02
2.024689400109699541e-02
2.024624443831200132e-02
2.024562290449799518e-02
2.024498829040299874e-02
2.024432017873399603e-02
2.024365876345700366e-02
2.024302998377600429e-02
2.023973102383300540e-02
2.023909691548800641e-02
2.023843281869700320e-02
2.023778689898399902e-02
2.023711697475200424e-02
2.023645499760599181e-02
2.023582041175800428e-02
2.023517343717899306e-02
2.023451724159299955e-02
2.023387022295599497e-02
2.023324696611200277e-02
2.023264478836199823e-02
2.023195881402699986e-02
2.023129705457999555e-02
2.023067443589400549e-02
2.023004232586600101e-02
2.022938303132900198e-02
2.022873869941000172e-02
2.022809136887000064e-02
2.022744071510400657e-02
2.022680095542599490e-02
2.022613787421199960e-02
2.022547671524599702e-02
2.022482851669199846e-02
2.022418518113600072e-02
2.022354595524199911e-02
2.022292192404899838e-02
2.022226591153000047e-02
2.022162126168900245e-02
2.022099456021099820e-02
2.022035194017700321e-02
2.021968475999999862e-02
2.021902945136500734e-02
2.021840015865700169e-02
2.021778595042100085e-02
2.021711232865499794e-02
2.021646194121699824e-02
2.021583814996399941e-02
2.021517708225399959e-02
2.021453297991799430e-02
2.021386302189999776e-02
2.021322219983300028e-02
2.021253696191599447e-02
2.021192151794299480e-02
2.021127368135599775e-02
2.021062155893399784e-02
2.020999090530100142e-02
2.020934795508300130e-02
2.020868614076099315e-02
2.020805776317100011e-02
2.020741122013400282e-02
2.020678072923700122e-02
2.020614275076500904e-02
2.020550158487699477e-02
2.020485160495899893e-02
2.020423951301300244e-02
2.020359740378100538e-02
2.020294044045000542e-02
2.020227898645099787e-02
2.020161374135100163e-02
2.020099619622300197e-02
2.020034065090000122e-02
2.019973059180199884e-02
2.019905511208100468e-02
2.019835840004800126e-02
2.019773433866299886e-02
2.019708254381699999e-02
2.019646219511800345e-02
2.019583387553399584e-02
2.019519477374099453e-02
2.019452868231800743e-02
2.019389478173299474e-02
2.019321733314999312e-02
2.019257688421899691e-02
2.019191319373800017e-02
2.019129027061499979e-02
2.019066724221999995e-02
2.019002430173299709e-02
2.018939001582000306e-02
2.018875592763300086e-02
2.018619886091699289e-02
2.018556729030900054e-02
2.018487735068799638e-02
2.018425684176200496e-02
2.018359372192799275e-02
2.018294712041500058e-02
2.018228448706799877e-02
2.018164165947399988e-02
2.018099851252600635e-02
2.018039100387900020e-02
2.017971341196899901e-02
2.017906334045600075e-02
2.017843773597899348e-02
2.017781335512800270e-02
2.017715643414700125e-02
2.017653275344800240e-02
2.017587913557099960e-02
2.017523042350299889e-02
2.017457677626900356e-02
2.017390786717899662e-02
2.017329673378499832e-02
2.017263427859600569e-02
2.017200285187899927e-02
2.017135686130600014e-02
2.017072532469000104e-02
2.017010403209199693e-02
2.016946588827399009e-02
2.016880366366100713e-02
2.016818974601700121e-02
2.016753443369699583e-02
2.016686814310299919e-02
2.016624828329600591e-02
2.016562110688599474e-02
2.016495637212500566e-02
2.016430069817399737e-02
2.016366996933299793e-02
2.016303450638400399e-02
2.016235829456399994e-02
2.016170188745400327e-02
2.016109198465300054e-02
2.016049345025500150e-02
2.015987078152100057e-02
2.015919054097600402e-02
2.015852747091000097e-02
2.015787439023300140e-02
2.015723093638500593e-02
2.015658217680199940e-02
2.015594369662800089e-02
2.015529279487700276e-02
2.015464408139100438e-02
2.015402684864400426e-02
2.015340387670199601e-02
2.015276935062700406e-02
2.015214223243999916e-02
2.015150949881400200e-02
2.015084236617300031e-02
2.015020569152100108e-02
2.014956143551999840e-02
2.014889936401699846e-02
2.014825060442900287e-02
2.014759687494700399e-02
2.014695882111299657e-02
2.014634428477499878e-02
2.014572372128500127e-02
2.014505151024399351e-02
2.014441721688900108e-02
2.014376625403899515e-02
2.014313625792900006e-02
2.014249104212300495e-02
2.014186733050399650e-02
2.014123571803200230e-02
2.014061575786800160e-02
2.013995954412300254e-02
2.013931836536600115e-02
2.013863368000299095e-02
2.013798558061800220e-02
2.013736719838099543e-02
2.013673025103599953e-02
2.013608288795800186e-02
2.013545113300400230e-02
2.013479772334099763e-02
2.013417432017700071e-02
2.013351892404599899e-02
2.013288019673799972e-02
2.013224721797400238e-02
2.013161525503200100e-02
2.013095874955200468e-02
2.013031568309699842e-02
2.012967056025600360e-02
2.012904009826500112e-02
2.012840038044000010e-02
2.012776228869600503e-02
2.012715412307000337e-02
2.012653169855599736e-02
2.012590215571999699e-02
2.012526907601099382e-02
2.012458433214999592e-02
2.012397365878300370e-02
2.012331434325900087e-02
2.012266010314199896e-02
2.012198938784200142e-02
2.012133708964199824e-02
2.012069010191200671e-02
2.012005276568399822e-02
2.011942860062300095e-02
2.011879291328999911e-02
2.011815613786799642e-02
2.011749721721100420e-02
2.011689208549399463e-02
2.011625870428099955e-02
2.011564403650100558e-02
2.011503892211399455e-02
2.011440039667600210e-02
2.011369458222500226e-02
2.011306785211699338e-02
2.011243710016399899e-02
2.011178213917699797e-02
2.011115455845399747e-02
2.011051033097200139e-02
2.010987376315900507e-02
2.010923153899299778e-02
2.010860080361000224e-02
2.010796176662800472e-02
2.010732186474800329e-02
2.010669775830199735e-02
2.010605675871700304e-02
2.010541027667000352e-02
2.010474843465600084e-02
2.010409264260400869e-02
2.010347873839700081e-02
2.010285370875200192e-02
2.010218393969600073e-02
2.010155345791899903e-02
2.010093725836500922e-02
2.010030519818600120e-02
2.009966747863000183e-02
2.012890139566099815e-02
2.012824254354099798e-02
2.012760089196199975e-02
2.012695446553500189e-02
2.012632672484900367e-02
2.012569883421199898e-02
2.012506478994000036e-02
2.012441069241599143e-02
2.012381277267900198e-02
2.012315391505500178e-02
2.012252600516699699e-02
2.012187094543299928e-02
2.012123935895799784e-02
2.012062100202499995e-02
2.011998729294399435e-02
2.011935125530700183e-02
2.011869317767899998e-02
2.011806576839300642e-02
2.011739926990899902e-02
2.011673449344099709e-02
2.011607754171299001e-02
2.011545447642200043e-02
2.011484582427099793e-02
2.011422123749400173e-02
2.011356371682000016e-02
2.011290367489300054e-02
2.011229444869300914e-02
2.011166852766200358e-02
2.011103764674200198e-02
2.011037885671899950e-02
2.010973302199199619e-02
2.010909206947199962e-02
2.010845786796299980e-02
2.010780485781000007e-02
2.010717389623300003e-02
2.010654147378700130e-02
2.010589918552400587e-02
2.010527997529500469e-02
2.010462251641199904e-02
2.010401776601000029e-02
2.010338330398500281e-02
2.010275523572800649e-02
2.010211847101699839e-02
2.010148553828700405e-02
2.010087805444499970e-02
2.010024694512100099e-02
2.009957010560399493e-02
2.009893021942699143e-02
2.009825001724999810e-02
2.009762351852199813e-02
2.009696368464399668e-02
2.009632670984599565e-02
2.009568875574799934e-02
2.009504397255399907e-02
2.009440609155400612e-02
2.009374668041100445e-02
2.009314730170200236e-02
2.009254591354300151e-02
2.009192539112699544e-02
2.009127046384199741e-02
2.009064381803599836e-02
2.009002447301500363e-02
2.008940909401499969e-02
2.008875937702799680e-02
2.008810560327600053e-02
2.008744577200000103e-02
2.008679419294500876e-02
2.008618824467700223e-02
2.008555728699500456e-02
2.008492599357300165e-02
2.008427849002999629e-02
2.008364808532400042e-02
2.008299502240000131e-02
2.008236101943599791e-02
2.008170139880200572e-02
2.008107577958799864e-02
2.008043965984900037e-02
2.007979165292099466e-02
2.007917848552400256e-02
2.007852937857800349e-02
2.007789775620799633e-02
2.007727241627500075e-02
2.007662681643301167e-02
2.007599046764000500e-02
2.007537166803399775e-02
2.007473747214199786e-02
