-2.014581524625171094e-02
-2.014511848544958336e-02
-2.014442236912875051e-02
-2.014376399496175737e-02
-2.014308458226173396e-02
-2.014240089753576227e-02
-2.014173020270095676e-02
-2.014105766809868789e-02
-2.014036711922338047e-02
-2.013967891045860895e-02
-2.013900666926657715e-02
-2.013834158166458166e-02
-2.013762439743583058e-02
-2.013694719642400779e-02
-2.013628177142121750e-02
-2.013561734325435004e-02
-2.061417772884465913e-02
-2.061348433341263914e-02
-2.061282932724198269e-02
-2.061213361252315843e-02
-1.536952509185752547e+01
-2.064370929108396910e-02
-2.064298780087505530e-02
-2.064225690246012171e-02
-2.064156419792607250e-02
-2.064087009087526778e-02
-2.064015754392041144e-02
-2.063946752919145963e-02
-2.063875629503823458e-02
-2.063807768341528390e-02
-2.063736614894133223e-02
-2.063672189861832582e-02
-2.063601700001226752e-02
-2.063531074200021173e-02
-2.063457876979120711e-02
-2.063386170020008528e-02
-2.063315399578096246e-02
-2.063245838216497263e-02
-2.063172614763874799e-02
-2.063103654804813308e-02
-2.063036026007015328e-02
-2.062970468622311176e-02
-2.062900966044016113e-02
-2.062829242338203029e-02
-2.062764439644629993e-02
-2.062694748977054668e-02
-2.062625032681537560e-02
-2.062549872953732544e-02
-2.062480295234829508e-02
-2.062411365500653460e-02
-2.062339579135523751e-02
-2.062269251527513308e-02
-2.062198994978309621e-02
-2.062131222288624693e-02
-2.062059978757918230e-02
-2.061988223793017466e-02
-2.061921229215232798e-02
-2.061853824922935813e-02
-2.061783612310609526e-02
-2.061714926701914072e-02
-2.061642641716400839e-02
-2.061573161869697732e-02
-2.061499740748092696e-02
-2.061428575789701553e-02
-2.061822155418138042e-02
-2.061294184303206697e-02
-2.061223814673815435e-02
-2.061153737738026168e-02
-2.061083337863610365e-02
-2.061184750738605589e-02
-2.061118392387189038e-02
-2.061045651089921105e-02
-2.060977506747227461e-02
-2.060906975244741063e-02
-2.060836766057349764e-02
-2.060766895698741899e-02
-2.060696142864061955e-02
-2.060626364006232572e-02
-2.060556224181031570e-02
-2.060485710806215370e-02
-2.060417655086804051e-02
-2.060349288805690682e-02
-2.060280098488682238e-02
-2.060210899411890270e-02
-2.060140548171304070e-02
-2.060068741549925253e-02
-2.059997206500207775e-02
-2.059928100696436712e-02
-2.059854420752942408e-02
-2.059784430366051397e-02
-2.059717604992942694e-02
-2.059648128807429687e-02
-2.059581769810123544e-02
-2.059513176284922045e-02
-2.059445249287114588e-02
-2.059372884953520472e-02
-2.059305572440090285e-02
-2.059236090214119561e-02
-2.059167443015332000e-02
-2.059098681768335715e-02
-2.059025568770847872e-02
-2.058954427770749371e-02
-2.058886416923746965e-02
-2.058814421182136867e-02
-2.058744553006098404e-02
-2.058675942260581801e-02
-2.058605098104880973e-02
-2.058537719335402222e-02
-2.058466293095720032e-02
-2.058396114399304450e-02
-2.058327097621939078e-02
-2.058257693363738094e-02
-2.058186023666830344e-02
-2.058118546101228921e-02
-2.058049990835618751e-02
-2.057979930694202667e-02
-2.057912500239311715e-02
-2.057845859894796153e-02
-2.057774647589293709e-02
-2.057705546882200240e-02
-2.057634907515596551e-02
-2.057566425660923085e-02
-2.057498031934022406e-02
-2.057429072896917177e-02
-2.057358411400501963e-02
-2.057286584432596946e-02
-2.057214297914511381e-02
-2.057145501144135025e-02
-2.057075113290333934e-02
-2.057004621657423579e-02
-2.056935359003823210e-02
-2.056868362259723151e-02
-2.056801009904717092e-02
-2.056734280597287065e-02
-2.056662651577493769e-02
-1.439416812749403185e+01
-2.057866759625268452e-02
-2.057795080080282793e-02
-2.057724819286691625e-02
-2.057656735205583981e-02
-2.057588152539382986e-02
-2.057515259555895565e-02
-2.057445882692692310e-02
-2.057380234056741669e-02
-2.057311643232537929e-02
-2.057239990286732420e-02
-2.057173189237841357e-02
-2.057104502584946454e-02
-2.059268605058162810e-02
-2.059199277280028204e-02
-2.059132333442006968e-02
-2.059062041254399247e-02
-2.058993668350204628e-02
-2.058928254554814527e-02
-2.058858814576007210e-02
-2.058787582971423336e-02
-2.058718478022430673e-02
-2.058648969239219861e-02
-2.058576918294828181e-02
-2.058506410173629661e-02
-2.058436869962623761e-02
-2.058367260465214163e-02
-2.058300041354318988e-02
-2.058228140850908508e-02
-2.058160199839840013e-02
-2.058087044575407365e-02
-2.058019420294003587e-02
-2.057949836019722784e-02
-2.057880633664294773e-02
-2.057810559508231607e-02
-2.057746088950631463e-02
-2.057674366575739516e-02
-2.057602888494662260e-02
-2.057533664193656603e-02
-2.057463977418360832e-02
-2.057398299299436836e-02
-2.057330456719662359e-02
-2.057259787377055393e-02
-2.057189161459251764e-02
-2.057117624421553326e-02
-2.057049410255437638e-02
-2.056982679531670771e-02
-2.056913883734648799e-02
-2.056844479742076306e-02
-2.056771927667279398e-02
-2.056704141774176597e-02
-2.056635530891778169e-02
-2.056565208310385737e-02
-2.056495560252478982e-02
-2.056429046867597546e-02
-2.056358001471687846e-02
-2.056281452748790969e-02
-2.056214467645278363e-02
-2.056146957128464348e-02
-2.056075990294221542e-02
-2.056008125016412988e-02
-2.055940582530372401e-02
-2.055872835377166655e-02
-2.055806047044757626e-02
-2.055737372255655310e-02
-2.055666794239547485e-02
-2.055594023248049143e-02
-2.055527019788058046e-02
-2.055455247507741168e-02
-2.055386730777972182e-02
-2.055318092573769906e-02
-2.055250280859077447e-02
-2.055181080490178086e-02
-2.055109101430884627e-02
-2.055043802865661601e-02
-2.054974043939662015e-02
-2.054904420868358325e-02
-2.054833525412664771e-02
-2.054762721183764698e-02
-2.054691545122359561e-02
-2.054622704395679678e-02
-2.054555314835986718e-02
-2.054486976583577360e-02
-2.054421971090495541e-02
-2.054353470648321786e-02
-2.054282498779691837e-02
-2.054212887928097767e-02
-2.054140986390872239e-02
-2.054072152913767949e-02
-2.054005647579163971e-02
-2.053938549359365234e-02
-2.053864234388281737e-02
-2.053796801816090700e-02
-2.053725149338904779e-02
-2.053654578956700186e-02
-2.053588736636596454e-02
-2.053523518034676074e-02
-2.053452693901362813e-02
-2.053381836095771740e-02
-2.053316022604473323e-02
-1.723674050160871118e+01
-2.060258468780771721e-02
-2.060191889840399040e-02
-2.060123442602890959e-02
-2.060052779038788057e-02
-2.059979250715389745e-02
-2.059914300814683769e-02
-2.059846791366798033e-02
-2.059776085599707152e-02
-2.059707703760184014e-02
-2.059637999434591263e-02
-2.059569673527800876e-02
-2.059500055844715183e-02
-2.059429548902618617e-02
-2.059361310362810976e-02
-2.059291680668496466e-02
-2.059220344025079058e-02
-2.059150848783880897e-02
-2.059082244919972424e-02
-2.059010400547502118e-02
-2.058942134983055006e-02
-2.058873383410255581e-02
-2.058807655726356198e-02
-2.058738448475149960e-02
-2.058667881666016719e-02
-2.058601403275528777e-02
-2.058533569785929093e-02
-2.058458743840227770e-02
-2.058389445555918254e-02
-2.058322351734486258e-02
-2.058251431225282049e-02
-2.058181361489602387e-02
-2.058113509975606839e-02
-2.058045199825705301e-02
-2.057979519662086684e-02
-2.057905129085071949e-02
-2.057834003951988788e-02
-2.057765218189588560e-02
-2.057700176962499322e-02
-2.057632345568689847e-02
-2.057557506079795567e-02
-2.057491337103612566e-02
-2.057420838655036818e-02
-2.057354374545522155e-02
-2.057283292550311435e-02
-2.057216521175419394e-02
-2.057146156844623375e-02
-2.057079154621417952e-02
-2.057008357824628361e-02
-2.056938537763722610e-02
-2.056872038206431982e-02
-2.056800977220311910e-02
-2.056733526607319035e-02
-2.056664992611238751e-02
-2.056596978670037490e-02
-2.056527069672246452e-02
-2.056458316676653547e-02
-2.056386234977683469e-02
-2.056317002632179064e-02
-2.056246860820484801e-02
-2.056177614447273275e-02
-2.056107710083554183e-02
-2.056039020973340209e-02
-2.055968867014627832e-02
-2.055900355014439462e-02
-2.057858920833343166e-02
-2.057784655515920019e-02
-2.057716291490023844e-02
-2.057647211223532016e-02
-2.057580841024320151e-02
-2.057514146096431351e-02
-2.057443725215822583e-02
-2.057373883470718298e-02
-2.057304387983319161e-02
-2.057237230853895676e-02
-2.057169031142907362e-02
-2.057098345948596765e-02
-2.057029730038409734e-02
-2.056962544880922700e-02
-2.056892461610096076e-02
-2.056823467904711142e-02
-2.056752594522502295e-02
-2.056683918163120309e-02
-2.056613886062826080e-02
-2.056539459527727959e-02
-2.056472870554496013e-02
-2.056404553170907562e-02
-2.056336357740102400e-02
-2.056267963962917292e-02
-2.056198605679722402e-02
-2.056130930926095002e-02
-2.056061796490492311e-02
-2.055992875217895963e-02
-2.055927849230301113e-02
-2.055859027521921706e-02
-2.055786356585218716e-02
-2.053694265780599965e-02
-2.053625754131304174e-02
-2.053559930065610231e-02
-2.053488431921811005e-02
-2.053423397740795561e-02
-2.053355381932490953e-02
-2.053284801817458968e-02
-2.053219629793750362e-02
-2.053151687424242117e-02
-2.053084404277658037e-02
-2.053008447809867576e-02
-2.052942202828951165e-02
-2.052873255656350801e-02
-2.052805807720593789e-02
-2.052736528536285368e-02
-2.052663727420188725e-02
-2.052597255311185837e-02
-2.052526619907486111e-02
-2.052456779050574470e-02
-2.052386338188982862e-02
-2.052318228556388943e-02
-2.052249911885085584e-02
-2.052177827115377745e-02
-2.052108159063890935e-02
-2.052041968725595161e-02
-2.051973722554002733e-02
-2.051906628092832821e-02
-2.051838617069739676e-02
-2.051770568192106195e-02
-2.051702426227386411e-02
-2.051637796018784821e-02
-2.051567011252790340e-02
-2.051499369663466535e-02
-2.051430134716277637e-02
-2.051361408260689648e-02
-2.051295008560512570e-02
-2.051226561563014930e-02
-2.051157006872745409e-02
-2.051090534507764643e-02
-2.051015217523741857e-02
-2.050946488949636354e-02
-2.050872701463424264e-02
-2.050804238645612815e-02
-2.050735327866017033e-02
-2.050666911556518757e-02
-2.050598905797197322e-02
-2.050532903941111942e-02
-2.050463329208408389e-02
-2.050397204291517714e-02
-2.050326660582805702e-02
-2.050256048463883901e-02
-2.050189428240693085e-02
-2.050124388522783087e-02
-2.050054249525736644e-02
-2.049985773074053733e-02
-2.049917251970627061e-02
-2.049850520238057083e-02
-2.049781579080937541e-02
-2.049710993451757737e-02
-2.049641658603758645e-02
-2.049576158752179980e-02
-2.049506276982842809e-02
-2.049435079543062560e-02
-2.049369973520267021e-02
-2.049302897637267709e-02
-2.049231762686979860e-02
-2.049161522914277889e-02
-2.049092173259355401e-02
-2.049023500518575708e-02
-2.048952923557172817e-02
-2.048884398072069526e-02
-2.048816673798581345e-02
-2.048750538070594901e-02
-2.048681308216815378e-02
-2.048613374065717113e-02
-2.048546719308616190e-02
-2.048478290393219992e-02
-2.048411867386318655e-02
-2.048341233355801400e-02
-2.048270730756501096e-02
-2.048203099683996650e-02
-2.048134413628706352e-02
-2.048064631370306518e-02
-2.047995666984015611e-02
-2.047929672988036201e-02
-2.047859054505629661e-02
-2.047789275566632913e-02
-2.047721765934409563e-02
-2.047655268480981158e-02
-2.047589438343986809e-02
-2.047517046087074521e-02
-2.047447010887181243e-02
-2.047378189878003990e-02
-2.047311100947514853e-02
-2.047246762975818077e-02
-2.047177807969494112e-02
-2.047110220553500018e-02
-2.047042986768612960e-02
-2.046970557045522249e-02
-2.046900847100406248e-02
-2.046833534180324266e-02
-2.046762579749518071e-02
-2.046695419499836716e-02
-2.046626168614326668e-02
-2.046559652888923359e-02
-2.046490628082604443e-02
-2.046424661511109591e-02
-2.046354108622891119e-02
-2.046286143737186675e-02
-2.046217388068885881e-02
-2.046149321512700375e-02
-2.046082935295175445e-02
-2.046014075970062004e-02
-2.045944570199944440e-02
-2.045875351420328031e-02
-2.045810138980756060e-02
-2.045738496385968511e-02
-2.044438005446698806e-02
-2.044571873995408226e-02
-2.044507669001530484e-02
-2.044439559876544757e-02
-2.044371671638072277e-02
-2.044301712667269746e-02
-2.044231626611760222e-02
-2.044162161605949171e-02
-2.044096375454941897e-02
-2.044029456449719326e-02
-2.043960717501629165e-02
-2.043892796172533388e-02
-2.043827834545223002e-02
-2.043760243428130105e-02
-2.043690569540524207e-02
-2.043618884141945591e-02
-2.043549410579949266e-02
-2.043480744315451930e-02
-2.043415428915253476e-02
-2.043345775958755814e-02
-2.043278943388040017e-02
-2.043210017664232048e-02
-2.043142615069822032e-02
-2.043074725300941460e-02
-2.043003890307647924e-02
-2.042935638983637420e-02
-2.042868613335705255e-02
-2.042801441450625699e-02
-2.042732597995537691e-02
-2.042662498453753916e-02
-2.042593426687353692e-02
-2.042527760050133132e-02
-2.042462991123820612e-02
-2.042393008013231384e-02
-2.042325091181129704e-02
-2.042258008319123089e-02
-2.042189136288638865e-02
-2.042122417718400529e-02
-2.042053411338107596e-02
-2.041985447954692071e-02
-2.041915248558000967e-02
-2.041845868402214839e-02
-2.041777322167606309e-02
-2.041706364323719186e-02
-2.041638028090037374e-02
-2.041570911821245782e-02
-2.041505978846634706e-02
-2.044162022876224935e-02
-2.044092458287641648e-02
-2.044024149019461889e-02
-2.043957302662050696e-02
-2.043888117410832053e-02
-2.043820949256136554e-02
-2.043755239309094640e-02
-2.043687711017194361e-02
-2.043618643906394694e-02
-2.043552188153132526e-02
-2.043486186370724669e-02
-2.043418050573725039e-02
-2.043348643348115098e-02
-2.043279350117023843e-02
-2.043211212439833072e-02
-2.043140751151346565e-02
-2.043071884003047622e-02
-2.043004592594333327e-02
-2.042939949416133771e-02
-2.042870970343721448e-02
-2.042804167598005066e-02
-2.042731960434737010e-02
-2.042663383596822826e-02
-2.042595033456610226e-02
-2.042527794630491847e-02
-2.042459905748884516e-02
-2.042391735962496152e-02
-2.042326444000604549e-02
-2.042257214648204519e-02
-2.042188070644497186e-02
-1.763999761574514125e+01
-2.053280707095591143e-02
-2.053213756132987386e-02
-2.053141879902505712e-02
-2.053072750634579377e-02
-2.053000570067350927e-02
-2.052933195698839267e-02
-2.052867422295851993e-02
-2.052799761960759362e-02
-2.052729374931570525e-02
-2.052662285389481381e-02
-2.052588051682488479e-02
-2.052521396318778696e-02
-2.052454805388775547e-02
-2.052387683180587410e-02
-2.052320521788790139e-02
-2.052251749691968649e-02
-2.052183891706565663e-02
-2.052115194778973348e-02
-1.417080433360843550e+01
-2.053379339909888399e-02
-2.053313637554480750e-02
-2.053245129902480162e-02
-2.053177973704880394e-02
-2.053110478112450329e-02
-2.053041270092863246e-02
-2.052970997736969574e-02
-2.052903538849070939e-02
-2.052834632840282170e-02
-2.052767686192975144e-02
-2.052703662705573223e-02
-2.052634281534486058e-02
-2.052566089616680856e-02
-2.052493646410175065e-02
-2.052427797306386956e-02
-2.052356806398773423e-02
-2.052289920791793704e-02
-2.052220785657300414e-02
-2.052149063365597825e-02
-2.052084223021085480e-02
-2.052017291389063997e-02
-2.051950087615256324e-02
-2.051881816930945998e-02
-2.051815446159855477e-02
-2.051746227251873347e-02
-2.051677557904685659e-02
-2.051607990887299032e-02
-2.051536961289696093e-02
-2.051471516375996673e-02
-2.051403261973899078e-02
-2.051330703930700702e-02
-2.051261184351282907e-02
-2.051195336635287109e-02
-2.051126362012789875e-02
-2.051057249982009625e-02
-2.050989662911207809e-02
-2.050923340973194800e-02
-2.050857173399862898e-02
-2.050790380709450328e-02
-2.050722849834870840e-02
-2.050655408851772069e-02
-2.050586906955976368e-02
-2.050519551538514812e-02
-2.050448072850120235e-02
-2.050379394334816627e-02
-2.050310101458817716e-02
-2.050242400927810085e-02
-2.050178857655330852e-02
-2.050108551703708898e-02
-2.050037799444702838e-02
-2.049971080291302511e-02
-2.049903776453806600e-02
-2.049835698603991521e-02
-2.049763075569787513e-02
-2.049694506060888502e-02
-2.049629318064288483e-02
-2.049560678483885665e-02
-2.049491544992184527e-02
-2.049425769567495698e-02
-2.049357739453593757e-02
-2.049290220932982118e-02
-2.049221025499285004e-02
-2.049155655351578634e-02
-2.049087066053196030e-02
-2.049016873767494848e-02
-2.048950997264995313e-02
-2.048881704991409314e-02
-2.048810788675694758e-02
-2.048743083446298227e-02
-2.048676012002612762e-02
-2.048610079809510057e-02
-2.048541752492934187e-02
-2.048472190182219071e-02
-2.048403859070897434e-02
-2.048334701320888435e-02
-2.048266213872590100e-02
-2.048201716439182127e-02
-2.048133408788307269e-02
-2.048067809230907227e-02
-2.048000509090908486e-02
-2.047931708998401712e-02
-2.047862291665682871e-02
-2.047791117117580065e-02
-2.047724514771688542e-02
-2.047657590414701453e-02
-2.047587505940370867e-02
-2.047516423105468636e-02
-2.047448781595382489e-02
-2.047380478368894877e-02
-2.047315534969097739e-02
-2.047248272634989708e-02
-2.047181449564800665e-02
-2.047113055603012530e-02
-2.047045027873693399e-02
-2.046978654972995623e-02
-2.046909813359602467e-02
-2.046841893093925488e-02
-2.046775827590123151e-02
-2.046707938067017854e-02
-2.046637701395617737e-02
-2.046571603873425377e-02
-2.046500847325529934e-02
-2.046435935473729303e-02
-2.046368952726522125e-02
-2.046300257468215700e-02
-2.046234005979438025e-02
-2.046158543617542652e-02
-2.046087807965938504e-02
-2.046022025807918768e-02
-2.045955512836409099e-02
-2.045888994130094438e-02
-2.045820477506508223e-02
-2.045753089341218259e-02
-2.045683386074139548e-02
-2.045620662867631001e-02
-2.045552757599417015e-02
-2.045486077257005833e-02
-2.045420981214701728e-02
-2.045353358292202606e-02
-2.045283246534421173e-02
-2.045214230703416153e-02
-2.045146668081394836e-02
-2.045076484831598318e-02
-2.045006399557697599e-02
-2.044939070821425245e-02
-2.044870726729326391e-02
-2.044802028833536678e-02
-2.044734524350921151e-02
-2.044667149558007310e-02
-2.044600602686526963e-02
-2.044533431382021885e-02
-2.044462860120541819e-02
-2.044396512373641839e-02
-2.044329026365868454e-02
-2.044265421563363008e-02
-2.044198984066964569e-02
-2.044131956855178150e-02
-2.044062082430062391e-02
-2.043993008263132044e-02
-2.043928100702223707e-02
-2.043857157274616212e-02
-2.043788342051934895e-02
-2.043720735093336807e-02
-2.043653277037715821e-02
-2.043587092850324138e-02
-2.043519989218127095e-02
-2.043450480414825410e-02
-1.765995649127531664e+01
-2.053378924078126666e-02
-2.053308881621106544e-02
-2.053241325518498708e-02
-2.053170694406477800e-02
-2.053101587251678073e-02
-2.053036956394487661e-02
-2.052969616657579141e-02
-2.052902801830985141e-02
-2.052871633044114213e-02
-2.052803391991514514e-02
-2.052736614417625602e-02
-2.052665606191219488e-02
-2.052598510917018684e-02
-2.052530992190215037e-02
-2.052466259993991279e-02
-2.052398159504181113e-02
-2.052331446792298245e-02
-2.052263457947607964e-02
-2.052194779468809183e-02
-2.052128199053511459e-02
-2.052022689290279936e-02
-2.051952972329270167e-02
-2.051883053658587128e-02
-2.051814671030097875e-02
-2.051750617911583807e-02
-2.051677803553580981e-02
-2.051610645860894866e-02
-2.051540718161506266e-02
-2.051469986147109667e-02
-2.051403700446709222e-02
-2.051335961243881678e-02
-2.051269045077379338e-02
-2.051202326697567149e-02
-2.051173878247452079e-02
-2.051107078223237193e-02
-2.051038083744246426e-02
-2.050973402850334720e-02
-2.050905868509452293e-02
-2.050835372726074815e-02
-2.050768041977910072e-02
-2.050700075651107346e-02
-2.050630207701805222e-02
-2.050564442141914606e-02
-2.050496530543116647e-02
-2.050428430478287017e-02
-2.050358877087892634e-02
-2.050289975260491046e-02
-2.050223685240478919e-02
-2.050155972827864478e-02
-2.050086441491859660e-02
-2.050018348873767701e-02
-2.049951846410670228e-02
-2.049887105549893715e-02
-2.049818456655795249e-02
-2.049748159535593958e-02
-2.049681572985196168e-02
-2.049616259454169198e-02
-2.049546576395774866e-02
-2.049480005356879922e-02
-2.049411091056472720e-02
-2.049342484366781930e-02
-2.049274709651180068e-02
-2.049205269186760159e-02
-2.049136563721872320e-02
-2.049069311249480593e-02
-2.049003232890282342e-02
-2.048934891064084496e-02
-2.048866926815293837e-02
-2.048798153355906732e-02
-2.048732339138687603e-02
-2.048667443961794260e-02
-2.048599239919515411e-02
-2.048532383795216225e-02
-2.048465284498248579e-02
-2.048396908899754315e-02
-2.048327266815421627e-02
-2.048257454595005245e-02
-2.048190382016998323e-02
-2.048124322296186392e-02
-2.048056856165376277e-02
-2.047988166367070012e-02
-2.047920799085994545e-02
-2.047854719211213148e-02
-2.047785435505537766e-02
-2.047719792967929442e-02
-2.047649574825127425e-02
-2.047581163952425995e-02
-2.047513534082727460e-02
-2.047443733750823822e-02
-2.047375089441412846e-02
-2.047308902571835787e-02
-2.047241211288630333e-02
-2.047176186918017379e-02
-2.047109738914731566e-02
-2.047045216951434710e-02
-2.046975853984323718e-02
-2.046907530003332087e-02
-2.046839884570337414e-02
-2.046771013298830794e-02
-2.046701309064835606e-02
-2.046632431711424560e-02
-2.046567861674824032e-02
-2.046499553101214022e-02
-2.046433904288706002e-02
-2.046367780641972223e-02
-2.046300536489857602e-02
-2.046230795692279003e-02
-2.046159981853659313e-02
-2.046095994819871478e-02
-2.046027544881697316e-02
-2.045960015012216610e-02
-2.045891712234267426e-02
-2.045826515335072773e-02
-2.045755641365777644e-02
-2.045690332314798951e-02
-2.045622173488513898e-02
-2.045554604260979223e-02
-2.045486442286660253e-02
-2.045419335375775124e-02
-2.045349955762771135e-02
-2.045282688689284423e-02
-2.045215642890174657e-02
-2.045151283126766042e-02
-2.045082951544368102e-02
-2.045015338555575268e-02
-2.044945245419475810e-02
-2.044878012330968164e-02
-2.044812368470695987e-02
-2.044746271107801550e-02
-2.044678378209198802e-02
-2.045378399854599905e-02
-2.045310061864788129e-02
-2.045241014503589722e-02
-2.045173553917996323e-02
-2.045106135863688709e-02
-2.045039632973028043e-02
-2.044975581950591800e-02
-2.044905786748113172e-02
-2.044840184834433722e-02
-2.044771395076024414e-02
-2.044779168478614087e-02
-2.044712657132620459e-02
-2.044645475275995092e-02
-2.044577962176721483e-02
-2.044509382980485429e-02
-2.044440319270884529e-02
-2.044370411502295995e-02
-2.044303451481303130e-02
-2.044237051505312305e-02
-2.044170774630409484e-02
-2.044105712074704290e-02
-2.044036288463284626e-02
-2.043783466078705896e-02
-2.043713829584589345e-02
-2.043647923392789834e-02
-2.043578875164981518e-02
-1.397348465998491029e+01
-2.049938806542482214e-02
-2.049870090628283861e-02
-2.049802840114682556e-02
-2.049735380985090796e-02
-2.049668626919108616e-02
-2.049600230946097348e-02
-2.049530778771626108e-02
-2.049464879183518842e-02
-2.049397529635223203e-02
-2.049329485645803861e-02
-2.049264108835896145e-02
-2.049197206415685757e-02
-2.049130759189978987e-02
-2.049062695110772520e-02
-2.048992239967884627e-02
-2.048925448842482677e-02
-2.048856219568585130e-02
-2.048789728116886394e-02
-2.048721143856781571e-02
-2.048650537516973416e-02
-2.048584952937761161e-02
-2.048517255599949238e-02
-2.048451266803557810e-02
-2.048384815078464413e-02
-2.048317876841545399e-02
-2.048250663616956249e-02
-2.048185460513769068e-02
-2.048116762812677433e-02
-2.048045847690070642e-02
-2.047982314586062683e-02
-2.047910943474143611e-02
-2.047842722190755874e-02
-2.047773452398991140e-02
-2.047711475790072247e-02
-2.047643661334184670e-02
-2.047575663134683019e-02
-2.047507850681201322e-02
-2.047441995752088267e-02
-2.047376190944617466e-02
-2.047306555278710291e-02
-2.047240982216007657e-02
-2.047172787759631019e-02
-2.047105962185034878e-02
-2.047039548594030076e-02
-2.046968018820989610e-02
-2.046898359886972774e-02
-2.046831475678180870e-02
-2.046764728659195703e-02
-2.046697148434478697e-02
-2.046628928196313202e-02
-2.046565425401504490e-02
-2.046497625566711526e-02
-2.046429896447698668e-02
-2.046364845788510578e-02
-2.052315666034131014e-02
-2.052246661211135428e-02
-2.052180345085053217e-02
-2.052125083264834740e-02
-2.052046462385738804e-02
-2.051980727185943529e-02
-2.051923064704236355e-02
-2.051856360301148804e-02
-2.051789462912514961e-02
-2.051722856871002545e-02
-2.051654219272160476e-02
-2.051583236485567466e-02
-2.051516018416358472e-02
-2.051452013943264041e-02
-2.051382465746868708e-02
-2.051316551445991204e-02
-2.051249743191309316e-02
-2.051182275634414950e-02
-2.051113956864999630e-02
-2.051044149275508058e-02
-2.050977735725519405e-02
-2.050910115240901430e-02
-2.050842997157509978e-02
-2.050777285654927298e-02
-2.050709226026821083e-02
-2.050642076025215380e-02
-2.050571815968710299e-02
-2.050506772465731514e-02
-2.050437587396332362e-02
-2.050370641338326166e-02
-2.050306624192720084e-02
-2.050235971637901639e-02
-2.050169166831298032e-02
-2.050100028909992295e-02
-2.050035887786273020e-02
-2.049968384455559331e-02
-2.049900196326961618e-02
-2.049834327134240561e-02
-2.049765733161943576e-02
-2.049697513084351025e-02
-2.049628717222277616e-02
-2.049563083760882337e-02
-2.049495550146799433e-02
-2.049427864209499642e-02
-2.049360700147488321e-02
-2.049294349087511444e-02
-2.049226926954214253e-02
-2.049158284839291966e-02
-2.049094152953196205e-02
-2.049025851140602247e-02
-2.048957459486285687e-02
-2.048889103819570567e-02
-2.048824415203299651e-02
-2.048754805406084040e-02
-2.048686431405394304e-02
-2.048620421849118439e-02
-2.048553340169615919e-02
-2.048486888708990830e-02
-2.048420029119194657e-02
-2.048353889291185115e-02
-2.048287180052882697e-02
-2.048214521824311476e-02
-2.048144728364943712e-02
-2.048080943150938638e-02
-2.048014723214444319e-02
-2.047948112194921885e-02
-2.047882340413733487e-02
-2.047814951804308170e-02
-2.047746358320003818e-02
-2.047678999400281627e-02
-2.047612399844563405e-02
-2.047546370415751632e-02
-2.047479055855254068e-02
-2.047411025980754723e-02
-2.047343879352760132e-02
-2.047276616485566025e-02
-2.047212104307183020e-02
-2.047143662793267371e-02
-2.053484286134994036e-02
-2.053586715942673849e-02
-2.051910207080574408e-02
-2.054488951746370057e-02
-2.050694157481498109e-02
-2.050628355156411745e-02
-2.050559412055222297e-02
-2.050490715039988282e-02
-2.050427483734095294e-02
-2.050359190837710774e-02
-2.050294160133814270e-02
-2.050227660242799274e-02
-2.050159839378393883e-02
-2.050092280210306581e-02
-2.050025026336706191e-02
-2.049958585272381589e-02
-2.049888147266578156e-02
-2.049823902975981757e-02
-2.049767590860092012e-02
-2.049698220384700564e-02
-2.049631886837413250e-02
-2.049565334589018711e-02
-2.049496941469635541e-02
-2.049430391076545455e-02
-2.049366710843622888e-02
-2.049299465233832968e-02
-2.049231331386314539e-02
-2.049162881794140342e-02
-2.049097272149557475e-02
-2.049027985698136448e-02
-2.048962740641041211e-02
-2.046215737950843327e-02
-2.045978117266622834e-02
-2.047517939887963379e-02
-2.044804749645832975e-02
-2.044739104097335544e-02
-2.044671472224719386e-02
-2.044604339324225875e-02
-2.044540325356218949e-02
-2.044474297446728997e-02
-2.044402560783209477e-02
-2.044336190294506264e-02
-2.044267570713094104e-02
-2.044204919410297361e-02
-2.044136403561698512e-02
-2.044067472273011082e-02
-2.044000935246109013e-02
-2.043934738160600728e-02
-2.043868246261588972e-02
-2.043800412705700995e-02
-2.043734850032725980e-02
-2.043666672705835019e-02
-2.043601380351627028e-02
-2.043530847142610921e-02
-2.043463301516105710e-02
-2.043399354894005412e-02
-2.043335280977601892e-02
-2.043267475841915523e-02
-2.043199571816126103e-02
-2.043132398691897486e-02
-2.043067685389403018e-02
-2.043001778213990316e-02
-2.042932711933397386e-02
-2.042862653548994933e-02
-2.042798518814985254e-02
-2.042730645571652626e-02
-2.042661530254049826e-02
-2.042592306885750164e-02
-2.042526019461853026e-02
-2.042457935571578495e-02
-2.042393945418879628e-02
-2.042327305389589343e-02
-2.042260087237903962e-02
-2.042195137902996782e-02
-2.042127726436913232e-02
-2.042063227253929775e-02
-2.041998551935125805e-02
-2.041931586029550882e-02
-2.041864983097853650e-02
-2.041792449018755076e-02
-2.041726306020048148e-02
-2.041660440449572303e-02
-2.041593127663155621e-02
-2.041526428666472562e-02
-2.041461152790634975e-02
-2.041395512222837424e-02
-2.041329506197814281e-02
-2.041263828053222276e-02
-2.041195621259141169e-02
-2.041697896428435258e-02
-2.041055185928123197e-02
-2.043335916385025097e-02
-2.043271862229418395e-02
-2.043202339515899635e-02
-2.043133893202392359e-02
-2.043069088452002108e-02
-2.043001383207721997e-02
-2.042932019280813832e-02
-2.029354559629859001e-02
-2.029290502258548554e-02
-2.029226105054153517e-02
-2.029158250982827927e-02
-2.027193667857259129e-02
-2.027129562892587139e-02
-2.027061127158091489e-02
-2.028758665277154496e-02
-2.028689594529942131e-02
-2.028620305174394511e-02
-2.028555375355082027e-02
-2.028492329948697326e-02
-2.028423474221309128e-02
-2.028358201531704416e-02
-2.028292614193998034e-02
-2.028225020483999733e-02
-2.028160107111705995e-02
-2.028093712750785732e-02
-2.028033179279387088e-02
-2.027965784017871434e-02
-2.027895515750154781e-02
-2.027830910051424060e-02
-2.027761809586727665e-02
-2.027695048605032344e-02
-2.027629599791443832e-02
-2.027565114215246211e-02
-2.027499449623163322e-02
-2.027430322334677557e-02
-2.027365213921192635e-02
-2.027299229111690151e-02
-2.027232651000899014e-02
-2.027168546507204447e-02
-2.027101854940703898e-02
-2.027034003170214219e-02
-2.026966989398406443e-02
-2.026899612901626041e-02
-2.026835474162127365e-02
-2.026769200023222431e-02
-2.024760959784923167e-02
-2.024690854771426032e-02
-2.024625889065716916e-02
-2.024559153551130919e-02
-2.024494337569619773e-02
-2.024429928708304169e-02
-2.024363652619490597e-02
-2.024297157411394238e-02
-2.024231104283491164e-02
-2.024164774485983850e-02
-2.024098724028191090e-02
-2.024034691930478094e-02
-2.023966775142791580e-02
-2.023900691104117341e-02
-2.023834851185911388e-02
-2.023770518638105809e-02
-2.023701979950700072e-02
-2.023638309916598807e-02
-2.023573401311598921e-02
-2.023505166061799476e-02
-2.023440702378412684e-02
-2.023374404457532749e-02
-2.023305544681842233e-02
-2.023237363618317006e-02
-2.023172263109387220e-02
-2.023104599437864498e-02
-2.023037532264580426e-02
-2.022972123480389073e-02
-2.022909705172502154e-02
-2.022843410289407520e-02
-2.022778476372195239e-02
-2.022709782592926539e-02
-2.022643914638317178e-02
-2.022576035729996627e-02
-2.022512925195081926e-02
-2.022444610337977705e-02
-2.022376447597282884e-02
-2.022314948010552754e-02
-2.022249615177170931e-02
-2.022188204532866448e-02
-2.022122915832081855e-02
-2.022057174897411852e-02
-2.021986093566106174e-02
-2.021919530007211183e-02
-2.021853977524904616e-02
-2.021791152320834978e-02
-2.021723010068728413e-02
-2.021660099931439636e-02
-2.021592325546947219e-02
-2.021522403546241811e-02
-2.021455841021232991e-02
-2.021390122342723097e-02
-2.021322740173827487e-02
-2.021257378511791616e-02
-2.021193145280093112e-02
-2.021126650095009594e-02
-2.021060815507908642e-02
-2.020995344097830521e-02
-2.020927277422923315e-02
-2.020863279464122156e-02
-2.020795628602115035e-02
-2.020729980526204603e-02
-2.020663220049008155e-02
-2.020600974818525727e-02
-2.020535957006025854e-02
-2.020469030724015430e-02
-2.020403397233294998e-02
-2.020339162215097767e-02
-2.020275819415698684e-02
-2.020211149174887602e-02
-2.020145380753770106e-02
-2.020077356602599863e-02
-2.020009841256115504e-02
-2.019944214200615484e-02
-2.019876190969594962e-02
-2.019809594436321881e-02
-2.019746955017033205e-02
-2.019680655464826946e-02
-2.019612178333603930e-02
-2.019546751306692395e-02
-2.019480720467298901e-02
-2.019414042077109783e-02
-2.019347125504198162e-02
-2.019280909281504638e-02
-2.019216354594098942e-02
-2.019152171558386347e-02
-2.019087375186591135e-02
-2.019018173135379499e-02
-2.018953421789484656e-02
-2.018886436050473451e-02
-2.018823329956571586e-02
-2.018759151392168077e-02
-2.018689704777676744e-02
-2.018626557402487809e-02
-2.018562211429993439e-02
-2.018495468612989049e-02
-2.018432079722071865e-02
-2.018364385928981056e-02
-2.018300112959191608e-02
-2.018236994664292586e-02
-2.018168753397988485e-02
-2.018102031216590167e-02
-2.018035424087480725e-02
-2.017968527686387487e-02
-2.017905338141785451e-02
-2.017839348382819559e-02
-2.017773789272516577e-02
-2.017712663999307252e-02
-2.017645024104606014e-02
-2.017576435222908846e-02
-2.017505631471020952e-02
-2.017438795306309568e-02
-2.017371507838613270e-02
-2.017305884865728052e-02
-2.017240512447846315e-02
-2.017175342053668247e-02
-2.017114583685836876e-02
-2.017047520605536395e-02
-2.016984442122727109e-02
-2.016918660438321576e-02
-2.016851585179438647e-02
-2.016788735718934647e-02
-2.016725310255329875e-02
-2.033512505703285664e-02
-2.033445291742574934e-02
-2.033380049280060498e-02
-2.033315253642569570e-02
-2.033248142025963906e-02
-2.033181339437252488e-02
-2.033116664746058636e-02
-2.033048124707573581e-02
-2.032981798148192007e-02
-2.032915864373414927e-02
-2.032847422746303021e-02
-2.032781119894898347e-02
-2.032715284433892627e-02
-2.032651645552594616e-02
-2.032584975833374996e-02
-2.032516626937171805e-02
-2.032450672928170707e-02
-2.032387091157486850e-02
-2.032324095436885761e-02
-2.032258650462174729e-02
-2.032189466948780207e-02
-2.032123759454782311e-02
-2.032054398100797618e-02
-2.031988130302010004e-02
-2.031922035016919467e-02
-2.031854470448618555e-02
-2.031791351963128933e-02
-2.031729096316011590e-02
-2.031659904788203977e-02
-2.031594625068592827e-02
-2.031529268531174007e-02
-2.031464741940703853e-02
-2.031397570993631954e-02
-2.031328205749925037e-02
-2.031263443150608042e-02
-2.031197990696280431e-02
-2.031127910620388055e-02
-2.031064301790980534e-02
-2.030996342928871254e-02
-2.030931724615663014e-02
-2.030866253326381668e-02
-2.030800152994003543e-02
-2.030737718454496757e-02
-2.030674663664897364e-02
-2.030609134585234510e-02
-2.030541577375504642e-02
-2.030474178875815716e-02
-2.030404321587108568e-02
-2.030340308895795323e-02
-2.030273740436304084e-02
-2.030205484106418351e-02
-2.030138790585692479e-02
-2.030074226243405722e-02
-2.030011932547922532e-02
-2.029946852202126756e-02
-2.029880264430339309e-02
-2.029814357089228943e-02
-2.029749755981027567e-02
-2.029681327796749313e-02
-2.029612830292756506e-02
-2.029542161686437307e-02
-2.029477593837250224e-02
-2.029415899973435744e-02
-2.029351764017636381e-02
-2.029283315669244692e-02
-2.029216343579829523e-02
-2.029152988134846902e-02
-2.029087993688248603e-02
-2.029022687313654719e-02
-2.028958718950261975e-02
-2.028890367687646856e-02
-2.028823073845218913e-02
-2.028755826208910457e-02
-2.028691062887009663e-02
-2.028625585178211663e-02
-2.028562206438704746e-02
-2.028497115280889981e-02
-2.028430641086388653e-02
-2.028362136328290891e-02
-2.028299886923601650e-02
-2.028233258516016352e-02
-2.028163927804210384e-02
-2.028096656450030510e-02
-2.028033287739940474e-02
-2.027968184792916517e-02
-2.027905283252704263e-02
-2.027835447093118137e-02
-2.027768707706989124e-02
-2.027703793793579276e-02
-2.027637644675281750e-02
-2.027572080090358012e-02
-2.027505007140151250e-02
-2.027440729454133700e-02
-2.027375307163845758e-02
-2.027310198670771377e-02
-2.027243735519875314e-02
-2.027177667349785647e-02
-2.027112834234681693e-02
-2.027049587067872652e-02
-2.026984537217078192e-02
-2.026916094741915489e-02
-2.026848448616832069e-02
-2.026780607438636098e-02
-2.026716873959148388e-02
-2.026650402299727191e-02
-2.026585281155019944e-02
-2.026523610244803167e-02
-1.311939881482620684e+01
-2.028379857439226511e-02
-2.028313364966034468e-02
-2.028250681517215423e-02
-2.028181087928008705e-02
-2.028114515262821604e-02
-2.028047731421415631e-02
-2.027980424751721009e-02
-2.027916207616422758e-02
-2.027851406823687197e-02
-2.027787407095473643e-02
-2.027716561605574785e-02
-2.027651503769373198e-02
-2.027589819716182559e-02
-2.027521780228995138e-02
-2.027455372904691036e-02
-2.027389766672997237e-02
-2.027325486896293036e-02
-2.027258618668384763e-02
-2.027193520400158780e-02
-2.027129809048002981e-02
-2.027061493577987650e-02
-2.026995041719591509e-02
-2.026931608110904559e-02
-2.026866903857997906e-02
-2.026800906276283315e-02
-2.026736755571687323e-02
-2.026672687050995805e-02
-2.026607083811814147e-02
-2.026540395653451954e-02
-2.026471385177941453e-02
-2.026405321799747833e-02
-2.026342147631756546e-02
-2.026275230518735648e-02
-2.026211274899523268e-02
-2.026144510888708630e-02
-2.026078163101996399e-02
-2.026012179641984573e-02
-2.025945840923007446e-02
-2.025877553759385108e-02
-2.025811503599363878e-02
-2.025747525862263768e-02
-2.025681942092965801e-02
-2.025615208686484467e-02
-2.025550205622197314e-02
-2.025487353804701629e-02
-2.025422108279610264e-02
-2.025356776559606234e-02
-2.025293429214011787e-02
-2.025228966107008727e-02
-2.025160832978317726e-02
-2.025095849167221629e-02
-2.025030682984315170e-02
-2.024962669121422101e-02
-2.024899624513431390e-02
-2.024832467960097429e-02
-2.024770005849899426e-02
-2.024702256869586464e-02
-2.024636627202997322e-02
-2.024572036690990701e-02
-2.024504152197909371e-02
-1.598219129436202657e+01
-2.025647530007381944e-02
-2.025578272268599780e-02
-2.025513472183719174e-02
-2.025447315915526389e-02
-2.025382707450899475e-02
-2.025317275955887744e-02
-2.025254851866182398e-02
-2.025190998593374286e-02
-2.025124762451767368e-02
-2.025059990306959934e-02
-2.024993489200968555e-02
-2.024926118175253420e-02
-2.024859755870878075e-02
-2.024793167286065634e-02
-2.024729149820993571e-02
-2.024664638865999317e-02
-2.024601346325893489e-02
-2.024534831400813875e-02
-2.024468672635194866e-02
-2.024403589628791938e-02
-2.024338113000063652e-02
-2.024273361079248837e-02
-2.024207760887532931e-02
-2.024144072427937549e-02
-2.026491418373991063e-02
-2.026393802257376447e-02
-2.026324414746474498e-02
-2.026258700413562444e-02
-2.026198134470955092e-02
-2.026134221533133078e-02
-2.026069486604539088e-02
-2.026003956732955538e-02
-2.025938514957763281e-02
-2.025873950950853389e-02
-2.025807318960045136e-02
-2.025742105539955762e-02
-2.024671250754764631e-02
-2.025609077514061232e-02
-2.025544888064965618e-02
-2.025482703380068750e-02
-2.025415276684882498e-02
-2.025346192788076913e-02
-2.025281095803987963e-02
-2.025215903674887699e-02
-2.025154064556607819e-02
-2.025085457160311769e-02
-2.025024714083214009e-02
-2.024956244043635625e-02
-2.024891444052626457e-02
-2.024825381766007237e-02
-2.024760713042590005e-02
-2.024691285289093728e-02
-2.024626567566188695e-02
-2.024559345983074909e-02
-2.024496770504188858e-02
-2.024430298661386921e-02
-2.024365576622177282e-02
-2.024302485032677956e-02
-2.024238781530981329e-02
-2.024170529746775055e-02
-2.024106283777153334e-02
-2.024039380780376721e-02
-2.023975420792172367e-02
-2.023911855555947034e-02
-2.023846783136683952e-02
-2.023782405169798418e-02
-2.023713866838602188e-02
-2.023644596540501162e-02
-2.027039637104772682e-02
-2.026974266410689479e-02
-2.026909147463791527e-02
-2.026838696405499490e-02
-2.026772676939290682e-02
-2.026708237708289492e-02
-2.026643404102378143e-02
-2.026578872129378844e-02
-2.026513591501682282e-02
-2.026445758063887340e-02
-2.026377297697022281e-02
-2.026311639945430759e-02
-2.026246031271527331e-02
-2.026182085970336041e-02
-2.026117001721338545e-02
-2.026055008395147294e-02
-2.025987009890448456e-02
-2.025922666672243244e-02
-2.025858954801719111e-02
-2.025796203962235489e-02
-2.025734238273011953e-02
-2.025667321416618760e-02
-2.025600751168807681e-02
-2.025536803821507276e-02
-2.025470878011521869e-02
-2.025400897297127342e-02
-2.025334696773724297e-02
-2.025266300897100857e-02
-2.025204095303377236e-02
-2.025139716210580185e-02
-2.025075366049989764e-02
-2.025006758882083591e-02
-2.024942937448682284e-02
-2.024878579183066532e-02
-2.024812535030358698e-02
-2.024747917797761060e-02
-2.024683398277150881e-02
-2.024618741027726584e-02
-2.024554980896441092e-02
-2.024487899841763069e-02
-2.024418582718265011e-02
-2.024355310019685869e-02
-2.024289994923794689e-02
-2.024224985604503035e-02
-2.024159842349511004e-02
-2.024093647314191557e-02
-2.024027034062906433e-02
-2.023960851494219920e-02
-2.023895900259513325e-02
-2.023833276018911428e-02
-2.023770477846711935e-02
-2.023704853878979457e-02
-2.023639967649580595e-02
-2.023576196604988386e-02
-2.023511574762618462e-02
-2.023442902276312641e-02
-2.023377846357232376e-02
-1.555891026599197247e+01
-2.023791569480734229e-02
-2.023727533343743293e-02
-2.023663336355543615e-02
-2.023597496302470544e-02
-2.023533636698881741e-02
-2.023465991231981898e-02
-2.023398271730661446e-02
-2.023331004678966677e-02
-2.023264649400869156e-02
-2.023199248955476898e-02
-2.023133081181574880e-02
-2.023072370720694832e-02
-2.023005714626693874e-02
-3.112999367110079518e+01
-2.039863744345395830e-02
-2.039796765914691709e-02
-2.039466228822278682e-02
-2.039335943304203952e-02
-2.039140362848742768e-02
-2.038815888522807485e-02
-2.038750440636334649e-02
-2.038681077480718543e-02
-2.031678497297417091e-02
-2.038540095605654787e-02
-2.038473118212964091e-02
-2.038405707683643708e-02
-2.038274916334640793e-02
-2.038210116680939238e-02
-2.037505170986627853e-02
-2.037440099201300037e-02
-2.037377924915903180e-02
-2.037311926358501696e-02
-2.037246316139206675e-02
-2.037179100295319345e-02
-2.037114259087529494e-02
-2.037048971508914619e-02
-2.036984924129023669e-02
-2.036919360997397829e-02
-2.036850940120190495e-02
-2.036787230213011821e-02
-2.036723202518413850e-02
-2.036659423228497773e-02
-2.036588831733601029e-02
-2.036523120335505602e-02
-2.036457893081520393e-02
-2.036392859354109117e-02
-2.036326863169578283e-02
-2.036259295672788669e-02
-2.036193290741990236e-02
-2.036125190473698360e-02
-2.036061746543710999e-02
-2.035996947629726064e-02
-2.035932054502839414e-02
-2.035868223020733531e-02
-2.035735479003112844e-02
-2.035673021576128727e-02
-2.035608651931003835e-02
-2.035544006201222764e-02
-2.035474771002742864e-02
-2.035410728176356362e-02
-2.035346334552247741e-02
-2.035280465386320528e-02
-2.035213904395388740e-02
-2.035147599966184370e-02
-2.035084380800806711e-02
-2.035018059333424875e-02
-2.034951721460491816e-02
-2.034888062946991344e-02
-2.034821120397200048e-02
-2.034756872614311776e-02
-2.034691075567424817e-02
-2.034627614811153340e-02
-2.034560797962868886e-02
-2.034497799749188443e-02
-2.034432132183360692e-02
-2.034363094698243141e-02
-2.034296936173807593e-02
-2.034229428912130017e-02
-2.034163366554828101e-02
-2.034097154659306184e-02
-2.034036826421399199e-02
-2.033971178843694411e-02
-2.033908035498497094e-02
-2.033840589608290617e-02
-2.033774368091412557e-02
-2.033707606328509498e-02
-2.033644745053717062e-02
-2.033580802798613113e-02
-2.033514748841309255e-02
-2.033450193509107190e-02
-2.033385014374402069e-02
-2.033316902361408107e-02
-2.033252698708935477e-02
-2.033189492899405842e-02
-2.033124427728403780e-02
-2.033059443677195238e-02
-2.032993136195223108e-02
-2.032927904167225810e-02
-2.032860949699717007e-02
-2.032795647293822797e-02
-2.032730526165131904e-02
-2.032664210956902986e-02
-2.032597947753884277e-02
-2.032532120892799332e-02
-2.032466307999194685e-02
-2.032403542712691788e-02
-2.032338690933288561e-02
-2.032274068835486155e-02
-2.032209379524872045e-02
-2.032143775709905481e-02
-2.032078470959694863e-02
-2.032012558993996632e-02
-2.031943812119893153e-02
-2.031880573514606436e-02
-2.031818060307323190e-02
-2.031754281607025051e-02
-2.031687298325525470e-02
-2.031619578716460303e-02
-2.031554501439544053e-02
-2.031492390604634768e-02
-2.031427183443095322e-02
-2.031361981903598291e-02
-2.031293960366107113e-02
-2.031230580073907499e-02
-2.031167561120387349e-02
-2.031100803489359688e-02
-2.031036490887046936e-02
-2.030970102595061610e-02
-2.030902497988573349e-02
-2.030839163523799618e-02
-2.030775740180081057e-02
-2.030709657477292041e-02
-2.030644929706290625e-02
-2.030579219222094361e-02
-2.030514094753901183e-02
-2.030446690828002776e-02
-2.030381016457202467e-02
-2.030315992703123421e-02
-2.030250915523838448e-02
-2.030186512123565573e-02
-2.030121394709650390e-02
-2.030054583088356651e-02
-2.029989286384838859e-02
-2.029925740666464751e-02
-2.029860436546765748e-02
-2.029798829746857353e-02
-2.029733489358420337e-02
-2.029669848477813621e-02
-2.029606793406932286e-02
-2.029538616348851646e-02
-2.029471185242225431e-02
-2.029407128331017426e-02
-2.029342199255921783e-02
-2.029278667607207695e-02
-2.029213434934411600e-02
-2.029147661374891554e-02
-2.029080980775190002e-02
-2.029014016107303850e-02
-2.028948882326397918e-02
-2.028882733484885584e-02
-2.028819573951393118e-02
-2.028754514427286160e-02
-2.028690973802659350e-02
-2.028621814031764461e-02
-2.028557651384450822e-02
-2.028492533751458451e-02
-2.028428718267966113e-02
-2.028368317560775083e-02
-2.028304362940376582e-02
-2.028239733589094762e-02
-2.028171946025192351e-02
-2.028107877818594376e-02
-2.028042500782798949e-02
-2.027977369480195649e-02
-2.027911804534612492e-02
-2.027851119877517941e-02
-2.027783913308622843e-02
-2.027719735461007422e-02
-2.027651041747708521e-02
-2.027582705156285442e-02
-2.027518420840588101e-02
-2.027454348757294633e-02
-2.027389384270401190e-02
-2.027326567076201055e-02
-2.027257708464225150e-02
-2.027196527495721268e-02
-2.027134634706305449e-02
-2.027066379147907452e-02
-2.027001057960406069e-02
-2.026938047752913086e-02
-2.026873586266690619e-02
-2.026807475180795320e-02
-2.026741387976393333e-02
-2.026679831191890990e-02
-2.026612548099495856e-02
-2.026549882240972350e-02
-2.026482680885779292e-02
-2.026419140624495518e-02
-2.026353263630397208e-02
-2.026288924948214942e-02
-2.026223337433325986e-02
-2.026157285746522582e-02
-2.026094010572911455e-02
-2.026032845609395533e-02
-2.025962915123289201e-02
-2.025897164800578507e-02
-2.025831859939263360e-02
-2.025766170967874952e-02
-2.025705337244571025e-02
-2.025575149953397214e-02
-2.025509494744110253e-02
-2.025445091849427046e-02
-1.287602974956893576e+01
-2.026244753797095538e-02
-2.026178629129605016e-02
-2.026111401539718374e-02
-2.026045419686821336e-02
-2.025983606407811763e-02
-2.025920185419220060e-02
-2.025854715566824046e-02
-2.025788486187906148e-02
-2.025727823079810988e-02
-2.025663460729309334e-02
-2.025600008912307667e-02
-2.025535107946634800e-02
-2.025472472354424361e-02
-2.025404926649402096e-02
-2.025338875524398605e-02
-2.025272534043993933e-02
-2.025208642955077243e-02
-2.025138321659264093e-02
-2.025070945243167067e-02
-2.025007703205179352e-02
-2.024945314327593338e-02
-2.024880899747501586e-02
-2.024817067342518651e-02
-2.024753900886607644e-02
-2.024689400109721052e-02
-2.024624443831207765e-02
-2.024562290449791885e-02
-2.024498829040290160e-02
-2.024432017873391623e-02
-2.024365876345692733e-02
-2.024302998377594531e-02
-2.023973102383304704e-02
-2.023909691548795783e-02
-2.023843281869674993e-02
-2.023778689898367289e-02
-2.023711697475182730e-02
-2.023645499760593630e-02
-2.023582041175769550e-02
-2.023517343717883693e-02
-2.023451724159300302e-02
-2.023387022295608170e-02
-2.023324696611198542e-02
-2.023264478836186986e-02
-2.023195881402684373e-02
-2.023129705457992963e-02
-2.023067443589389447e-02
-2.023004232586586570e-02
-2.022938303132895341e-02
-2.022873869940988376e-02
-2.022809136886994860e-02
-2.022744071510397534e-02
-2.022680095542597756e-02
-2.022613787421195450e-02
-2.022547671524613580e-02
-2.022482851669208867e-02
-2.022418518113632338e-02
-2.022354595524222809e-02
-2.022292192404902614e-02
-2.022226591153006639e-02
-2.022162126168896429e-02
-2.022099456021092881e-02
-2.022035194017720444e-02
-2.021968476000013740e-02
-2.021902945136527449e-02
-2.021840015865697046e-02
-2.021778595042103902e-02
-2.021711232865464752e-02
-2.021646194121679702e-02
-2.021583814996375655e-02
-2.021517708225366999e-02
-2.021453297991760226e-02
-2.021386302189944958e-02
-2.021322219983235496e-02
-2.021253696191525201e-02
-2.021192151794238764e-02
-2.021127368135547039e-02
-2.021062155893373416e-02
-2.020999090530081407e-02
-2.020934795508275150e-02
-2.020868614076054906e-02
-2.020805776317057684e-02
-2.020741122013350669e-02
-2.020678072923670632e-02
-2.020614275076487373e-02
-2.020550158487699130e-02
-2.020485160495882546e-02
-2.020423951301305796e-02
-2.020359740378097416e-02
-2.020294044044993950e-02
-2.020227898645098399e-02
-2.020161374135084897e-02
-2.020099619622302625e-02
-2.020034065089994571e-02
-2.019973059180190864e-02
-2.019905511208084856e-02
-2.019835840004810881e-02
-2.019773433866300580e-02
-2.019708254381705204e-02
-2.019646219511813529e-02
-2.019583387553396461e-02
-2.019519477374107780e-02
-2.019452868231804907e-02
-2.019389478173301208e-02
-2.019321733314998965e-02
-2.019257688421911487e-02
-2.019191319373804527e-02
-2.019129027061494427e-02
-2.019066724221996179e-02
-2.019002430173315321e-02
-2.018939001582034654e-02
-2.018875592763324026e-02
-2.018619886091701024e-02
-2.018556729030907340e-02
-2.018487735068814209e-02
-2.018425684176218191e-02
-2.018359372192814541e-02
-2.018294712041530589e-02
-2.018228448706813061e-02
-2.018164165947392702e-02
-2.018099851252587798e-02
-2.018039100387906959e-02
-2.017971341196913432e-02
-2.017906334045599034e-02
-2.017843773597884430e-02
-2.017781335512792637e-02
-2.017715643414690063e-02
-2.017653275344786709e-02
-2.017587913557078103e-02
-2.017523042350283582e-02
-2.017457677626889601e-02
-2.017390786717868090e-02
-2.017329673378475546e-02
-2.017263427859564834e-02
-2.017200285187866968e-02
-2.017135686130582320e-02
-2.017072532468976859e-02
-2.017010403209156325e-02
-2.016946588827366396e-02
-2.016880366366078162e-02
-2.016818974601691100e-02
-2.016753443369672175e-02
-2.016686814310263490e-02
-2.016624828329601285e-02
-2.016562110688595311e-02
-2.016495637212507158e-02
-2.016430069817387594e-02
-2.016366996933290079e-02
-2.016303450638394501e-02
-2.016235829456380219e-02
-2.016170188745376041e-02
-2.016109198465267441e-02
-2.016049345025453313e-02
-2.015987078152058076e-02
-2.015919054097538299e-02
-2.015852747090960198e-02
-2.015787439023275854e-02
-2.015723093638475960e-02
-2.015658217680184675e-02
-2.015594369662793844e-02
-2.015529279487694031e-02
-2.015464408139115704e-02
-2.015402684864419855e-02
-2.015340387670226316e-02
-2.015276935062726080e-02
-2.015214223244002345e-02
-2.015150949881417547e-02
-2.015084236617332297e-02
-2.015020569152149027e-02
-2.014956143552046330e-02
-2.014889936401735235e-02
-2.014825060442921451e-02
-2.014759687494731277e-02
-2.014695882111349270e-02
-2.014634428477526246e-02
-2.014572372128540373e-02
-2.014505151024447577e-02
-2.014441721688932374e-02
-2.014376625403893617e-02
-2.014313625792867393e-02
-2.014249104212267535e-02
-2.014186733050349343e-02
-2.014123571803171781e-02
-2.014061575786781078e-02
-2.013995954412306152e-02
-2.013931836536619890e-02
-2.013863368000330320e-02
-2.013798558061828670e-02
-2.013736719838127298e-02
-2.013673025103598566e-02
-2.013608288795801574e-02
-2.013545113300420006e-02
-2.013479772334118151e-02
-2.013417432017718459e-02
-2.013351892404598165e-02
-2.013288019673800666e-02
-2.013224721797376299e-02
-2.013161525503173732e-02
-2.013095874955167508e-02
-2.013031568309668964e-02
-2.012967056025550053e-02
-2.012904009826447377e-02
-2.012840038043951785e-02
-2.012776228869572748e-02
-2.012715412306992011e-02
-2.012653169855611185e-02
-2.012590215571998312e-02
-2.012526907601099035e-02
-2.012458433214998552e-02
-2.012397365878313207e-02
-2.012331434325945190e-02
-2.012266010314244305e-02
-2.012198938784254612e-02
-2.012133708964272336e-02
-2.012069010191256876e-02
-2.012005276568475456e-02
-2.011942860062375035e-02
-2.011879291329060626e-02
-2.011815613786876664e-02
-2.011749721721169462e-02
-2.011689208549449076e-02
-2.011625870428141241e-02
-2.011564403650133864e-02
-2.011503892211417843e-02
-2.011440039667637333e-02
-2.011369458222535961e-02
-2.011306785211728482e-02
-2.011243710016423838e-02
-2.011178213917719920e-02
-2.011115455845390379e-02
-2.011051033097190424e-02
-2.010987376315892181e-02
-2.010923153899299431e-02
-2.010860080360996408e-02
-2.010796176662820942e-02
-2.010732186474811431e-02
-2.010669775830207021e-02
-2.010605675871689202e-02
-2.010541027666984046e-02
-2.010474843465577185e-02
-2.010409264260376583e-02
-2.010347873839658794e-02
-2.010285370875159253e-02
-2.010218393969590706e-02
-2.010155345791916209e-02
-2.010093725836544290e-02
-2.010030519818629263e-02
-1.620583192043470788e+01
-2.012890139566108835e-02
-2.012824254354113329e-02
-2.012760089196207261e-02
-2.012695446553498801e-02
-2.012632672484903143e-02
-2.012569883421209266e-02
-2.012506478994011139e-02
-2.012441069241582489e-02
-2.012381277267869667e-02
-2.012315391505458198e-02
-2.012252600516667086e-02
-2.012187094543262111e-02
-2.012123935895761967e-02
-2.012062100202456280e-02
-2.011998729294337679e-02
-2.011935125530632876e-02
-2.011869317767841364e-02
-2.011806576839264907e-02
-2.011739926990867636e-02
-2.011673449344066750e-02
-2.011607754171270898e-02
-2.011545447642193798e-02
-2.011484582427091466e-02
-2.011422123749402949e-02
-2.011356371682013547e-02
-2.011290367489330932e-02
-2.011229444869319302e-02
-2.011166852766226726e-02
-2.011103764674244260e-02
-2.011037885671944012e-02
-2.010973302199250620e-02
-2.010909206947224595e-02
-2.010845786796308307e-02
-2.010780485781017354e-02
-2.010717389623312146e-02
-2.010654147378702211e-02
-2.010589918552389832e-02
-2.010527997529488325e-02
-2.010462251641204068e-02
-2.010401776601005233e-02
-2.010338330398494036e-02
-2.010275523572806547e-02
-2.010211847101722391e-02
-2.010148553828707343e-02
-2.010087805444495113e-02
-2.010024694512090385e-02
-2.009957010560393595e-02
-2.009893021942711980e-02
-2.009825001725034505e-02
-2.009762351852241100e-02
-2.009696368464428465e-02
-2.009632670984622810e-02
-2.009568875574799240e-02
-2.009504397255414132e-02
-2.009440609155394714e-02
-2.009374668041093853e-02
-2.009314730170205440e-02
-2.009254591354284886e-02
-2.009192539112674564e-02
-2.009127046384181700e-02
-2.009064381803557162e-02
-2.009002447301442423e-02
-2.008940909401436131e-02
-2.008875937702748332e-02
-2.008810560327576808e-02
-2.008744577200008083e-02
-2.008679419294497059e-02
-2.008618824467714101e-02
-2.008555728699516069e-02
-2.008492599357290104e-02
-2.008427849003018018e-02
-2.008364808532419818e-02
-2.008299502240017825e-02
-2.008236101943605689e-02
-2.008170139880196756e-02
-2.008107577958771761e-02
-2.008043965984892404e-02
-2.007979165292084547e-02
-2.007917848552375276e-02
-2.007852937857786124e-02
-2.007789775620767367e-02
-2.007727241627483422e-02
-2.007662681643293881e-02
-2.007599046763965805e-02
-2.007537166803368550e-02
-2.007473747214181745e-02
