0.000000000000000000e+00
0.000000000000000000e+00
0.000000000000000000e+00
0.000000000000000000e+00
0.000000000000000000e+00
0.000000000000000000e+00
0.000000000000000000e+00
0.000000000000000000e+00
0.000000000000000000e+00
0.000000000000000000e+00
8.724822004329991998e+00
6.930337606649998428e+00
5.504964098890003044e+00
4.372750026959996816e+00
3.473399000979999762e+00
2.759030731529994007e+00
2.191565217599001247e+00
1.740822788241999985e+00
1.382784114019999011e+00
1.098385323536001268e+00
8.724822631150007668e-01
6.930336941550003793e-01
5.504965966100001662e-01
4.372748120319998599e-01
3.473400284649998948e-01
2.759030102809992835e-01
2.191565215784005427e-01
1.740822323378997116e-01
1.382784745261998183e-01
1.098385324941001245e-01
8.724821842029997776e-02
6.930337368420007305e-02
5.504964379970003763e-02
4.372748136290006971e-02
3.473400080239993915e-02
2.759030507579996946e-02
2.191565223666995521e-02
1.740822608709002850e-02
1.382784541641997496e-02
1.098385128613001312e-02
8.724825289030010284e-03
6.930308544120001267e-03
5.504993020150007223e-03
4.372767187570008630e-03
3.473380603529993213e-03
2.759031222310001901e-03
2.191555326826999037e-03
1.740831776422998136e-03
1.382790458883001103e-03
1.098379273928003132e-03
3.905134035260012567e-03
