1.380276820226826544e+02
1.099273912335031156e+02
8.754825752750130619e+01
6.972539103248911374e+01
5.553109916017475456e+01
4.422658984536617766e+01
3.522349952916736981e+01
2.805326561242008765e+01
2.234272909913850214e+01
1.779470903834551265e+01
1.417253190256299789e+01
1.128771083204166636e+01
8.990134466248727918e+00
7.160253334549696369e+00
5.702856936488140960e+00
4.542118426140401510e+00
3.617648111878046358e+00
2.881350440328714679e+00
2.294921005200606157e+00
1.827853131714815893e+00
1.455850408302659993e+00
1.159562369384226965e+00
9.235775606896133860e-01
7.356217203928619996e-01
5.859190537079440597e-01
4.666836770950228974e-01
3.717145118287424332e-01
2.960726768302648360e-01
2.358245762258046330e-01
1.878372474993456054e-01
1.496153967688584052e-01
1.191716035827155296e-01
9.492294614441570966e-02
7.560866171360612620e-02
6.022458711455389718e-02
4.797091883267703971e-02
3.821062820954052724e-02
3.043632786406067631e-02
2.424388766091508871e-02
1.931142018199455759e-02
1.538254185259217352e-02
1.225304235898412239e-02
9.760267347562199061e-03
7.774660533891961968e-03
6.193028943643516353e-03
4.933177347938235043e-03
3.929635778024270776e-03
3.130255772767825614e-03
2.493499641025630296e-03
1.986281267378493375e-03
7.064548168051858375e-03
