1.297969752750000039e-01
1.376051296599999918e-01
1.369636549190000052e-01
1.308895625050000011e-01
1.244453995600000029e-01
1.363945087550000046e-01
1.675072220359999919e-01
1.523714857319999894e-01
1.338553052570000124e-01
1.935940920570000112e-01
1.564169181249999985e-01
1.526559340109999996e-01
1.336729877700000013e-01
1.431149865640000129e-01
1.343414649249999870e-01
1.395045083629999905e-01
1.454473484519999971e-01
1.447828373360000032e-01
1.204122815900000032e-01
1.307251985129999905e-01
1.139153274089999973e-01
1.346043873539999880e-01
1.289170045820000055e-01
1.252171440329999941e-01
1.306746074729999985e-01
1.302414077609999887e-01
1.365098250560000115e-01
1.157532722349999960e-01
1.272076675830000059e-01
1.323257257909999929e-01
1.317738092580000020e-01
1.187218978309999978e-01
1.244440775230000046e-01
2.553446429640000015e-01
1.613502831480000121e-01
1.789061937020000048e-01
1.476209871140000129e-01
1.422548443559999987e-01
1.390917276720000095e-01
1.765934356530000082e-01
1.505528552239999984e-01
1.448497766919999985e-01
1.374645674749999935e-01
1.485488012510000067e-01
1.266601544369999888e-01
1.400576060819999913e-01
1.278222405949999974e-01
1.450195582450000131e-01
1.370981735479999963e-01
1.352500913370000002e-01
1.223198881830000057e-01
1.337876095960000011e-01
1.271680756030000026e-01
1.470306140119999883e-01
1.323457592989999987e-01
1.235168493919999999e-01
1.300597935349999956e-01
1.250918768959999872e-01
1.196966094309999951e-01
1.221879888950000020e-01
1.255950464810000056e-01
1.219345752079999956e-01
1.193063388460000041e-01
1.154284722789999940e-01
1.282993163189999897e-01
1.288718492910000124e-01
1.244793257540000031e-01
1.301721401750000062e-01
1.260337701990000003e-01
1.170709022270000066e-01
1.112304634099999939e-01
1.182382450440000038e-01
1.269574823090000026e-01
1.135572676650000029e-01
1.171334381359999954e-01
1.179143335939999981e-01
1.171421071089999988e-01
1.655253256950000029e-01
1.325090710110000125e-01
1.355470726180000030e-01
1.215094964330000055e-01
1.228910319509999988e-01
1.191678446899999966e-01
1.245530912660000045e-01
1.150593334869999956e-01
1.708155332769999979e-01
1.483763650690000102e-01
1.421045029130000026e-01
1.326226881779999922e-01
1.367897434400000001e-01
1.323971323229999886e-01
1.238957651829999951e-01
4.133463536699999996e-01
2.498958502920000102e-01
2.214665532060000053e-01
1.747336179420000135e-01
1.735880169850000099e-01
1.432388026639999923e-01
1.539257122690000090e-01
1.596595414210000008e-01
1.430014796280000000e-01
1.623620069570000102e-01
1.535856583150000121e-01
1.604704750260000090e-01
1.368829702040000040e-01
1.460287839209999938e-01
1.335753935289999972e-01
1.411180294280000025e-01
1.315277888870000078e-01
1.286306782509999969e-01
1.386362974079999866e-01
1.318253767739999971e-01
1.296527087769999975e-01
1.213565778089999991e-01
1.379028752979999939e-01
1.273499657909999971e-01
1.405794608129999901e-01
1.224451872530000068e-01
1.262573867369999880e-01
1.220627152159999979e-01
1.957519836109999911e-01
1.495061587560000127e-01
1.378933769929999997e-01
1.817494180399999992e-01
1.484924512630000082e-01
1.319423391050000005e-01
1.413196328989999861e-01
1.250105708479999911e-01
1.347407579749999862e-01
1.272293971859999873e-01
1.302075548259999938e-01
1.301446623999999996e-01
1.218672413289999951e-01
1.336599159259999892e-01
1.236238042569999945e-01
1.286688162240000044e-01
1.281508928049999996e-01
1.255362975360000133e-01
1.246503484350000024e-01
1.206550755189999963e-01
1.299721679470000057e-01
1.435082238800000076e-01
1.779717852269999956e-01
1.490986316300000059e-01
1.419015169819999866e-01
1.406380343699999980e-01
1.125233740040000041e-01
1.312787626999999957e-01
1.436863445010000129e-01
1.248137374959999990e-01
1.264614317340000127e-01
1.172102088739999937e-01
1.319804115579999992e-01
1.261723074870000072e-01
1.168274164660000058e-01
1.216040899610000003e-01
1.239386089809999952e-01
1.284367595139999929e-01
1.271512397000000016e-01
1.167026447269999961e-01
1.346164428649999911e-01
1.195738440130000024e-01
1.223418502869999952e-01
1.199756272359999987e-01
1.222640367800000016e-01
1.227576763179999975e-01
1.270137964430000099e-01
1.365445014220000031e-01
1.216764692620000005e-01
1.139014380049999942e-01
1.185851055339999932e-01
1.287887124050000054e-01
5.188781457459999968e-01
1.965574822589999937e-01
1.804426063900000099e-01
1.659575601059999905e-01
1.411710564099999954e-01
1.460835878179999880e-01
1.279580009419999942e-01
1.287595810799999907e-01
1.246855500490000046e-01
1.235509076219999947e-01
1.399284795590000074e-01
1.233604404930000037e-01
1.146376489720000030e-01
1.183303221700000019e-01
1.468056948270000106e-01
1.186418365159999933e-01
1.315925690020000038e-01
1.174295216770000067e-01
1.232366973150000045e-01
1.225141436539999990e-01
1.329370295129999879e-01
2.475502563539999923e-01
1.945640845200000135e-01
4.307192569839999874e-01
4.471895845680000092e-01
3.067692182549999758e-01
2.594890584519999877e-01
2.182434191350000052e-01
2.100485710689999896e-01
1.896991496940000077e-01
1.758519837699999977e-01
6.138735180990000373e-01
3.256751778840000222e-01
2.524545751089999901e-01
5.123430636710000208e-01
2.970487763629999778e-01
2.700596738220000237e-01
2.413294772990000059e-01
2.052393577570000016e-01
1.905250832379999926e-01
1.840906459120000005e-01
1.871082008909999983e-01
1.759757895700000130e-01
1.777277674799999929e-01
1.657529963659999939e-01
1.611338448450000127e-01
1.576584984659999966e-01
1.583685619580000037e-01
1.614800039289999989e-01
1.496166570259999939e-01
1.743072897999999871e-01
1.579250776430000114e-01
1.518920035849999906e-01
1.621875693790000017e-01
1.520816078289999873e-01
1.444712243959999920e-01
1.458350928240000066e-01
1.394619198860000131e-01
1.449933927710000126e-01
1.462133171109999963e-01
1.472571065720000016e-01
1.558652669339999908e-01
1.297172408330000137e-01
1.341159256639999908e-01
1.428920404600000083e-01
1.509877047479999956e-01
1.409209020549999913e-01
1.427271071919999912e-01
1.334818735159999936e-01
1.346499010199999902e-01
2.666748369310000255e-01
1.513968058840000075e-01
1.407812020410000031e-01
1.311543329909999889e-01
1.308861790130000091e-01
1.158731357779999999e-01
1.567815233450000068e-01
1.346172101489999939e-01
1.302493956019999954e-01
1.308743268900000034e-01
1.359035380810000027e-01
1.224517886389999977e-01
1.406921312299999893e-01
1.299761341460000108e-01
1.282767911119999937e-01
1.249655484459999966e-01
1.209024816370000005e-01
1.301428994399999872e-01
1.188134786630000023e-01
1.296793464050000066e-01
1.207882938640000015e-01
1.221385609430000047e-01
1.309378214580000088e-01
2.613662774800000199e-01
1.828473236619999887e-01
1.985352413279999895e-01
3.023213120889999828e-01
1.794770517579999947e-01
2.690504725110000050e-01
2.075710656989999958e-01
2.110173398530000022e-01
1.855217420330000089e-01
3.540936665020000262e-01
3.387499167840000158e-01
2.775304692560000008e-01
2.244542614979999906e-01
2.074412480929999913e-01
1.950558960060000124e-01
1.757641232340000081e-01
1.830919029639999918e-01
1.560774666030000091e-01
2.675573672500000111e-01
1.791039938150000010e-01
1.834349449869999982e-01
1.657642214599999997e-01
1.643869434340000102e-01
1.520044960999999972e-01
1.417741747780000006e-01
1.426671125479999913e-01
1.405475599219999927e-01
1.417084813089999895e-01
1.345380494170000107e-01
1.398492563400000055e-01
1.366156319210000136e-01
1.505656822900000025e-01
1.534234724409999917e-01
1.357946019390000036e-01
1.399763180989999911e-01
1.285938808740000050e-01
1.375018215309999903e-01
1.307368184100000108e-01
1.406926180399999948e-01
1.551599836279999867e-01
1.445059199020000129e-01
1.329324412529999944e-01
1.291791875280000057e-01
1.519064719600000113e-01
1.332182992500000052e-01
1.285818618879999986e-01
1.237614430929999954e-01
1.343231471430000046e-01
1.248336157630000054e-01
1.369733096759999935e-01
1.187480432200000019e-01
1.229325012479999951e-01
1.255173528190000054e-01
1.351952692049999960e-01
1.385597936219999937e-01
1.286498951660000056e-01
1.275738892209999920e-01
1.142226317049999940e-01
1.234085242969999996e-01
1.272509038699999873e-01
1.186402944890000005e-01
1.251322770809999985e-01
1.208005529519999982e-01
1.470450313530000108e-01
1.388844225399999965e-01
1.364133898780000020e-01
1.455079766740000058e-01
1.313969692530000122e-01
1.221300338299999982e-01
1.382814932789999951e-01
1.258006053959999926e-01
1.349021901690000136e-01
1.139567697459999973e-01
1.329710691450000093e-01
1.268742991769999939e-01
1.203295126449999974e-01
1.368424560469999884e-01
1.256375419669999993e-01
1.325552344010000050e-01
1.256732508760000089e-01
1.192188414550000020e-01
1.310374785719999879e-01
1.218175420239999973e-01
1.206972135410000063e-01
1.263249274809999934e-01
1.177482383559999984e-01
1.192331613759999992e-01
1.256980369269999898e-01
1.213588307359999979e-01
1.181996443660000007e-01
1.196920042229999981e-01
1.125828136360000065e-01
1.244947177510000030e-01
1.319284200710000021e-01
1.306881650760000069e-01
1.204638902939999950e-01
1.300127435900000072e-01
1.322830593200000071e-01
1.157355841650000022e-01
5.256912330430000280e-01
2.663542820690000257e-01
2.180061116779999919e-01
1.917107819930000123e-01
1.766661529999999924e-01
1.581073319350000117e-01
1.672530623700000108e-01
1.477558016870000046e-01
1.494624433610000080e-01
1.456857551400000117e-01
1.532411053330000050e-01
1.359023069760000035e-01
1.454591514370000005e-01
1.383265951250000070e-01
1.398579641459999912e-01
1.426118252809999987e-01
1.234829473070000044e-01
1.309877787879999977e-01
1.321158580310000108e-01
1.893267889960000006e-01
1.538608875290000122e-01
1.338351413680000102e-01
1.414275612969999874e-01
1.493628025169999873e-01
1.411177958489999995e-01
1.313431022980000029e-01
1.381380821450000074e-01
1.202340021030000039e-01
1.307450537219999875e-01
1.242969040759999977e-01
1.270884829629999879e-01
1.281349256609999876e-01
1.225503006199999967e-01
1.299622367690000113e-01
1.350022207319999945e-01
1.151013403560000037e-01
1.162781764120000005e-01
1.261320969630000122e-01
3.460606643870000054e-01
1.808071406279999904e-01
1.622942381440000137e-01
1.421435133810000084e-01
1.353740766000000040e-01
1.321319018179999971e-01
1.428594209769999956e-01
1.258408816590000090e-01
1.438131732730000001e-01
1.363954180040000130e-01
1.324853958470000037e-01
1.378120347510000121e-01
1.327806689740000101e-01
1.277435059039999932e-01
1.295407371339999947e-01
1.194652365509999981e-01
1.313655299519999875e-01
1.302904213759999985e-01
1.266129624319999869e-01
1.273347229950000103e-01
1.277573508089999976e-01
1.215649153479999994e-01
1.222030061820000013e-01
1.204927354769999986e-01
1.282378060119999941e-01
1.185185468709999967e-01
1.107746414330000040e-01
1.534078719449999961e-01
1.288275572910000111e-01
1.345293170029999985e-01
1.339992341959999889e-01
1.298754301660000054e-01
1.168593277189999974e-01
1.158462352950000024e-01
1.181342636770000010e-01
1.274998620420000062e-01
1.176945891099999975e-01
1.307000080269999920e-01
1.338729465759999904e-01
1.176546040709999935e-01
1.303399999229999939e-01
1.116496505059999950e-01
1.172298362199999944e-01
1.234108097389999964e-01
1.135640472370000043e-01
1.329774847029999985e-01
1.313840033989999989e-01
1.227602258530000046e-01
1.205770230410000005e-01
1.254693361349999980e-01
1.306055307940000021e-01
2.268705102040000088e-01
1.628797856829999890e-01
1.505536300299999963e-01
1.462387411449999897e-01
1.572457921729999986e-01
1.231445919829999985e-01
1.299517321510000045e-01
1.277803691430000055e-01
1.353754408149999977e-01
1.154414600530000029e-01
1.381259392580000134e-01
1.167676594679999957e-01
1.283966285539999974e-01
1.240799182670000028e-01
1.314927833719999883e-01
1.140339481740000049e-01
1.154379853890000057e-01
1.202576288139999977e-01
1.374104099790000033e-01
1.384198097359999879e-01
1.715320454260000071e-01
1.887645625140000061e-01
2.177227982780000071e-01
1.712009401519999918e-01
1.626970929150000078e-01
3.967496089320000086e-01
2.289838201749999913e-01
1.634408450540000002e-01
1.523321688790000017e-01
1.658891516850000136e-01
1.534434104079999972e-01
1.595900858909999886e-01
1.502929674700000107e-01
1.314720948649999999e-01
2.078368632739999999e-01
1.997529789639999886e-01
1.692935177119999912e-01
1.839662347880000048e-01
1.697456276880000003e-01
1.528056654399999881e-01
1.460415227500000135e-01
2.509302384809999897e-01
1.858121727010000057e-01
1.661461498050000041e-01
1.542422116939999865e-01
1.548596538239999931e-01
1.455040020679999879e-01
1.437347450389999948e-01
1.913945182350000052e-01
1.991615752919999871e-01
1.652715272630000121e-01
1.639648705950000063e-01
1.496814632600000083e-01
1.530267011060000015e-01
1.489281896190000065e-01
1.420875559600000004e-01
1.879971949460000069e-01
1.609760340789999911e-01
1.505571523720000138e-01
1.371581094400000089e-01
1.401729867529999951e-01
2.180050269740000102e-01
1.682761684209999886e-01
1.918415972049999918e-01
1.672771352569999981e-01
1.684865916230000038e-01
1.363559911009999959e-01
1.454750941840000089e-01
1.456819885420000127e-01
1.481305112599999863e-01
2.203408634429999957e-01
1.823985522279999993e-01
1.619461368419999880e-01
1.553902228669999941e-01
1.519810893140000063e-01
1.993807338109999938e-01
1.590280397230000031e-01
1.743672983590000003e-01
1.448287175559999918e-01
1.411449832610000010e-01
1.338919592570000094e-01
1.518946679160000091e-01
1.423964300929999871e-01
1.308250367229999989e-01
1.470302584959999881e-01
1.289114926440000086e-01
1.361552886359999881e-01
1.321685034089999933e-01
1.321395851620000006e-01
1.406498047829999876e-01
1.380500782280000005e-01
1.283803449919999895e-01
1.375131200330000081e-01
1.328285035660000113e-01
1.269852373350000008e-01
1.552743796959999978e-01
1.461201232969999986e-01
2.662798042939999998e-01
1.668258475849999922e-01
1.537928192859999987e-01
1.470549778409999953e-01
1.403711181750000037e-01
1.335597753999999970e-01
1.544084098229999980e-01
1.453453105960000047e-01
1.264019015229999876e-01
2.157353771109999929e-01
1.714781875330000094e-01
1.375696076300000070e-01
1.444303096189999969e-01
1.289502535750000067e-01
1.358597516739999955e-01
1.372509578589999890e-01
1.300960672669999874e-01
1.314738805740000016e-01
1.393599724930000006e-01
1.268078786309999872e-01
1.340324139940000103e-01
1.237266766659999989e-01
1.316358025609999927e-01
1.319767365329999886e-01
1.442430132660000031e-01
1.340269884539999901e-01
1.473148517739999996e-01
1.427901393519999951e-01
1.333896304609999972e-01
1.288679024130000017e-01
1.320645037060000082e-01
1.229711430719999943e-01
1.223945226430000061e-01
1.319700814920000131e-01
1.333385584959999870e-01
1.362015086900000005e-01
1.233287423910000014e-01
1.236912324259999973e-01
1.324227153439999916e-01
1.263255971950000001e-01
1.251001877079999935e-01
1.156635379849999951e-01
1.319004450429999975e-01
1.219881389439999991e-01
1.218312992769999964e-01
1.311653900539999917e-01
1.210854913320000004e-01
1.328890288619999915e-01
1.273456429569999881e-01
1.369623632839999938e-01
1.276295273380000095e-01
1.105804583440000016e-01
2.232558234189999935e-01
1.565096198679999939e-01
1.648398614480000024e-01
1.433639593609999929e-01
1.382057981060000051e-01
1.381071341929999974e-01
1.989419624300000078e-01
1.710751660300000032e-01
1.493748113339999906e-01
1.436475237700000074e-01
1.410331903300000023e-01
1.510241955480000065e-01
1.402030839149999986e-01
1.308681246060000025e-01
1.376156882850000096e-01
1.368208553949999962e-01
1.262103031990000068e-01
1.417537295369999950e-01
1.294146860900000084e-01
1.939479461170000030e-01
1.635433651669999933e-01
1.451469277409999925e-01
1.400535523289999917e-01
1.360563110740000137e-01
1.402674461860000110e-01
1.444648300019999998e-01
1.264232364110000062e-01
1.427882692540000109e-01
1.345537338449999953e-01
1.420414204290000038e-01
1.417624717229999942e-01
1.538884173760000085e-01
1.324072055199999876e-01
1.420690563349999991e-01
1.342104721440000037e-01
1.171139614449999977e-01
1.304944379330000015e-01
1.254087582320000116e-01
1.118507640279999965e-01
1.685403648649999864e-01
2.150699285459999888e-01
1.719632365850000122e-01
1.604991525549999964e-01
1.418406688000000138e-01
1.381618429310000062e-01
2.084405909819999902e-01
1.609216161669999867e-01
1.411161504239999975e-01
1.935568058619999976e-01
1.457357381100000127e-01
1.366490123709999949e-01
1.490874030800000138e-01
1.404124504310000077e-01
1.480482941950000131e-01
1.405661666470000015e-01
1.928778724790000121e-01
2.633320459110000122e-01
1.729790394240000029e-01
1.752883079260000032e-01
1.524467883960000103e-01
4.400611332309999901e-01
1.879875821170000072e-01
1.632832292480000114e-01
1.628464564409999871e-01
1.643699826799999986e-01
1.395355616779999919e-01
1.580683544310000077e-01
1.359748783249999926e-01
1.424502795940000011e-01
1.284000154340000088e-01
1.306598098350000015e-01
1.286121935289999962e-01
1.170492407949999952e-01
1.280686613760000092e-01
1.374883138590000109e-01
1.246352594890000054e-01
1.179210248449999998e-01
1.221529000240000051e-01
1.291612006789999989e-01
1.318152448940000110e-01
1.369684008840000022e-01
1.227936420060000006e-01
1.178844699589999961e-01
1.194677395479999960e-01
1.213564483120000009e-01
1.211899328239999934e-01
1.232271283259999961e-01
1.203591704860000056e-01
1.988256204509999958e-01
1.577942563120000030e-01
1.487061285300000091e-01
1.550206243280000118e-01
1.348815042050000024e-01
1.223449864660000053e-01
1.339226157289999941e-01
1.269920831889999879e-01
1.289569468110000061e-01
1.172712141989999957e-01
1.207100974170000063e-01
1.412085379409999952e-01
1.282065550929999964e-01
1.290560999900000061e-01
1.241728696210000066e-01
1.266148257180000070e-01
1.262156445460000109e-01
1.284953265909999920e-01
1.230337592460000046e-01
1.334413914850000049e-01
1.174609780619999960e-01
1.189697153209999941e-01
1.266719277920000108e-01
1.227313861449999960e-01
1.206657266229999997e-01
1.269419054020000104e-01
1.180829618180000012e-01
1.258120595020000010e-01
1.270717694869999970e-01
1.259170299210000121e-01
1.283774745600000100e-01
1.215358273920000010e-01
1.209075751950000055e-01
1.147185111729999984e-01
1.220863540190000041e-01
1.153056039569999996e-01
1.224980560850000011e-01
1.126638530930000048e-01
1.208500829620000050e-01
1.190221118380000026e-01
1.212771494209999995e-01
1.224929276569999975e-01
1.285596614679999916e-01
1.318680110269999928e-01
1.013419720899999960e-01
1.356922655739999928e-01
1.241097583780000069e-01
1.215013679719999934e-01
2.289535509110000033e-01
1.647699151189999933e-01
1.406361459240000056e-01
1.378748542990000103e-01
1.320377700420000133e-01
1.394247395290000024e-01
1.402645694369999974e-01
1.372602770219999990e-01
1.231425966920000059e-01
1.248048706760000043e-01
1.348582593400000085e-01
1.294760929669999949e-01
1.274785859470000116e-01
1.274344540460000119e-01
1.319210014220000005e-01
1.192695617630000066e-01
1.380678990670000106e-01
1.117317521859999968e-01
1.077988042749999931e-01
1.204152070739999969e-01
1.182159597940000001e-01
1.190471216759999978e-01
1.233190062929999942e-01
1.182825823480000010e-01
1.163173376060000069e-01
1.192292819430000039e-01
1.120295479680000067e-01
1.245319222880000021e-01
1.171776402790000032e-01
1.302081358630000074e-01
1.049199093960000023e-01
1.111632142670000017e-01
1.184697794670000054e-01
1.273704380600000075e-01
1.124794413979999935e-01
1.196090626360000048e-01
1.201225151730000024e-01
1.218106860370000016e-01
1.175710397329999962e-01
1.290064800379999987e-01
1.224903561050000034e-01
1.191288658310000054e-01
1.080594445029999934e-01
6.335865239369999902e-01
2.534781454989999960e-01
1.816218286919999980e-01
1.626901591690000093e-01
1.449822624359999867e-01
1.307656074340000085e-01
1.649354680450000055e-01
1.474745726049999928e-01
1.304358698030000097e-01
1.344499779880000134e-01
1.258689482350000000e-01
1.339606943970000075e-01
2.465186027759999898e-01
1.767407860880000070e-01
6.099542886609999881e-01
3.719301150109999843e-01
3.184989617740000001e-01
2.926226544230000060e-01
2.639939757759999783e-01
2.044492775020000097e-01
2.353980677159999979e-01
2.188047274940000120e-01
1.931766644610000139e-01
1.847202756640000110e-01
2.400532988980000060e-01
1.884600982680000036e-01
1.741210416489999968e-01
1.711327294999999971e-01
1.666950260320000099e-01
1.870578826039999976e-01
1.525272743390000130e-01
1.599389587499999987e-01
1.749847159250000062e-01
1.626030132359999880e-01
1.531759429650000059e-01
1.388647424109999973e-01
1.459669968479999913e-01
1.473837341239999932e-01
1.475382450930000089e-01
1.403407034749999949e-01
1.490934415830000026e-01
1.395841391229999950e-01
1.394815918840000002e-01
1.346353337200000000e-01
1.974443225839999927e-01
1.385936236339999905e-01
1.498397266669999894e-01
1.465698852350000025e-01
1.577474355640000048e-01
1.453326093260000063e-01
1.421190693749999900e-01
1.305216830600000044e-01
1.385922211339999932e-01
1.340436776810000064e-01
1.293679347159999993e-01
1.198679722040000006e-01
1.306153317419999904e-01
2.188696639619999995e-01
3.376181501209999936e-01
1.820732918219999941e-01
1.636230608049999979e-01
1.599401486010000040e-01
1.608732044979999942e-01
1.393243452190000009e-01
1.504114093829999887e-01
1.406751334780000084e-01
1.445449202619999984e-01
1.468248537680000021e-01
1.302003292360000009e-01
1.357609810110000093e-01
1.343841588119999986e-01
1.364097041060000071e-01
1.402859209289999964e-01
1.376437812019999929e-01
1.242597849980000002e-01
1.294381660589999927e-01
1.238742736300000036e-01
1.406197589269999881e-01
1.347268723810000068e-01
1.229935384009999966e-01
1.343938099299999966e-01
1.251753619179999943e-01
1.356762289890000028e-01
1.277934433879999998e-01
1.323857246200000060e-01
1.332929471010000089e-01
1.261729519829999924e-01
1.320998483240000132e-01
1.368404098630000010e-01
1.178795549810000010e-01
1.182959788249999949e-01
1.325824161630000109e-01
1.294456122229999950e-01
1.203711294369999990e-01
2.733326143020000099e-01
1.379039470840000003e-01
1.349068997320000129e-01
1.273240333819999903e-01
1.170346346919999975e-01
1.232203312549999957e-01
1.463457604289999936e-01
1.315968174890000120e-01
1.172044900690000002e+00
4.457832182540000243e-01
3.112162415770000079e-01
2.591070997000000098e-01
2.271362471280000128e-01
2.574685271020000221e-01
2.128391296699999879e-01
2.157791537039999985e-01
2.426325492399999950e-01
1.951562061300000095e-01
1.855667858320000085e-01
1.117378966930000050e+00
7.653556349490000521e-01
5.442366638869999829e-01
4.590701614650000151e-01
4.094978128930000238e-01
4.039246430460000092e-01
3.792832210450000074e-01
3.560641911019999939e-01
2.975754742500000272e-01
2.788938229549999814e-01
2.663946027879999789e-01
2.452622955850000119e-01
2.533904107350000157e-01
2.261127661050000015e-01
2.424315046190000100e-01
2.062630888460000034e-01
2.092609016610000039e-01
2.120585456040000039e-01
1.906170728759999933e-01
1.987362231819999880e-01
1.879840519909999896e-01
1.876549872100000127e-01
2.421183390739999886e-01
2.050759242530000026e-01
1.863135327340000036e-01
1.096615757029999916e+00
4.377240054570000205e-01
3.385636545619999938e-01
2.909830698520000092e-01
2.492420647570000036e-01
2.383839223820000131e-01
2.130510443330000114e-01
2.181941294149999933e-01
2.205739119600000075e-01
2.986849347550000200e-01
3.475695784050000237e-01
2.871822289679999973e-01
2.209245087629999882e-01
2.202533461470000120e-01
2.001633790289999992e-01
2.039432431880000007e-01
1.952824094720000125e-01
1.937880536359999906e-01
2.059646801039999864e-01
1.959814124779999944e-01
1.646769508429999918e-01
1.737657535369999950e-01
1.735184613740000104e-01
1.779008298460000026e-01
1.696786130459999875e-01
1.685174993549999889e-01
1.587232093940000033e-01
1.583519325090000096e-01
1.611956293769999937e-01
1.639794500719999881e-01
2.235311203120000090e-01
1.848624167390000017e-01
1.590536929960000012e-01
1.875363455969999982e-01
1.827774481660000006e-01
1.537927777009999997e-01
1.687933625120000003e-01
2.248436744560000089e-01
1.800578576490000082e-01
1.685351862370000064e-01
2.489097028230000119e-01
2.383276070439999950e-01
1.764238129089999996e-01
1.768060296900000050e-01
1.711036878370000014e-01
1.606349747839999897e-01
1.791802202710000014e-01
1.678156790130000131e-01
1.510841690610000010e-01
1.438363801120000063e-01
1.595873482129999965e-01
1.681081076539999997e-01
1.646115330110000108e-01
1.538379643270000041e-01
1.575821867040000102e-01
1.918087221760000072e-01
1.571903117310000098e-01
1.649661541499999884e-01
3.170296240939999843e-01
1.824737046790000150e+01
4.541525994499999719e+00
3.316814753070000066e+00
2.319065865399999815e+00
2.074029161639999952e+00
1.966884032659999892e+00
1.391037607039999902e+00
1.322024516920000003e+00
1.035032137099999971e+00
9.468237986669999495e-01
1.035432124109999963e+00
9.072441353550000365e-01
7.776735560659999713e-01
7.689978639769999846e-01
6.899127671239999593e-01
6.664847101199999901e-01
6.000946283850000507e-01
6.086211268629999616e-01
7.946539988170000512e-01
5.778084623420000066e-01
5.296312508330000002e-01
4.860138046929999844e-01
4.953801066249999829e-01
5.580672777289999997e-01
4.660564811840000043e-01
5.435209377340000092e-01
4.519086236800000100e-01
4.230351492350000187e-01
4.164144157290000092e-01
3.943909738770000062e-01
5.125151460379999691e-01
4.087234905609999913e-01
4.223703447409999923e-01
3.871457330509999739e-01
8.098846358479999674e-01
5.190854030339999703e-01
4.267502681379999885e-01
4.027233480629999751e-01
3.613382486150000239e-01
3.658636372579999740e-01
3.454811596849999833e-01
4.112812512760000150e-01
3.516697463310000105e-01
3.176672211209999874e-01
3.258989365539999850e-01
3.888094137029999842e-01
4.056793661779999893e-01
3.512392860860000243e-01
7.035418100889999637e-01
4.551797903679999924e-01
3.995586598800000000e-01
3.524220419019999939e-01
3.540389112110000069e-01
4.721156926819999877e-01
3.536522981279999756e-01
3.348459320589999844e-01
3.151323170720000122e-01
2.924681725100000129e-01
2.906532493630000213e-01
3.633272332479999811e-01
3.599725739599999863e-01
3.203818380310000102e-01
3.063563269610000139e-01
2.922274103160000247e-01
3.044235184190000054e-01
2.695638143110000162e-01
2.929670168790000084e-01
3.592950931750000243e-01
4.152475656019999906e-01
3.943406040940000135e-01
4.277941215780000084e-01
4.002970380800000005e-01
8.706036234890000003e-01
5.563000221030000025e-01
4.959166406969999774e-01
4.345525406579999750e-01
3.853997033309999876e-01
3.578469015169999934e-01
3.495923623100000155e-01
3.134402225069999881e-01
3.067278676729999765e-01
3.245654723049999912e-01
3.613142880399999868e-01
3.040695949800000242e-01
3.231994612140000056e-01
2.785509351689999802e-01
2.952176074830000219e-01
2.686337837830000130e-01
2.903327645689999792e-01
2.680808832880000048e-01
2.633944227919999825e-01
2.786515154409999750e-01
2.703901554350000014e-01
2.903633344570000219e-01
1.813794512300000106e+00
4.445177047860000008e-01
3.480010152740000140e-01
3.116669810670000262e-01
2.897162649489999908e-01
2.775696786290000051e-01
2.791472295829999783e-01
2.649810915049999882e-01
2.865627214709999815e-01
2.600312825910000014e-01
2.264008205539999874e-01
2.584620421159999903e-01
2.362748452200000016e-01
3.170074576699999924e-01
2.527151321030000064e-01
2.484820264020000113e-01
2.267064415510000042e-01
2.975800556639999761e-01
2.492019392050000004e-01
2.533817432919999724e-01
2.457123245829999914e-01
2.375314394509999982e-01
2.346139268519999987e-01
2.636234191829999740e-01
2.217800195029999977e-01
2.136057285740000089e-01
2.172700646700000127e-01
2.281670886599999892e-01
2.126518121669999928e-01
2.194814856260000058e-01
2.533004620379999960e-01
2.292105737329999948e-01
2.152087078959999955e-01
2.262146023309999920e-01
2.151130695379999958e-01
2.155751698979999909e-01
2.108670902610000064e-01
2.090711646070000096e-01
1.910939463050000120e-01
2.014114359730000137e-01
2.363318417770000068e-01
2.255558979539999953e-01
2.045206193109999904e-01
2.133034759780000067e-01
1.985193132989999942e-01
1.994328924869999964e-01
2.007759324560000058e-01
1.909844072430000039e-01
3.347576392700000181e-01
2.273527696880000004e-01
2.230572137519999942e-01
2.083500590880000003e-01
1.984770184640000101e-01
2.460657794770000073e-01
2.159804988300000061e-01
2.080490268179999991e-01
1.939773296879999942e-01
2.094292450169999986e-01
2.046877286840000087e-01
1.936582406200000051e-01
1.974027502759999886e-01
1.794770227370000026e-01
2.042354411400000014e-01
1.865555655270000057e-01
1.975643419429999881e-01
1.818903892850000092e-01
1.751273626610000134e-01
1.755273016730000135e-01
1.774773609580000133e-01
2.860239931540000113e-01
3.154008723999999764e-01
2.384863010259999916e-01
2.175867966699999989e-01
2.092215514030000001e-01
2.071377234469999884e-01
2.570333199100000021e-01
2.198276564830000113e-01
2.110618369460000032e-01
1.963146474770000038e-01
2.242682080539999956e-01
1.934594912050000004e-01
1.987647229160000029e-01
1.845733416629999901e-01
1.915483337830000132e-01
2.017179281650000044e-01
2.341506236099999971e-01
2.149505823729999932e-01
1.867068981370000047e-01
2.033575973660000091e-01
1.829449915910000002e-01
3.351513083039999730e-01
2.312648566809999973e-01
2.100706198769999866e-01
2.119799241950000024e-01
1.997296899790000080e-01
2.001887476710000058e-01
1.845378545180000052e-01
2.104927474190000092e-01
2.035629162339999965e-01
1.905750772139999938e-01
1.996282068269999987e-01
2.057234376400000064e-01
1.661074427919999874e-01
1.887005721370000055e-01
1.832104880669999936e-01
1.744224034469999962e-01
1.694490869349999929e-01
1.757628324520000007e-01
1.724387496039999912e-01
1.792801503750000025e-01
1.825332829000000101e-01
1.823420912350000034e-01
1.678231985520000080e-01
1.820099544469999941e-01
1.621829184509999966e-01
1.725470622009999955e-01
2.190436075199999888e-01
1.971947750359999973e-01
1.871246865950000060e-01
1.904019634970000041e-01
2.895969543279999781e-01
2.240013553699999882e-01
1.872727332699999914e-01
1.912789360990000131e-01
1.886345644859999948e-01
1.764522715019999910e-01
1.658320955170000111e-01
1.817186153470000121e-01
1.656471459730000095e-01
1.619868588009999999e-01
1.608003785429999999e-01
1.786919998959999867e-01
1.609201381739999992e-01
1.696788658479999878e-01
1.652886787279999881e-01
1.678559164179999896e-01
1.730534618020000137e-01
2.355748220920000080e-01
1.858347281169999976e-01
1.895128901429999901e-01
1.836998188450000014e-01
1.571680703539999890e-01
1.828437849600000054e-01
1.637063500000000005e-01
1.589741286639999862e-01
1.661029524079999931e-01
1.628875311830000061e-01
1.581539808859999952e-01
1.766671962490000136e-01
1.737598294970000012e-01
1.524669733410000116e-01
1.448776887490000054e-01
1.579049661199999899e-01
1.634279282309999970e-01
1.922481296130000017e-01
1.916761924510000104e-01
1.907408063240000062e-01
2.809378098190000173e-01
2.189041059940000089e-01
1.984022081559999873e-01
1.898351567179999977e-01
2.555054602979999756e-01
2.051869325909999875e-01
1.803078942790000139e-01
2.024474313440000062e-01
1.993494555020000059e-01
1.844557976370000130e-01
1.820686249300000059e-01
1.751332351890000083e-01
2.326962149659999868e-01
1.801577654150000041e-01
1.797576483109999956e-01
1.731136541509999960e-01
1.812104157689999884e-01
1.654290774299999878e-01
1.616154739579999944e-01
1.646297798440000126e-01
1.625060113809999873e-01
1.541014617110000040e-01
1.628761219690000039e-01
1.556597022740000003e-01
1.651859840700000137e-01
1.588822142920000013e-01
1.551824736890000112e-01
1.489811327070000024e-01
2.023140807019999932e-01
1.718450598969999965e-01
1.542460934100000070e-01
1.778217958059999937e-01
2.253874924589999995e-01
1.839290954699999980e-01
1.723610712099999942e-01
1.746530420509999904e-01
1.699197886859999951e-01
1.851964788050000088e-01
1.628659547859999945e-01
1.681753192700000121e-01
1.579140627779999917e-01
1.640311917929999919e-01
3.141662507760000222e-01
2.452748098089999884e-01
2.013628038849999968e-01
1.907575480979999960e-01
1.825856504489999921e-01
1.820328963239999931e-01
1.862247864140000042e-01
1.678107276330000064e-01
1.687228574440000073e-01
1.696569421930000099e-01
1.465181193819999894e-01
1.655201516560000086e-01
1.604386494080000114e-01
1.549313366979999940e-01
1.629932585920000065e-01
3.249702624029999765e-01
1.706614150549999875e-01
1.524403548820000009e-01
1.651535573110000099e-01
1.627147139550000066e-01
1.646114653990000121e-01
1.544566504259999862e-01
2.832292057529999796e-01
1.689117863040000000e-01
1.589469442610000061e-01
1.645022605679999916e-01
1.554983959510000124e-01
3.482372268080000111e-01
2.351370168980000119e-01
2.877094086309999743e-01
2.065192712989999957e-01
1.941830480860000097e-01
2.427750368840000117e-01
2.083908001950000033e-01
2.073060313179999892e-01
1.863099358139999884e-01
1.894525405030000054e-01
1.829976645920000089e-01
2.236369551279999979e-01
1.930457058189999908e-01
1.778387711349999900e-01
1.517055643580000057e-01
1.767228525029999886e-01
2.123262529299999868e-01
1.891328358849999891e-01
1.768626967739999889e-01
1.853307212080000099e-01
1.868113562079999901e-01
1.683700983420000075e-01
1.517148211490000065e-01
1.595239030549999992e-01
1.717035379190000044e-01
1.569967137449999883e-01
1.650159793300000066e-01
1.500175546280000105e-01
1.579334776009999886e-01
1.542291685080000030e-01
1.432018531079999879e-01
1.523483837469999935e-01
1.498850936979999882e-01
1.475152444260000029e-01
1.475291744989999931e-01
1.368078578839999893e-01
1.505081961199999929e-01
1.534521061770000028e-01
1.745997649799999885e-01
1.701025425819999992e-01
1.495689793409999968e-01
2.477124265379999912e-01
1.706958839899999913e-01
1.676368657860000111e-01
1.678009690220000072e-01
1.613645818839999913e-01
1.559991845500000029e-01
1.544947407820000118e-01
1.668303138730000135e-01
1.519207871390000075e-01
1.905065167889999911e-01
1.733710552620000012e-01
1.538148483410000100e-01
1.617013160970000030e-01
4.106862543429999901e-01
2.064651485590000002e-01
1.857672451409999870e-01
2.150907764190000127e-01
2.427423964679999990e-01
1.962438674760000057e-01
1.938478124330000052e-01
1.806835397969999979e-01
1.886738244560000055e-01
1.798026909830000020e-01
1.843133439799999884e-01
1.903719574590000130e-01
1.603452739450000053e-01
1.655671334649999882e-01
1.648016485140000043e-01
1.438000162209999988e-01
1.630386195549999861e-01
1.727059739559999862e-01
1.706482447190000029e-01
1.534173973600000129e-01
2.979376884780000068e-01
1.948635570260000005e-01
1.879488971790000129e-01
1.604083241850000063e-01
1.820150921029999869e-01
1.635974278170000129e-01
1.574796456489999941e-01
1.507315110580000062e-01
1.614269862380000031e-01
1.478289354229999908e-01
1.494913007700000018e-01
1.518004934030000030e-01
1.683389124399999881e-01
1.533879738950000016e-01
1.754188281450000109e-01
1.575339255769999947e-01
1.676964108029999900e-01
1.675884834549999924e-01
1.564250239870000059e-01
1.640400510549999968e-01
1.588156272809999880e-01
1.456131895570000057e-01
1.437585473390000090e-01
1.430753139560000109e-01
1.435485100370000044e-01
1.448363810559999965e-01
1.555073561539999927e-01
1.280914448350000123e-01
1.412525239300000124e-01
1.394923483430000055e-01
1.403179426789999962e-01
1.553848050080000043e-01
1.287268201469999873e-01
1.424435089320000014e-01
1.375156413820000090e-01
1.451887079680000137e-01
1.351367502420000033e-01
2.075952352529999989e-01
1.662821405880000047e-01
1.496829880389999867e-01
1.568511413360000051e-01
1.600338681429999965e-01
1.451081413979999901e-01
1.528547813660000032e-01
1.541900051500000035e-01
1.470777531630000079e-01
1.448814677630000103e-01
1.616778407339999890e-01
1.539805658679999911e-01
1.477222801989999945e-01
1.500275265309999884e-01
1.652435089879999985e-01
1.348584519409999904e-01
1.452103998329999923e-01
1.419573339280000013e-01
1.502655379689999959e-01
1.545342275309999902e-01
1.497318671679999935e-01
1.466741085080000007e-01
1.438571281659999923e-01
1.382492333989999989e-01
1.564820206839999950e-01
1.361737879179999999e-01
1.505903754700000097e-01
1.494933022040000059e-01
1.386546037170000023e-01
1.438210570379999942e-01
1.533525699609999959e-01
1.394966264839999914e-01
1.680261039940000034e-01
1.548302849560000138e-01
1.434116547210000092e-01
1.442827560540000109e-01
1.657375572910000094e-01
1.617454724909999919e-01
1.522489755489999930e-01
1.566788069470000100e-01
1.412898368680000072e-01
1.433276256269999938e-01
1.477203512220000015e-01
1.390551882830000086e-01
1.383395098319999961e-01
1.431860497119999964e-01
1.503674626169999862e-01
1.473734985629999994e-01
1.456151936819999881e-01
1.401467378190000002e-01
1.299355630300000064e-01
1.454285427420000110e-01
1.418535388019999954e-01
1.481485310769999897e-01
1.389039674449999984e-01
1.506571399920000054e-01
1.416271568159999938e-01
1.378683521980000048e-01
1.361276977950000022e-01
1.428247080120000068e-01
1.411635320699999863e-01
2.878820572790000143e-01
1.688117655659999994e-01
1.533502726450000075e-01
1.484374953589999990e-01
1.525709544280000052e-01
1.935763397860000012e-01
1.458693791169999865e-01
1.381936719599999863e-01
1.485170690010000072e-01
1.434791496099999952e-01
1.407290809329999892e-01
1.391961305159999940e-01
1.488597436190000067e-01
1.342925670919999925e-01
1.492988978099999975e-01
1.849633424469999954e-01
1.538581353619999925e-01
1.422816121990000127e-01
2.062385886539999935e-01
1.699234526439999948e-01
1.604377768720000041e-01
1.493241142470000116e-01
1.414269344350000124e-01
2.474079646239999986e-01
1.746682780530000034e-01
1.515635597130000067e-01
1.572807528980000036e-01
1.583054318209999867e-01
1.446201385370000092e-01
1.560390011549999956e-01
1.403677117109999872e-01
1.336313026039999963e-01
1.494060929790000103e-01
1.348197812489999869e-01
1.343257019090000060e-01
1.945530221050000008e-01
1.928455069320000048e-01
1.710994608209999990e-01
1.704157018659999967e-01
1.677864683729999862e-01
1.550859867380000034e-01
1.511261589410000106e-01
1.522376976439999974e-01
1.432264496660000108e-01
1.401325617810000035e-01
1.541332965159999957e-01
1.461359880829999902e-01
1.445756697860000051e-01
1.450849662099999993e-01
1.408995542550000035e-01
1.461909262770000051e-01
1.566688343039999987e-01
1.307172869569999951e-01
2.006185665880000080e-01
1.542140440810000068e-01
1.579375839609999943e-01
1.483755524179999896e-01
1.532954443229999908e-01
1.331573259219999972e-01
1.446259085780000064e-01
1.527982754340000138e-01
1.344912148050000089e-01
1.371829787759999975e-01
1.414864217690000037e-01
1.393992739580000029e-01
1.909259918000000000e-01
1.620141113099999863e-01
1.859491283580000098e-01
1.582244457170000063e-01
2.172818931440000101e-01
1.627251855980000050e-01
1.470111694300000049e-01
2.095462760980000005e-01
1.762547537259999963e-01
1.619493198389999888e-01
1.586395158630000135e-01
1.386962619100000071e-01
1.492686295619999881e-01
1.438739871599999942e-01
2.536021529229999794e-01
1.958674761089999883e-01
1.862095591269999906e-01
2.182132415559999983e-01
1.763951456669999862e-01
2.163413223950000075e-01
1.694532924350000136e-01
1.638503712109999899e-01
1.691350155209999928e-01
1.719341928550000009e-01
1.742990827869999870e-01
1.464474789369999974e-01
1.504764643850000083e-01
1.600410233600000065e-01
1.492429636050000008e-01
1.388412889039999931e-01
1.442880077289999952e-01
1.509273995879999997e-01
1.511325841239999912e-01
1.553560475409999919e-01
1.404911761350000066e-01
1.494019514540000093e-01
1.425994759189999905e-01
1.323595752210000032e-01
1.444477248190000063e-01
1.593647136809999976e-01
1.443462505180000133e-01
1.316841012980000114e-01
1.357563088390000006e-01
1.389982007599999958e-01
1.455522372020000010e-01
1.372170345189999974e-01
1.396588656599999922e-01
1.515569720799999909e-01
1.460265034119999916e-01
1.465409813440000097e-01
1.473813399660000023e-01
1.322447868780000091e-01
1.333779993330000135e-01
1.181903485479999932e-01
1.320707658559999997e-01
1.335658923799999953e-01
1.356800955680000087e-01
1.315721201860000078e-01
1.313964925099999903e-01
1.317949962119999985e-01
1.277390891949999885e-01
1.412591289700000086e-01
1.284776455490000135e-01
1.340518220720000042e-01
1.273414370389999994e-01
1.358181305779999903e-01
1.263576449699999882e-01
1.402953178430000059e-01
1.383102799869999899e-01
1.275124200019999987e-01
1.373322596709999899e-01
1.379510572980000016e-01
1.353278642179999991e-01
1.371608225890000032e-01
1.303375758920000127e-01
1.442226407870000060e-01
1.341642595649999992e-01
1.330680298030000042e-01
1.958543553629999989e-01
1.419013769009999926e-01
1.527680661359999970e-01
1.417118610120000066e-01
1.528347010220000024e-01
1.437379104590000012e-01
1.383684629280000078e-01
1.532370460249999899e-01
1.338543846680000093e-01
1.282911953950000017e-01
1.325011357529999878e-01
1.260781111750000072e-01
1.365893575500000123e-01
1.241063379779999976e-01
1.263695931150000118e-01
1.516954032539999941e-01
1.353946991049999882e-01
1.413933159130000006e-01
1.871056663060000069e-01
1.944931197900000019e-01
1.624909825929999885e-01
1.535218458750000070e-01
1.539864287699999890e-01
1.417093376670000016e-01
1.475588985819999976e-01
1.334879101239999921e-01
1.446919724209999869e-01
1.598723193549999866e-01
1.443627680829999982e-01
1.276785544930000016e-01
1.423119360039999948e-01
1.333212307390000129e-01
1.346467599579999896e-01
1.360770777439999912e-01
1.255170906039999867e-01
1.340860265640000104e-01
1.406763642540000137e-01
1.290167826109999971e-01
1.207622165780000006e-01
1.367025922629999946e-01
1.280088817850000005e-01
1.260686305619999892e-01
1.298131976130000031e-01
1.283555919920000010e-01
1.268213829519999891e-01
9.951506667989999944e-01
4.688013503719999919e-01
2.875895942939999950e-01
2.436497536180000090e-01
2.374656362789999975e-01
2.050605126389999922e-01
1.770567760790000000e-01
1.769525986080000002e-01
1.774175341679999907e-01
1.727707510250000023e-01
1.706474730579999877e-01
1.666226282559999938e-01
1.964304380040000075e-01
1.824571870979999899e-01
1.717396564660000069e-01
1.602535542849999883e-01
1.817354141620000085e-01
1.705280784629999991e-01
1.758544305699999977e-01
1.638864888809999920e-01
1.558459241050000055e-01
1.869750008240000094e-01
1.585978640959999908e-01
1.614066527849999932e-01
1.531214462269999965e-01
1.431676448549999980e-01
1.542092632469999891e-01
1.410413278119999891e-01
1.376277622260000111e-01
1.378580203660000059e-01
1.385921553699999975e-01
1.442437071279999983e-01
1.470314233779999868e-01
1.484754370570000037e-01
1.567631078950000034e-01
1.379748714840000057e-01
1.404488220819999911e-01
1.307442587969999959e-01
1.351550010460000062e-01
1.424482099209999908e-01
1.347390414759999933e-01
1.395112911960000035e-01
1.419601165300000134e-01
1.428876495539999902e-01
1.303493334170000018e-01
1.371281887540000133e-01
1.297809004009999878e-01
1.425381445370000055e-01
1.159927563859999983e-01
1.336825306989999906e-01
1.297696363080000082e-01
1.305016491069999895e-01
1.346312348500000033e-01
1.346012718179999956e-01
1.449397379800000107e-01
1.613199464639999969e-01
1.481664335669999888e-01
1.395467252840000005e-01
1.330778238920000134e-01
1.334949454999999896e-01
1.329645989459999900e-01
1.227693736530000024e-01
1.276202990900000001e-01
1.279372924590000127e-01
2.294472452009999885e-01
1.483085488700000010e-01
1.378998791230000021e-01
1.330552842720000017e-01
1.411902794750000134e-01
1.413320911170000138e-01
1.423638379499999884e-01
1.443147091449999975e-01
1.256066084659999971e-01
1.407367597899999989e-01
1.370088427099999950e-01
2.230472025199999875e-01
1.538875762199999886e-01
1.558182597120000012e-01
1.423859700979999976e-01
1.471009362790000052e-01
1.293366011869999943e-01
1.266752159990000015e-01
1.785692103619999915e-01
1.585531916079999937e-01
1.510599735489999984e-01
1.293997395389999971e-01
1.433792626779999968e-01
1.411453975639999914e-01
1.392827611249999875e-01
1.397422264139999981e-01
1.418568482439999945e-01
1.359731429499999866e-01
1.477604766399999991e-01
1.486961233309999908e-01
1.319797058309999938e-01
1.355815734730000111e-01
1.387981307280000132e-01
1.433559111209999903e-01
1.322513815370000012e-01
1.657036659560000014e-01
1.400861232379999877e-01
1.334945279910000060e-01
1.327306348289999938e-01
1.516840098080000088e-01
1.341753696000000107e-01
1.224047385750000050e-01
1.262036475380000078e-01
1.508433252220000020e-01
1.442227778029999963e-01
1.375572472909999955e-01
1.287118168320000033e-01
1.443057018339999886e-01
1.288500313529999941e-01
1.461387883030000057e-01
1.316624280400000013e-01
1.300371250069999873e-01
1.214315793229999996e-01
1.165699337549999937e-01
2.195878874989999896e-01
1.539965793410000006e-01
1.523974707659999928e-01
1.421826434560000130e-01
1.452645700809999940e-01
1.338928863390000112e-01
1.447771429280000077e-01
1.486262840769999871e-01
1.367291554410000054e-01
1.251649004619999894e-01
1.413322385309999929e-01
1.219177672509999949e-01
1.489446889809999952e-01
1.566526948929999885e-01
1.402994798770000051e-01
1.490127761060000000e-01
1.324566830299999942e-01
1.398383756450000126e-01
1.256490596779999969e-01
1.325372361580000047e-01
1.329207108390000058e-01
2.774254143689999785e-01
1.997013257830000110e-01
1.772148486809999868e-01
1.750747005630000075e-01
1.678055846850000088e-01
1.604009876159999959e-01
1.334172972519999945e-01
1.976660190729999933e-01
1.834396876499999884e-01
1.511212101380000061e-01
1.493885028370000034e-01
1.862374048459999876e-01
1.461413080110000040e-01
1.500219819190000137e-01
1.569286005849999943e-01
1.456856732669999932e-01
1.415401250109999953e-01
1.342382729569999988e-01
1.358114182890000077e-01
1.306765755450000066e-01
2.418127032409999877e-01
1.832777734740000108e-01
1.734837515919999962e-01
1.652092976940000013e-01
1.618753135590000058e-01
1.474242581820000009e-01
1.510201765370000060e-01
1.457404264569999996e-01
1.550829104850000029e-01
1.447363200319999876e-01
1.517061005679999908e-01
1.363543791419999929e-01
1.351903430499999947e-01
1.372417507179999885e-01
1.346547019069999906e-01
1.341419647880000010e-01
1.856370719880000020e-01
1.608969925510000121e-01
2.745803108500000089e-01
2.297464244530000033e-01
2.010278282780000036e-01
1.806242677709999911e-01
1.649182937510000058e-01
1.584242900420000100e-01
1.593598521550000091e-01
1.524859948650000019e-01
1.621109522030000083e-01
1.433851498960000137e-01
1.317049629569999880e-01
1.414103605979999956e-01
1.466453733439999907e-01
1.461001136600000028e-01
1.440517628770000003e-01
1.435829549350000067e-01
1.425735525419999927e-01
1.347645009560000107e-01
2.201816379619999875e+00
7.482931470379999839e-01
5.052469439819999852e-01
4.615179605310000266e-01
3.279944593479999781e-01
2.828427404339999840e-01
2.613556379120000051e-01
2.577912773770000276e-01
2.275162745490000027e-01
2.212445179410000018e-01
2.167467702380000139e-01
2.231714083959999984e-01
2.240960439090000089e-01
2.115660951230000086e-01
2.153209511639999907e-01
1.854891084289999881e-01
1.911913927949999981e-01
1.928533466819999931e-01
1.794307192069999890e-01
2.614312226089999802e-01
2.184114478320000052e-01
2.144104568450000137e-01
1.859845628179999932e-01
1.826885156630000118e-01
1.726369040200000093e-01
1.827487612129999883e-01
1.675997433039999873e-01
1.667253029999999914e-01
1.730991447219999979e-01
2.037690971209999979e-01
3.119104473029999935e-01
2.128548000559999931e-01
2.007142335519999932e-01
1.831877094790000104e-01
1.735777519979999906e-01
1.745042952020000038e-01
1.516210757030000134e-01
1.972205266969999926e-01
1.707853444459999925e-01
1.813786791379999874e-01
1.680691597220000111e-01
1.670309943530000063e-01
1.648623504510000060e-01
1.807533310739999899e-01
1.798661199480000028e-01
1.641513477900000129e-01
1.624483159729999959e-01
1.560370307110000021e-01
1.563394907260000077e-01
1.802930363359999955e-01
1.581957349149999970e-01
1.672848270299999995e-01
1.383383308049999927e-01
1.528220374940000015e-01
1.774181139500000115e-01
1.610234626810000125e-01
3.405568813650000082e-01
2.353284021690000005e-01
2.085595592270000076e-01
1.756198018379999948e-01
1.721670295549999896e-01
1.774797505759999894e-01
1.650156329280000056e-01
1.623713130549999939e-01
1.629117102379999960e-01
1.607758212879999982e-01
1.530043005800000022e-01
1.680532483369999996e-01
1.588777448370000123e-01
1.565165560129999911e-01
1.585856195110000033e-01
1.462556692960000071e-01
1.553379801339999922e-01
1.493933979020000136e-01
1.450027387860000072e-01
1.440668929109999996e-01
1.429794455639999962e-01
1.318272087139999993e-01
1.429306800169999891e-01
1.444788440089999904e-01
1.462291193630000097e-01
1.436566780769999996e-01
1.488399740409999950e-01
1.443295031250000082e-01
1.396904708610000045e-01
1.454218283890000019e-01
1.344561682959999893e-01
1.373682718299999994e-01
1.418070810010000071e-01
1.286674953789999909e-01
1.436137433709999967e-01
1.484248101160000055e-01
1.583631197239999955e-01
1.462832018330000039e-01
1.437037766129999894e-01
1.465000572980000026e-01
1.278990476019999933e-01
1.373702911080000033e-01
1.222462892369999971e-01
1.340147047320000007e-01
1.379152068329999870e-01
1.411384761420000078e-01
1.227201902269999950e-01
1.318368278990000031e-01
1.472392037559999978e-01
1.359482529230000014e-01
1.399901224300000024e-01
1.329213295430000108e-01
1.350021518719999869e-01
1.198329623580000058e-01
1.381854760750000077e-01
1.429303682230000094e-01
1.282654458009999943e-01
1.378034689169999882e-01
1.186512870850000012e-01
1.356847305730000119e-01
1.303108286409999927e-01
1.400911410229999932e-01
2.074416624069999882e-01
1.483805113030000067e-01
1.342989520800000058e-01
1.360271005039999925e-01
1.310541926419999947e-01
1.422461557770000051e-01
1.350612188670000102e-01
1.185061201280000059e-01
1.413390178080000115e-01
1.316359483740000003e-01
1.257058253399999936e-01
1.331603558870000092e-01
1.279551352639999862e-01
1.357033423750000078e-01
1.408721507740000045e-01
1.192091829069999998e-01
1.296327184000000132e-01
1.288828707000000129e-01
1.233049779820000053e-01
1.305464137569999905e-01
1.378853744280000015e-01
1.293632731000000091e-01
1.475710294979999948e-01
1.464618601659999908e-01
1.386863400059999973e-01
1.389814083979999948e-01
1.284163699870000119e-01
1.266900340530000002e-01
1.252331317279999912e-01
1.353363252679999906e-01
1.237832556229999936e-01
1.255557043399999906e-01
1.252643903979999973e-01
2.631686323340000078e-01
1.488479899219999902e-01
1.461775954029999880e-01
1.462059451549999889e-01
1.327031515219999902e-01
1.372763113119999934e-01
1.477959856559999952e-01
1.428058107949999878e-01
1.283410720379999925e-01
1.399994940540000010e-01
1.304450056389999946e-01
1.392758135259999919e-01
1.279420982089999881e-01
1.459737761769999975e-01
1.276334995520000126e-01
1.302566803770000003e-01
1.311101939619999934e-01
1.326489530319999999e-01
1.310465258619999962e-01
1.332733691169999957e-01
2.343846884590000124e-01
1.845196026589999982e-01
1.739739671970000068e-01
1.517216686320000119e-01
1.471116461189999891e-01
1.398288722409999907e-01
1.405657956390000130e-01
1.419773769559999899e-01
1.467168939019999896e-01
1.450145871690000088e-01
1.413394475760000046e-01
1.427866743779999947e-01
1.554669057580000124e-01
1.521827252329999991e-01
1.482781166480000024e-01
2.187244872590000111e-01
2.546958395069999770e-01
1.799937764410000085e-01
2.172684277399999919e-01
1.634160016310000074e-01
1.630303110059999894e-01
1.536325865450000050e-01
1.484963681589999973e-01
1.612604540539999964e-01
1.577115405120000091e-01
1.527767888229999982e-01
2.354374308390000115e-01
1.797804166639999923e-01
1.743173581199999878e-01
2.101350378700000132e-01
1.963331813629999867e-01
1.598514053360000076e-01
1.603397074360000119e-01
1.627045514290000050e-01
1.462706863540000068e-01
1.393050398660000133e-01
1.475487583960000126e-01
1.504569774879999933e-01
1.413388010659999972e-01
2.059169836839999934e-01
1.614645060430000001e-01
1.533822637030000102e-01
1.495941024499999883e-01
1.361661004159999966e-01
1.419096658619999896e-01
1.401420803250000013e-01
1.476482752380000041e-01
1.450856833860000028e-01
1.437684973349999951e-01
1.379841594740000010e-01
1.417460637329999995e-01
1.356664107170000022e-01
1.580519961809999929e-01
1.380014135640000028e-01
1.377683877160000014e-01
1.438923185290000017e-01
1.386407249040000067e-01
1.337725668470000073e-01
1.373125638300000118e-01
1.476943809100000060e-01
1.242350669700000021e-01
1.341031678260000137e-01
1.221117122409999950e-01
1.603836687409999906e-01
1.434047537750000045e-01
1.421933168489999955e-01
1.378361701739999889e-01
1.378087075810000006e-01
1.332327901739999987e-01
1.338195987240000107e-01
1.419843033709999869e-01
1.348148338079999953e-01
1.372156200209999899e-01
1.272803134440000095e-01
1.293598377799999866e-01
1.357977130390000120e-01
1.316211494879999944e-01
1.293064374969999930e-01
1.442179035679999888e-01
1.258235077110000100e-01
1.273869540299999992e-01
1.171176611329999978e-01
1.244147957049999975e-01
1.304905943230000032e-01
1.398645669530000080e-01
1.417545232849999892e-01
1.318164590400000002e-01
1.357104211250000081e-01
1.191646682209999974e-01
1.418028578270000006e-01
1.277722809259999870e-01
2.000782846040000118e-01
1.334590752229999899e-01
1.483453767469999907e-01
1.780071382639999977e-01
1.502460401819999958e-01
1.453518818010000047e-01
1.418492573150000047e-01
1.373899647659999890e-01
1.362227842669999911e-01
6.204079864210000350e-01
3.692956947939999846e-01
3.137495257440000018e-01
2.523652486860000210e-01
2.346020391489999912e-01
4.498862505039999959e-01
2.960925965749999778e-01
2.410271898080000030e-01
2.103079251019999985e-01
2.032723130609999929e-01
1.854559776199999899e-01
1.890868962089999883e-01
1.863640184160000046e-01
1.773850210350000067e-01
1.803003900540000037e-01
1.691211277549999892e-01
1.676096221009999998e-01
1.618774017190000025e-01
1.647073400969999990e-01
1.654881259310000130e-01
1.664773931309999899e-01
1.587888395590000001e-01
1.535033947799999965e-01
1.598248979030000017e-01
1.534552038629999893e-01
1.474835368959999948e-01
1.480573522230000105e-01
1.451509480650000072e-01
1.543778626769999884e-01
1.488872886500000048e-01
1.434441772520000102e-01
1.504814895340000069e-01
1.540854140150000051e-01
1.399651030459999890e-01
1.489067281969999879e-01
1.461339049750000063e-01
1.410266298639999971e-01
1.323092057259999954e-01
1.370671117610000045e-01
1.466583042809999904e-01
1.336916678400000003e-01
1.375902515019999939e-01
1.374155085969999968e-01
1.395053614560000099e-01
1.380584427440000039e-01
1.359635557489999869e-01
1.482728245640000109e-01
1.354729385619999893e-01
1.270901404679999902e-01
1.425347760100000027e-01
1.282656867339999895e-01
1.331971384239999945e-01
1.326270105160000101e-01
1.305295752350000005e-01
1.350000065370000057e-01
1.322187587820000121e-01
1.308566297269999901e-01
1.354586349230000042e-01
1.298504917399999903e-01
1.275289363000000065e-01
1.393733231769999914e-01
2.056438917750000039e-01
1.362006484159999919e-01
1.450899688779999919e-01
1.582561773049999954e-01
1.523210929469999975e-01
1.407038847859999886e-01
1.330193053429999939e-01
1.295883569429999993e-01
1.281642003840000044e-01
1.325218694570000078e-01
1.843583067890000038e-01
1.579255891399999889e-01
1.465336302459999962e-01
1.525815468099999961e-01
1.393626378220000073e-01
1.477180641530000116e-01
1.347648646329999977e-01
1.431471211839999980e-01
1.437387837549999881e-01
1.261568332889999866e-01
1.257803254829999995e-01
1.301132574349999904e-01
1.355584891790000135e-01
1.318277307309999868e-01
1.254998435290000103e-01
1.372831815040000125e-01
1.307841432490000066e-01
1.440070365030000077e-01
1.226544333470000053e-01
1.460065743779999925e-01
1.338766075789999954e-01
1.613450084789999905e-01
1.963754725440000071e-01
1.518289521839999989e-01
1.844462003519999893e-01
1.635452090360000055e-01
1.589167318760000003e-01
1.371085199800000098e-01
1.431042923810000034e-01
1.292478811509999992e-01
1.308894681109999958e-01
1.413469240490000112e-01
1.350853184409999963e-01
1.395388450370000089e-01
1.233213993920000001e-01
1.388599668849999913e-01
1.376206891789999998e-01
1.786455701200000135e-01
1.280659216479999862e-01
1.278520714539999881e-01
1.347339711099999893e-01
1.269300212970000119e-01
1.641887996330000099e-01
1.464608175440000049e-01
1.445494579330000029e-01
1.355493513400000127e-01
1.537449852780000126e-01
1.457312202870000017e-01
1.267686823580000122e-01
1.283914829289999893e-01
1.322077238309999903e-01
1.279980049549999943e-01
1.307493669729999919e-01
1.220765114790000050e-01
1.402897987470000107e-01
1.218674934779999941e-01
1.173684781240000030e-01
1.355966074509999952e-01
1.255829561609999867e-01
1.303022288490000014e-01
1.258277712929999903e-01
1.313859362289999944e-01
1.239174512779999959e-01
1.221573680590000016e-01
1.669525208129999938e-01
1.358520975730000135e-01
1.368811212930000076e-01
1.259608218250000133e-01
1.360746474160000052e-01
5.045483243210000524e-01
1.948255093419999917e-01
1.620208397189999983e-01
1.607171834680000133e-01
1.507611334939999992e-01
1.545017500439999913e-01
1.349110305070000126e-01
1.430671885139999933e-01
1.440367551769999865e-01
1.376148424199999942e-01
1.306312572979999864e-01
1.465878027610000023e-01
1.474729653340000057e-01
1.327063586760000025e-01
1.384547355119999934e-01
1.274338764160000137e-01
1.288136826150000080e-01
1.361405158560000106e-01
1.181061091399999985e-01
1.326815375039999967e-01
1.324608985469999944e-01
1.307001287489999997e-01
1.342559331010000079e-01
1.303705857040000082e-01
1.287906002049999943e-01
1.371930944510000028e-01
1.223193152539999995e-01
1.343469322020000023e-01
1.786225627789999881e-01
1.489534981320000118e-01
1.506496124749999999e-01
1.347568837670000130e-01
1.367164862509999967e-01
1.414564241619999940e-01
1.384829222170000096e-01
1.328919911039999902e-01
1.516270924129999864e-01
1.322345843050000136e-01
1.259733194340000029e-01
1.214403525809999995e-01
1.180209830610000066e-01
1.222048686450000060e-01
1.192792522070000028e-01
1.238167228409999959e-01
1.282273747500000116e-01
1.229263525279999936e-01
1.305343253619999921e-01
1.290350783560000048e-01
1.266040364959999942e-01
1.284095470799999916e-01
1.241462289659999996e-01
1.351987441920000088e-01
1.179912334780000016e-01
1.166782080279999967e-01
1.262365932439999949e-01
1.233462713570000063e-01
1.203870284689999987e-01
1.157725929639999984e-01
1.183300998790000058e-01
1.110310490780000020e-01
1.230233562660000002e-01
1.243193606289999947e-01
1.247036954560000049e-01
1.551534365770000090e-01
1.382080743469999984e-01
1.407898395209999931e-01
1.359168190339999915e-01
1.534259094310000127e-01
1.448359941950000118e-01
1.343455975030000138e-01
1.413277128039999997e-01
1.255061300670000102e-01
1.314981665319999993e-01
2.301472619090000060e-01
2.047370122219999977e-01
1.638586668529999901e-01
1.773413082530000129e-01
1.570679712699999953e-01
1.517618798179999895e-01
1.486507526660000023e-01
1.347810079310000075e-01
1.497250239060000099e-01
1.397887943989999937e-01
1.566194340779999972e-01
1.575612132529999876e-01
1.310477049340000033e-01
1.413074444079999992e-01
1.413015148940000021e-01
1.284022470199999988e-01
1.289750474989999895e-01
1.216087337900000065e-01
1.283859754159999977e-01
1.285454945770000135e-01
2.422633435629999998e-01
1.695109775739999936e-01
1.420935710339999991e-01
1.892359930860000039e-01
1.569945067140000039e-01
1.458651860409999890e-01
1.525425079199999867e-01
1.463639499330000038e-01
1.384457064140000027e-01
1.396806985590000050e-01
1.408243089950000082e-01
1.603415347330000018e-01
1.446762198980000025e-01
1.446051759210000009e-01
1.362623069589999902e-01
1.506250088090000105e-01
1.408434559650000029e-01
1.374125556880000099e-01
1.372240336080000067e-01
1.347920524950000087e-01
1.349721560559999922e-01
1.323530614990000021e-01
1.246342375580000023e-01
1.311589158289999946e-01
1.231723911089999957e-01
1.913095474490000003e-01
1.453864441780000072e-01
1.401505611370000015e-01
1.368024896399999968e-01
1.456238516399999960e-01
1.198502690610000060e-01
1.265579067790000012e-01
1.301548937339999934e-01
1.278386642609999901e-01
1.304596772050000131e-01
1.233437390449999976e-01
1.094047846929999956e-01
1.290324294709999930e-01
1.177931034790000026e-01
1.121296739179999946e-01
1.274626023269999908e-01
1.408025096749999927e-01
1.226768596059999994e-01
1.192501999190000023e-01
1.374364497689999909e-01
1.252646034940000097e-01
1.609413923980000105e-01
1.618342585020000057e-01
1.435744603959999977e-01
1.235181317610000024e-01
1.150132108550000060e-01
1.215412138749999982e-01
1.161354265269999991e-01
1.280636151369999864e-01
1.263787688419999999e-01
1.122584151029999977e-01
1.208968210970000068e-01
1.351616119130000016e+00
7.322968935800000523e-01
5.349500867769999557e-01
4.825178766009999842e-01
4.252216531269999988e-01
3.602562668570000182e-01
3.332517670080000216e-01
3.517929797439999784e-01
3.141181764759999884e-01
3.120871317680000145e-01
2.697689430410000200e-01
2.556831377759999913e-01
2.365983629229999885e-01
2.327998960700000119e-01
2.114184263660000007e-01
2.008616913019999894e-01
2.080248000140000053e-01
1.987008965619999901e-01
2.023201830330000062e-01
3.613058565360000030e-01
2.687824375569999868e-01
2.306256695999999995e-01
2.166773147590000115e-01
2.132514119520000084e-01
2.006028066180000069e-01
1.908189766010000010e-01
1.920555802660000033e-01
1.950351267890000073e-01
1.803609933410000032e-01
1.816248086610000034e-01
1.847353088750000039e-01
1.836594222279999966e-01
1.739703387429999970e-01
1.581120517940000081e-01
1.662761260739999969e-01
1.658464760589999920e-01
1.666732791280000070e-01
1.624311473810000073e-01
1.588272928939999940e-01
1.611261103459999955e-01
2.009007571360000022e-01
1.829072764899999926e-01
1.741454402039999960e-01
1.847409718399999901e-01
1.635719553040000107e-01
1.553604238340000054e-01
1.589638966490000138e-01
1.616353608580000101e-01
1.409934731710000000e-01
1.556047125989999946e-01
1.633174135859999931e-01
1.452754613910000048e-01
1.599739690059999997e-01
1.466086974530000087e-01
1.612679399259999979e-01
1.649721578149999923e-01
1.569631859039999910e-01
1.590832376430000028e-01
1.432529810779999968e-01
1.486802385780000013e-01
1.477554363019999983e-01
1.296497471459999995e-01
1.392990127350000051e-01
1.347279894210000051e-01
1.529736940059999994e-01
1.390849310689999951e-01
1.436417367839999959e-01
1.308040511949999929e-01
1.321574845980000024e-01
1.437481606809999923e-01
1.482362064190000106e-01
1.444365657359999999e-01
1.406757740300000059e-01
1.366366098740000035e-01
1.329669176349999871e-01
1.502758932890000121e-01
1.224069537320000012e-01
1.504547678810000122e-01
1.399920770879999887e-01
1.445726562380000024e-01
1.365729469630000137e-01
1.618073210579999976e-01
1.490104186220000126e-01
1.480328208149999936e-01
3.724409424610000130e-01
1.701183266780000036e-01
1.494063212539999963e-01
1.537259182279999969e-01
1.480229455640000025e-01
1.479470405810000000e-01
1.494119306939999947e-01
1.364202351219999942e-01
1.602320986240000078e-01
1.459081830789999978e-01
1.622665918979999955e-01
1.372501528570000129e-01
1.549926772469999992e-01
1.447543665680000036e-01
1.492010083900000006e-01
1.406423615379999992e-01
1.322891038129999919e-01
1.326307171849999966e-01
1.311767644959999923e-01
1.419656830040000040e-01
1.513810386320000034e-01
1.466818128650000108e-01
1.383124321729999884e-01
1.357429929539999969e-01
1.227985070540000001e-01
1.205639245109999952e-01
1.194263165919999953e-01
1.243356093040000054e-01
1.398165313139999866e-01
1.343245446749999905e-01
1.246018181119999957e-01
1.242301186859999934e-01
1.448141793970000035e-01
2.169355116159999985e-01
1.626294953940000121e-01
1.520450457410000011e-01
1.289331505100000108e-01
1.525903335279999995e-01
1.405900296229999902e-01
1.374976545009999884e-01
1.334379892850000027e-01
1.396307322429999886e-01
1.259423698319999951e-01
1.267033893710000081e-01
1.475911667149999995e-01
1.415556529789999962e-01
1.295272127340000023e-01
1.276109738200000010e-01
1.323403714870000081e-01
1.339338316279999885e-01
1.377305080450000052e-01
1.410971826669999984e-01
1.286894281239999993e-01
1.428077138630000076e-01
1.306141820020000066e-01
1.220072596409999960e-01
1.233562856029999932e-01
1.399572980359999885e-01
1.247393647279999990e-01
1.312798322050000022e-01
1.281146575459999881e-01
1.303932966290000106e-01
1.253615070219999961e-01
1.269747824509999956e-01
1.337898915749999862e-01
1.289652403409999870e-01
1.282102873200000048e-01
1.388070323399999972e-01
1.180437603930000051e-01
1.359768790920000137e-01
1.250949444460000004e-01
1.384325736869999879e-01
1.211088318430000033e-01
1.282402283480000016e-01
1.336903619329999904e-01
1.275304275820000055e-01
1.212731165239999964e-01
1.235673385189999945e-01
1.221543411739999946e-01
1.187985190490000037e-01
1.197246121139999980e-01
1.289539946849999896e-01
1.169879703649999991e-01
7.684401858620000247e-01
4.259443842089999932e-01
3.069346057039999964e-01
2.622757967089999753e-01
2.357461272599999935e-01
2.134576680380000091e-01
1.957448016849999972e-01
1.956738250320000094e-01
1.844218178029999877e-01
1.823304642730000091e-01
1.601872304510000011e-01
1.704182595569999903e-01
1.598598519470000034e-01
1.734801203640000122e-01
1.901866051999999974e-01
1.619112874530000135e-01
1.558794657969999886e-01
1.624929189029999943e-01
1.591105984520000127e-01
1.420843129549999861e-01
1.373241979769999899e-01
1.482911630759999877e-01
1.496823356729999888e-01
1.417956654570000086e-01
1.536007198569999954e-01
1.378357715530000027e-01
1.403188004329999905e-01
1.366180401569999925e-01
1.383327762669999961e-01
1.450471010309999920e-01
1.403639509309999867e-01
1.465920543939999987e-01
1.274686080009999889e-01
1.289306878810000112e-01
1.280943735099999981e-01
2.531892151969999949e-01
1.666358983439999997e-01
1.495439716299999944e-01
1.480698343500000125e-01
1.461241322769999962e-01
1.370640589719999969e-01
1.329449130099999987e-01
1.300596398009999932e-01
1.389961499659999877e-01
1.330692311839999920e-01
1.353167026039999998e-01
1.420498485380000120e-01
1.366707163560000049e-01
1.464331895990000076e-01
1.339756541619999963e-01
1.327369104049999915e-01
1.349173572740000049e-01
1.353337742060000126e-01
1.303687387340000114e-01
1.282988864459999878e-01
1.270033207490000038e-01
1.836329511919999879e-01
1.490288582340000001e-01
1.492236304289999982e-01
1.387116932249999879e-01
1.413778454919999983e-01
1.390081837809999943e-01
1.498704951929999973e-01
1.409477013050000060e-01
1.309880810819999963e-01
1.420524600960000050e-01
1.287017762490000050e-01
1.320797575379999977e-01
1.181406568560000037e-01
1.323655791889999933e-01
1.348461471200000095e-01
1.233737450449999967e-01
1.483131441230000069e-01
1.867455269280000052e-01
2.630032313949999812e-01
2.660004158820000186e-01
2.019886689350000042e-01
1.822538672709999863e-01
1.754461520839999955e-01
1.697724437389999952e-01
1.937525947150000039e-01
2.251128785940000043e-01
1.840132957349999987e-01
1.772895795880000125e-01
1.628674523420000075e-01
1.861289397589999950e-01
1.557521812759999902e-01
1.599479127010000057e-01
1.853097561660000114e-01
1.581229824229999914e-01
1.499183320730000102e-01
1.470448517819999967e-01
1.498717421090000057e-01
1.413879775730000066e-01
1.491685827969999878e-01
1.392323979910000120e-01
1.573362806720000062e-01
1.410887444120000056e-01
1.315420275779999870e-01
1.398260691740000061e-01
1.401924831980000119e-01
1.301120661909999920e-01
1.839008256340000091e-01
1.497152166210000135e-01
1.383679042959999883e-01
1.489473279599999866e-01
1.435514770050000111e-01
1.417264069020000017e-01
1.669168614850000121e-01
1.470085628199999939e-01
1.530400109929999919e-01
1.587334757099999882e-01
1.336171896879999876e-01
1.364745922220000074e-01
1.334739087140000002e-01
1.460219333020000010e-01
1.457309981790000097e-01
1.205392747229999950e-01
1.417517217869999901e-01
1.357083860870000047e-01
1.402908751030000067e-01
1.292347295819999964e-01
1.496167486649999934e-01
1.382747694550000017e-01
1.533441892569999965e-01
1.470098497270000137e-01
1.382386617320000011e-01
1.332828910330000061e-01
1.419965070410000030e-01
1.202301902929999999e-01
1.721883476859999984e-01
1.637022133930000067e-01
1.400518459700000051e-01
1.973332296729999880e-01
1.615633773550000096e-01
1.438601394160000102e-01
1.393270449050000026e-01
1.367977427529999956e-01
1.286523686459999927e-01
1.304893752159999865e-01
1.526493556459999901e-01
1.467794475370000074e-01
1.605852181899999898e-01
1.922215241219999982e-01
1.665412820459999943e-01
1.473123985260000046e-01
1.383822565779999902e-01
1.474154491790000132e-01
1.516890100830000088e-01
1.948777555160000063e-01
1.535750535189999988e-01
1.858546626170000104e-01
1.659713106529999982e-01
1.656990842699999911e-01
1.458137567530000123e-01
1.362683025649999990e-01
1.311394385549999875e-01
1.027102909499999939e+00
4.659096981699999973e-01
3.138705626619999745e-01
2.554714462670000241e-01
2.316681682660000074e-01
2.062146397469999948e-01
2.059120805140000066e-01
1.680418662539999997e-01
1.787173346810000119e-01
1.690818161000000042e-01
1.643554365540000062e-01
1.635638682259999976e-01
1.781823311480000005e-01
1.977660952910000047e-01
1.656499936289999864e-01
1.582457189120000107e-01
1.482255102889999954e-01
2.192287295070000086e-01
1.785265845429999942e-01
1.678083983349999975e-01
1.561633009329999877e-01
1.654007681209999914e-01
1.609958925359999959e-01
1.674330690239999864e-01
1.448259841200000009e-01
1.540098608469999963e-01
1.419346307369999949e-01
1.369004746609999990e-01
1.541117737949999900e-01
1.469324619269999910e-01
1.250035451890000038e-01
1.316293773630000108e-01
1.382037030159999902e-01
1.585114879579999914e-01
1.252289402289999964e-01
1.417379551229999979e-01
1.370623184270000072e-01
1.381571148919999992e-01
1.412485814009999952e-01
1.419181846889999987e-01
1.386849275289999961e-01
1.569579794829999986e-01
1.300464491359999974e-01
1.333801457919999989e-01
1.357912637079999874e-01
1.413620890839999977e-01
1.358812614740000091e-01
1.293960054059999920e-01
1.307698281140000085e-01
1.354349553900000003e-01
1.352557670500000031e-01
1.352339670770000002e-01
1.304048287039999976e-01
1.207002735979999936e-01
1.246767272649999952e-01
1.256129842960000131e-01
1.491035865320000098e-01
1.288910753499999950e-01
1.592908470749999916e-01
1.597267050879999928e-01
1.339110785640000023e-01
1.599042054220000120e-01
1.510757479629999955e-01
1.386090047090000055e-01
1.326294340030000074e-01
1.290875813909999892e-01
1.319612772350000074e-01
1.367392118980000071e-01
1.400060408050000094e-01
1.335250290509999993e-01
2.562420322769999870e-01
1.795733104929999879e-01
1.514009630179999899e-01
1.463227858170000062e-01
1.433764395600000130e-01
1.355771372709999867e-01
1.376060619699999987e-01
1.366881877589999905e-01
1.299611863629999975e-01
1.310062107390000119e-01
1.426858503710000114e-01
1.232802901530000023e-01
1.280976792169999934e-01
1.526468049799999949e-01
1.315867984890000120e-01
1.265036658400000014e-01
1.325701172880000001e-01
1.399305289270000030e-01
1.459544536100000067e-01
1.414035595410000068e-01
1.233489735289999972e-01
1.356138960180000019e-01
1.347964108159999952e-01
1.204296640179999961e-01
1.203674428059999940e-01
1.156467885529999934e-01
1.204981420120000007e-01
1.279604215310000126e-01
1.204418893739999941e-01
1.272605319959999870e-01
1.332694865129999962e-01
1.318824638509999980e-01
1.322465647420000001e-01
1.177054763629999945e-01
1.195947178990000026e-01
1.311722968790000055e-01
1.239614838850000011e-01
1.333152407519999916e-01
1.324370475609999986e-01
1.231418625629999986e-01
1.181325914370000008e-01
1.208475245380000035e-01
1.238623708870000006e-01
1.499483930069999971e-01
1.482378273430000060e-01
1.453839619389999949e-01
1.251005548830000091e-01
1.298627927390000047e-01
1.794334139559999874e-01
1.591258802440000120e-01
1.200610018780000066e-01
1.403872977479999895e-01
1.346824992329999915e-01
1.385767280150000114e-01
1.256294156320000022e-01
1.253558195539999920e-01
1.345854630849999956e-01
1.303003090879999992e-01
1.307011540019999973e-01
1.404506682710000010e-01
1.393105876569999957e-01
1.387410366210000134e-01
1.218811508930000009e-01
1.277119562069999881e-01
1.236756967279999953e-01
1.230383376040000004e-01
1.331211503720000078e-01
1.179872613260000008e-01
1.241625379029999976e-01
1.280172590360000029e-01
1.255195109810000043e-01
1.187022399740000067e-01
1.290927218559999867e-01
1.306280003180000093e-01
1.238939612979999966e-01
1.152458532169999966e-01
1.219106050629999993e-01
1.236946177650000006e-01
1.260952382009999928e-01
1.195274457049999989e-01
1.268835051209999953e-01
1.125546107320000017e-01
1.216386320970000018e-01
1.210686996199999976e-01
1.174107323550000054e-01
1.231192710320000022e-01
1.282999757759999970e-01
1.149219188440000067e-01
1.227590207200000005e-01
1.175584241799999957e-01
1.182489370820000024e-01
1.151943201289999941e-01
1.192085603840000035e-01
1.092385961559999979e-01
1.219947013430000005e-01
1.185822859119999989e-01
1.257572220379999939e-01
1.173566426810000035e-01
1.218783813669999938e-01
1.481084995330000098e-01
1.344991151619999992e-01
1.402975350879999972e-01
1.241841062100000059e-01
1.340793971990000000e-01
1.504842661559999961e-01
1.349824203949999968e-01
1.327282982459999927e-01
1.414629369060000086e-01
1.642596248250000057e-01
1.460991691719999985e-01
1.860875382219999985e-01
1.647832806550000029e-01
1.557152136159999922e-01
1.441291064499999885e-01
1.393662855170000048e-01
1.257020922490000026e-01
1.357967093770000022e-01
1.436134895689999968e-01
1.143510771270000032e-01
1.445189508330000094e-01
1.412060438330000056e-01
1.282468285480000136e-01
1.248834845350000056e-01
1.280501415599999970e-01
1.327096190569999890e-01
1.405781135920000091e-01
1.187995123440000050e-01
1.253864009940000024e-01
1.250200338280000045e-01
1.185240095080000028e-01
1.247775184249999975e-01
1.673942109229999975e-01
1.432803019879999862e-01
1.424888229990000088e-01
1.407038975279999993e-01
1.273212909049999952e-01
1.155111378770000002e-01
1.270288730630000085e-01
1.326846728219999993e-01
1.208627379770000065e-01
1.253608153849999907e-01
1.262481504640000085e-01
1.293800340319999909e-01
1.245713722490000008e-01
1.384475081679999997e-01
1.214929316540000054e-01
1.393862026590000081e-01
1.280997071119999997e-01
1.195802607970000014e-01
1.237497031430000033e-01
1.130991351139999934e-01
1.172507655680000010e-01
1.263738981860000055e-01
1.537497452569999978e-01
1.479990823769999908e-01
1.190101670920000049e-01
1.327641365689999908e-01
1.183915119870000004e-01
1.204298578809999964e-01
2.209316521059999927e-01
1.606170143049999999e-01
1.747987742390000043e-01
1.542908833689999870e-01
1.590899832409999881e-01
1.339694107509999954e-01
1.274438923769999898e-01
1.362286561000000118e-01
1.319858495360000106e-01
1.284768375929999928e-01
1.266545348820000139e-01
1.302874605500000116e-01
1.257628843430000087e-01
1.539006281489999906e-01
1.421227369320000045e-01
1.225506100250000063e-01
1.348346425330000098e-01
1.323981102979999991e-01
1.289253980900000041e-01
1.220775819610000062e-01
1.457009677849999962e-01
1.206098855539999987e-01
1.350329668149999884e-01
1.189922958549999993e-01
1.113161420410000019e-01
1.373133089970000054e-01
1.314032845689999951e-01
1.346539409920000097e-01
1.187327861629999953e-01
1.259109281180000040e-01
1.282121986529999869e-01
1.239027297140000011e-01
1.234225108769999996e-01
1.218155960149999995e-01
1.158423765519999982e-01
1.290430108099999973e-01
1.240490222019999950e-01
1.283122352449999892e-01
1.126763453649999996e-01
1.131557638790000042e-01
1.143167329029999985e-01
1.308878423189999973e-01
1.072317868149999937e-01
1.289145411560000121e-01
1.160899505219999961e-01
1.328401730830000016e-01
1.216024453890000023e-01
1.284372704800000042e-01
1.178999398360000006e-01
1.312815416420000103e-01
1.280427367280000117e-01
1.245113448580000004e-01
1.233102674919999975e-01
1.242709485209999992e-01
1.199524234170000064e-01
1.167598394789999966e-01
1.258375486759999995e-01
1.196733890560000013e-01
1.270141563209999935e-01
1.249784369509999993e-01
1.477144879700000024e-01
1.322155019969999956e-01
1.287667896530000078e-01
1.227931035250000025e-01
1.223199949449999963e-01
1.147761597560000013e-01
1.533215061129999945e-01
1.409624406599999935e-01
1.493333091750000119e-01
1.351289639280000010e-01
1.302130972459999980e-01
1.317671833550000116e-01
1.224404624930000018e-01
1.274338953080000059e-01
1.135557590410000012e-01
1.329979560679999950e-01
1.132266032010000034e-01
1.228180775319999973e-01
1.190663432399999971e-01
1.235812332509999972e-01
1.225266535060000050e-01
1.208060902719999968e-01
1.203311617070000061e-01
1.624105742109999972e-01
1.272007928020000012e-01
1.302314431050000110e-01
1.286631117710000105e-01
1.227279682610000061e-01
1.231549035639999956e-01
1.244879688039999960e-01
1.303981818720000019e-01
1.107705689159999979e-01
1.233964802830000013e-01
1.211507972170000058e-01
1.163450638419999961e-01
1.219024571940000023e-01
1.173289754810000057e-01
1.165261695900000061e-01
1.108277447580000019e-01
1.153776931879999940e-01
1.497043916140000097e-01
2.902124276979999862e-01
1.626396690090000097e-01
1.619841542250000099e-01
2.159651213229999978e-01
1.748438726240000018e-01
1.884277202440000076e-01
1.999203862330000137e-01
1.620040256349999930e-01
1.611715281280000078e-01
1.911349449879999884e-01
1.769758402009999898e-01
1.510453973689999951e-01
1.489099312659999952e-01
1.962763100759999935e-01
1.975626671709999893e-01
1.669194018329999973e-01
1.576374163079999891e-01
1.359715878649999932e-01
1.389064732889999931e-01
1.456972393540000021e-01
1.462384489040000068e-01
1.446903315389999889e-01
1.308115994780000013e-01
1.383741831130000099e-01
1.294874915550000005e-01
1.430785376220000127e-01
1.381610707350000022e-01
1.293855518910000113e-01
1.302385615680000108e-01
1.358282123310000089e-01
1.283594166450000018e-01
1.731377773899999972e-01
1.326043367739999923e-01
1.444403360050000029e-01
1.313841313999999927e-01
1.342594087020000104e-01
1.130564319050000044e-01
1.321744394109999887e-01
1.336544914420000063e-01
1.348802704070000136e-01
1.318986211460000113e-01
1.256252164199999910e-01
1.265832512729999915e-01
1.303430649120000118e-01
1.184279562720000067e-01
1.258907283300000068e-01
1.272056957970000013e-01
1.281108093609999998e-01
1.331677898239999880e-01
1.224609042680000065e-01
1.240488731580000059e-01
1.277204438979999968e-01
1.193603696729999969e-01
1.244878288819999956e-01
6.180984641710000060e-01
2.000093534400000095e-01
1.733972974820000013e-01
1.644492118039999895e-01
1.775808755180000031e-01
1.517918933319999941e-01
1.382104548149999945e-01
1.667858140329999961e-01
2.080545750520000070e-01
1.704038526009999943e-01
1.628902025979999946e-01
1.531580971479999942e-01
1.583557449490000102e-01
1.403900855030000006e-01
1.446708836649999996e-01
1.261787195019999919e-01
1.347762469010000130e-01
1.523082150800000034e-01
1.359783576399999916e-01
1.429677840099999875e-01
1.299160061949999889e-01
1.220169667930000035e-01
1.260355649730000027e-01
1.269485177080000027e-01
1.317489197599999995e-01
1.515847269299999966e-01
1.417178292940000084e-01
1.389694176169999906e-01
1.264796877890000115e-01
1.155853726650000052e-01
1.220916236459999998e-01
1.308400149869999862e-01
1.184404865829999931e-01
1.225840026830000012e-01
1.500660655349999872e-01
1.652381316390000021e-01
1.549251858189999997e-01
1.449956190670000089e-01
1.486561153339999997e-01
1.318380223539999951e-01
1.306404219189999938e-01
1.304764869270000072e-01
1.332228097969999914e-01
1.203686589569999965e-01
1.082305528610000012e-01
1.322939499490000115e-01
1.380503009609999887e-01
1.304590185610000064e-01
1.329622581459999897e-01
1.333545348140000031e-01
1.378057458130000079e-01
1.179852627280000010e-01
1.160751306519999942e-01
1.220801148069999981e-01
1.178832217879999950e-01
1.279092831260000007e-01
1.246207750030000061e-01
1.328988872719999992e-01
1.179172520480000069e-01
1.304121480569999936e-01
1.208380112759999958e-01
1.159449944429999935e-01
1.356474221729999929e-01
1.270921214309999880e-01
1.317206681080000108e-01
1.229606067359999971e-01
1.238614343370000037e-01
1.295595759729999963e-01
1.217912755719999934e-01
1.124761740789999992e-01
1.198513347220000053e-01
1.225576889409999981e-01
1.384230506140000094e-01
1.140888248279999934e-01
1.165943443909999988e-01
1.160251773769999939e-01
1.190799641220000038e-01
1.127106459170000019e-01
1.134170772029999968e-01
1.239020437000000058e-01
1.201217635499999964e-01
1.283818100770000026e-01
1.212598579599999948e-01
1.069969876889999977e-01
1.121984333210000045e-01
1.184935430299999953e-01
1.159802935889999997e-01
1.132852803480000059e-01
1.124029214660000053e-01
1.099242849670000050e-01
1.223041835369999969e-01
1.158848302609999936e-01
1.238721060639999955e-01
1.159585752530000041e-01
1.192045738949999989e-01
1.161485213799999944e-01
1.220459519229999956e-01
1.091561273659999998e-01
1.044141490639999975e-01
1.137853611789999969e-01
1.128901560320000053e-01
1.983252062870000110e-01
1.319582181929999931e-01
1.305895731479999877e-01
1.401632214970000012e-01
1.297328042679999904e-01
1.239861260400000054e-01
1.180617328790000004e-01
1.297268688830000016e-01
1.190336427280000026e-01
1.235804875329999941e-01
1.158495496059999963e-01
1.142084848660000068e-01
1.222991673239999938e-01
1.221809264089999958e-01
2.518639480739999770e-01
1.896854484280000031e-01
1.627686418079999919e-01
1.447477081180000014e-01
1.437924383879999879e-01
1.501627299599999910e-01
1.308299941330000049e-01
1.340796968409999901e-01
1.280875654799999985e-01
1.294075574469999990e-01
1.260546355190000078e-01
1.248364847069999978e-01
1.140596515219999968e-01
1.268787658630000093e-01
1.238979077050000044e-01
1.254427097580000094e-01
1.134504443539999935e-01
1.245633727919999989e-01
1.189829412210000048e-01
1.082318481949999939e-01
1.174367200140000039e-01
1.160391239790000001e-01
1.183382877929999993e-01
1.357697406030000109e-01
1.138297851970000024e-01
1.230841123460000019e-01
1.109504303119999979e-01
5.412126355349999862e-01
1.765441782440000107e-01
1.471926605559999990e-01
1.354889611100000002e-01
1.298583647290000032e-01
1.276658572999999908e-01
1.180867601390000049e-01
1.326858605740000030e-01
1.201368195960000052e-01
1.280966090139999958e-01
1.125122106499999997e-01
1.104843855810000025e-01
2.114805339349999924e-01
1.484274858129999985e-01
4.425545097099999881e-01
1.878623417560000008e-01
1.423897613189999967e-01
1.379160690569999903e-01
1.460022687139999886e-01
1.349071531680000047e-01
1.324978180979999864e-01
1.284698703699999889e-01
1.307598831729999966e-01
1.347316622870000091e-01
1.638291575980000137e-01
1.278589465809999992e-01
1.676639748150000053e-01
1.406660025729999930e-01
2.391118851750000107e-01
1.987041720870000028e-01
1.606354825609999926e-01
1.605868954190000086e-01
1.524541089570000119e-01
1.429322648440000121e-01
2.455016195099999909e-01
1.898383219130000132e-01
1.685248258660000109e-01
1.705843890950000108e-01
1.559200053099999983e-01
1.404194981130000019e-01
1.522125253849999915e-01
1.386697660529999931e-01
1.438850270129999886e-01
1.421808505290000080e-01
1.401085058379999970e-01
1.318742549409999965e-01
1.458658392269999993e-01
1.248510183359999998e-01
1.343630066060000072e-01
1.212174956670000053e-01
1.388350761890000118e-01
1.297439324930000082e-01
2.627888765799999971e-01
1.566286610010000080e-01
1.426635830549999873e-01
1.385253432649999894e-01
1.339730131069999941e-01
1.460569489630000051e-01
2.643584260690000076e-01
1.869850551020000029e-01
1.632128286139999940e-01
1.480998707520000124e-01
1.536183967729999877e-01
1.426311798619999960e-01
1.426792924330000101e-01
1.363651186719999908e-01
1.343608592030000048e-01
1.366368567840000048e-01
1.388256397450000068e-01
1.381283836349999905e-01
1.478920898440000131e-01
1.275484192970000041e-01
1.306591390650000128e-01
1.213724878400000012e-01
1.261324753170000035e-01
1.230579319859999993e-01
1.234543316989999973e-01
1.182285385739999944e-01
1.276008138839999917e-01
1.191174791590000059e-01
1.286767892859999873e-01
1.837289728129999911e-01
2.001332737759999869e-01
1.807543338179999903e-01
1.388503992690000022e-01
1.451390577309999985e-01
1.350361569119999938e-01
1.368584314140000036e-01
1.324036922769999958e-01
1.244487025649999995e-01
1.271644309359999947e-01
1.335998599350000093e-01
1.304640576159999954e-01
1.292503319599999922e-01
1.332004848680000131e-01
1.336325571210000007e-01
1.215464348050000060e-01
1.200337486930000003e-01
1.244178512630000066e-01
1.221995032640000034e-01
1.324942314189999915e-01
1.241260139200000001e-01
1.101664842659999949e-01
1.197786324239999978e-01
1.238955549739999967e-01
1.156223746969999994e-01
1.186326580870000064e-01
1.263601427080000006e-01
1.152577516679999942e-01
1.038334986529999976e-01
1.182802421749999944e-01
1.076618863549999999e-01
1.430431183220000069e-01
1.294953591399999882e-01
1.193080535269999964e-01
1.284022554589999976e-01
1.312483266009999983e-01
1.127869194880000009e-01
1.205273314260000006e-01
1.354015658030000013e-01
1.156064537899999939e-01
1.239937157640000065e-01
1.451511024369999958e-01
1.286402489419999906e-01
1.259651251589999910e-01
1.068194205339999953e-01
1.225899657550000021e-01
1.156932977720000061e-01
1.097870168280000031e-01
1.179133953620000036e-01
1.184898250699999989e-01
1.178597623320000037e-01
1.148529123920000033e-01
1.220192523880000018e-01
1.273254294750000015e-01
1.191329316610000022e-01
1.257159779550000023e-01
1.313589472499999966e-01
1.130954309729999968e-01
1.155285673959999954e-01
1.380626839350000135e-01
1.205998064090000044e-01
1.154316192059999940e-01
1.100651245359999947e-01
1.090901823549999955e-01
1.106411258649999951e-01
9.905663679659999776e-02
1.147064138279999951e-01
1.161229422430000019e-01
1.139127264339999945e-01
1.247348250519999951e-01
1.936170504739999909e-01
1.351159808340000046e-01
1.114499217480000026e-01
1.200746754889999990e-01
1.244425253959999950e-01
1.172413452850000065e-01
1.261674206289999933e-01
1.358109087530000036e-01
1.110041279629999933e-01
3.483678441270000037e-01
2.014443167809999991e-01
1.715655475550000031e-01
1.660492770239999916e-01
1.478396570080000028e-01
1.344460980989999888e-01
1.400590514439999934e-01
1.279660067670000123e-01
1.224502367399999958e-01
1.446418999680000039e-01
1.360805271059999932e-01
1.322286123249999945e-01
1.281437040079999867e-01
1.274650781970000091e-01
9.385591857180000108e-01
5.258883871270000343e-01
3.702559039980000133e-01
3.078429483389999999e-01
2.845834648280000101e-01
2.482609479900000082e-01
2.150611234869999888e-01
2.178210599429999950e-01
1.961602379669999952e-01
1.813271511929999968e-01
1.687477886919999948e-01
1.806617723570000111e-01
1.738156702230000128e-01
1.677034661690000039e-01
1.722599508010000113e-01
1.703233750650000045e-01
1.588578092290000021e-01
1.475449374489999910e-01
1.584412228329999950e-01
1.524773209879999869e-01
1.592913865760000047e-01
1.498795725510000121e-01
1.511516014990000045e-01
1.437488634580000035e-01
1.413870523899999898e-01
1.412876226900000032e-01
1.377712010749999882e-01
1.405759631659999898e-01
1.340468058790000028e-01
1.324436716530000002e-01
1.392669701660000092e-01
1.402102224429999933e-01
1.381646058519999942e-01
1.206670118139999970e-01
1.357456978880000054e-01
1.363952797059999889e-01
1.364050470389999992e-01
1.200915356619999957e-01
1.340023580209999954e-01
1.353001109679999869e-01
1.263367797549999894e-01
1.295647607340000007e-01
1.275459340479999926e-01
1.324801063130000012e-01
1.303363769320000087e-01
1.277873697390000118e-01
1.347123252090000056e-01
1.177993530290000063e-01
1.187312129689999940e-01
1.270257440910000091e-01
1.285421893210000055e-01
1.176496411689999938e-01
1.330492671119999915e-01
1.133320089790000040e-01
1.133419815149999954e-01
1.478460444580000088e-01
1.365087147980000026e-01
1.368320356830000084e-01
1.425136135610000077e-01
1.310078738619999961e-01
1.298295636340000003e-01
1.212885991240000017e-01
1.159211814829999992e-01
1.244242160599999952e-01
1.193146974820000067e-01
1.350161141139999965e-01
1.331531289229999915e-01
1.230785805969999980e-01
1.778814131689999967e-01
1.397047670459999891e-01
1.395069998519999910e-01
1.340666706030000099e-01
1.242370566580000002e-01
1.180634144619999992e-01
1.240515305540000057e-01
1.274086553859999915e-01
1.240854106509999971e-01
1.163602785230000020e-01
1.240492022859999988e-01
1.216764030979999994e-01
1.165286157779999998e-01
1.183060373459999953e-01
1.286641506929999956e-01
1.298327516459999997e-01
1.563912468270000078e-01
1.427664970679999867e-01
1.283303770629999896e-01
1.204147592909999981e-01
1.235653355419999988e-01
1.283828363210000045e-01
1.180835174779999996e-01
1.216495240049999954e-01
1.160075759780000021e-01
1.462084395069999931e-01
1.324537795640000071e-01
1.258583695340000086e-01
1.281578763769999907e-01
1.284218378479999867e-01
1.167929841450000006e-01
1.174954007960000019e-01
1.192147112969999950e-01
1.081919364909999931e-01
1.240086730010000055e-01
1.086164485200000057e-01
1.224466628750000008e-01
1.208721142440000035e-01
1.094394547149999952e-01
1.203208002969999996e-01
1.262644151910000123e-01
1.223430836689999995e-01
1.221847615849999957e-01
1.151732381910000047e-01
1.249131068260000005e-01
1.182033798079999976e-01
1.255036275729999873e-01
1.193218367320000028e-01
1.142267796959999943e-01
1.175707916969999933e-01
1.071754299649999992e-01
1.169436817959999958e-01
1.139147381600000009e-01
1.130053337429999943e-01
1.145139029690000060e-01
1.425118732279999911e-01
1.372406668870000124e-01
1.127640100639999976e-01
1.211331036330000055e-01
1.364738127210000096e-01
1.107464576829999964e-01
1.143166051789999971e-01
1.168126935760000068e-01
1.182261747919999967e-01
1.231943731340000014e-01
1.163951442909999939e-01
1.160927170289999949e-01
1.171193185700000056e-01
1.177750407430000062e-01
1.227853050569999993e-01
1.171698732280000016e-01
1.164163695109999980e-01
1.417294981339999871e-01
1.353207113840000086e-01
1.295487636619999938e-01
1.277302078139999908e-01
1.208518096779999940e-01
1.155055425579999961e-01
1.182875426610000003e-01
1.207207291199999949e-01
1.209097909539999932e-01
1.050209734689999952e-01
1.109000833560000038e-01
1.158461480930000065e-01
1.179628922279999936e-01
1.134097475799999977e-01
1.151328498710000037e-01
1.035946756619999937e-01
1.049803774259999989e-01
1.085941119310000064e-01
1.250581607990000066e-01
1.230115545769999985e-01
1.288967456590000005e-01
1.221016612740000035e-01
1.061830653150000053e-01
1.089279800730000025e-01
1.127265089880000043e-01
1.191048672869999964e-01
1.180426358440000018e-01
1.193072417310000050e-01
1.131478388530000045e-01
1.164852826139999992e-01
1.078889619639999964e-01
1.038556891600000004e-01
1.082537658419999993e-01
1.168320465989999973e-01
1.085098608419999971e-01
1.093529964139999949e-01
1.084399733329999976e-01
1.149202543019999939e-01
1.641217084959999961e-01
1.288210035900000106e-01
1.220193600910000065e-01
1.696019487090000000e-01
1.380895074740000061e-01
1.412274582549999935e-01
1.290352724000000117e-01
1.275247173909999920e-01
1.232621462349999947e-01
1.106732924889999997e-01
1.172063069169999999e-01
1.154319809710000061e-01
1.082998288730000064e-01
1.078278729299999988e-01
1.210469827829999956e-01
1.099374623780000060e-01
1.056954694050000060e-01
1.122540844299999979e-01
1.238737379289999996e-01
1.205511591850000064e-01
1.289122780729999862e-01
1.155197003010000056e-01
1.102131898400000032e-01
1.349790872440000122e-01
1.278374787090000020e-01
1.181159583470000052e-01
1.197921236290000052e-01
1.200440864689999998e-01
1.177287313350000031e-01
1.218144308879999943e-01
1.145224190840000017e-01
1.207382761579999936e-01
1.056300832420000030e-01
1.145998539049999931e-01
1.145305384340000038e-01
2.137424697779999883e-01
1.561816940400000131e-01
1.372195975280000035e-01
1.443963893519999986e-01
1.181686187649999970e-01
1.212285620859999968e-01
1.288810491400000091e-01
1.214108927090000040e-01
1.273829132779999984e-01
1.270339694169999867e-01
1.350807720689999880e-01
1.232255946490000004e-01
1.229100546359999935e-01
1.212192356999999970e-01
1.380167248610000008e-01
1.274848652549999961e-01
1.222468204369999978e-01
1.237740284110000061e-01
1.188084268930000020e-01
1.217227834889999943e-01
1.422764022730000077e-01
1.169437562929999952e-01
1.247431670550000066e-01
1.312245301540000131e-01
1.840741404360000111e-01
1.305245323499999999e-01
1.222253172379999947e-01
1.272537874720000017e-01
1.205267192980000041e-01
1.303885118439999935e-01
1.220896153230000003e-01
1.216564202179999943e-01
1.217960802270000031e-01
1.083956102789999931e-01
1.212484275399999950e-01
1.162972512029999961e-01
1.223165578320000030e-01
1.087616165889999931e-01
1.161376982339999975e-01
1.066883730559999993e-01
1.117444214030000049e-01
1.148000612829999934e-01
1.202082737310000010e-01
1.164291597260000005e-01
1.052022081800000064e-01
1.146295169100000066e-01
1.113233251569999971e-01
1.189224743130000012e-01
1.083392132370000066e-01
1.172232682750000005e-01
1.050558435140000052e-01
1.225701351070000028e-01
1.096769311409999947e-01
1.165965299920000003e-01
1.141937193669999989e-01
1.159029383699999999e-01
1.040380801189999954e-01
1.085488748320000002e-01
1.142982393860000057e-01
1.136693904230000052e-01
1.128673232750000005e-01
1.138095362730000004e-01
1.097200916430000062e-01
1.018391170819999969e-01
1.096685930730000036e-01
1.158284387009999999e-01
1.136904949909999935e-01
1.217850740680000016e-01
1.137478479020000016e-01
1.100650651480000047e-01
1.189013117559999944e-01
1.121664287840000024e-01
1.060691006349999965e-01
1.326395194860000015e-01
1.180284117420000028e-01
1.140247192779999946e-01
1.169553559459999975e-01
1.148533481009999940e-01
1.042050462639999980e-01
1.150419406879999995e-01
1.087438795520000029e-01
1.221852434699999962e-01
1.173825810539999986e-01
1.115167708850000050e-01
1.124019945420000055e-01
1.048968091500000061e-01
1.043599444050000019e-01
1.179578696559999973e-01
1.137889559420000030e-01
2.106539441399999935e-01
1.409284867900000016e-01
1.294111824320000048e-01
1.207291556200000004e-01
1.265213757729999888e-01
1.166061260129999944e-01
1.229374244280000000e-01
1.179632708270000052e-01
1.117341350389999960e-01
1.193414203169999993e-01
1.165937803279999962e-01
1.108907205639999977e-01
1.333345234810000002e-01
1.130325796339999994e-01
1.275440809620000115e-01
1.008834159800000019e-01
1.062087271130000010e-01
1.171795676699999983e-01
2.233208091670000062e-01
1.384055771440000082e-01
1.361999421660000098e-01
1.224066136020000028e-01
1.079381036170000002e-01
1.153544981710000056e-01
1.083075475540000027e-01
1.163777401439999998e-01
1.243987952660000063e-01
1.005661309889999966e-01
1.166947243280000018e-01
1.199923270859999946e-01
1.197154205729999976e-01
1.045055883869999980e-01
1.159677504380000057e-01
1.099008481960000033e-01
1.079979646119999942e-01
1.039348980230000025e-01
1.197208856419999939e-01
1.039042729180000013e-01
1.064676687459999993e-01
1.100681862470000022e-01
1.179167148490000011e-01
1.114588797940000015e-01
1.226399983559999934e-01
1.173070442629999960e-01
1.166758003049999937e-01
1.147522184110000010e-01
1.211646054520000015e-01
1.137338767609999968e-01
1.131837724179999977e-01
1.557845143190000059e-01
1.225420034239999983e-01
1.163587490829999932e-01
1.200790969799999941e-01
1.249921288880000009e-01
1.293825860180000120e-01
1.157310038119999940e-01
1.165163555220000008e-01
1.100723948849999939e-01
1.145838666060000066e-01
1.096581267419999978e-01
1.180726037650000060e-01
1.012061600359999980e-01
1.165560983810000062e-01
1.168741073200000036e-01
1.109908792320000032e-01
1.139259905140000001e-01
1.316969861679999909e-01
1.200178460639999972e-01
1.120593766850000034e-01
1.140476494429999987e-01
1.679696378380000077e-01
1.277307095069999954e-01
1.207003752200000030e-01
1.797177974199999917e-01
1.279955251150000084e-01
1.209794018040000058e-01
1.247427074820000037e-01
1.233002497200000047e-01
1.294085496659999890e-01
1.135088747019999955e-01
1.118985020889999987e-01
1.138481908339999960e-01
1.301034200810000097e-01
1.100299431039999942e-01
1.495777865440000021e-01
1.373555938530000020e-01
1.278104493620000059e-01
1.124251596760000027e-01
1.199230932800000038e-01
1.219647922890000069e-01
1.296448076629999890e-01
1.373854416199999928e-01
1.203888957779999935e-01
1.122954684400000042e-01
1.162746058380000058e-01
1.144562568000000030e-01
1.183131525880000007e-01
1.117906847919999946e-01
1.120400956629999945e-01
1.203356851179999965e-01
1.299241413589999894e-01
1.224846439489999939e-01
1.211940564459999953e-01
1.089332786690000027e-01
1.134546540050000024e-01
1.184131425859999975e-01
1.154337903470000065e-01
1.166547047670000031e-01
1.153297741570000062e-01
1.142545992150000023e-01
1.119740693469999937e-01
1.080120937320000057e-01
1.158841760520000069e-01
1.101049922570000034e-01
1.055926346959999984e-01
1.098724629179999995e-01
1.071104750730000055e-01
1.228659576810000043e-01
1.113006068710000046e-01
9.845363292959999346e-02
1.164671905260000057e-01
1.046791570369999952e-01
1.168653783860000017e-01
1.072494707139999975e-01
1.168344426200000064e-01
1.086088598870000033e-01
1.098763337660000061e-01
1.043174934080000060e-01
1.142447083380000034e-01
1.095327987359999977e-01
1.038910889559999939e-01
1.088853733869999951e-01
1.111774915660000002e-01
1.015701580680000021e-01
1.566419831099999938e-01
1.420009787959999881e-01
1.201137742809999936e-01
1.269410953419999877e-01
1.184875348450000060e-01
1.126458632300000040e-01
1.183292231009999973e-01
1.075159841100000041e-01
1.191152367810000001e-01
1.183079433079999992e-01
1.111423124890000003e-01
1.136028717240000069e-01
1.215583248320000059e-01
1.964459322990000090e-01
1.801561181009999901e-01
1.527488295749999947e-01
1.277668627369999976e-01
1.277510703070000031e-01
1.329977889189999929e-01
1.322677375280000012e-01
1.188009230089999979e-01
1.389341556099999986e-01
1.230639469480000053e-01
1.225871448730000007e-01
1.158317012789999989e-01
1.208623904290000023e-01
1.167159823689999931e-01
4.573540499459999853e-01
2.163038510580000129e-01
1.720856200560000049e-01
1.589225241220000029e-01
1.394516203189999914e-01
1.436118407439999911e-01
1.366961275030000034e-01
1.345119393320000079e-01
1.332068929000000124e-01
1.152672092149999994e-01
1.354823725900000109e-01
1.389139335119999874e-01
1.118360203240000017e-01
1.161200903760000042e-01
1.269036371089999893e-01
1.289366491860000075e-01
1.234250573080000052e-01
1.241585534689999964e-01
1.173611670009999941e-01
1.267108745620000032e-01
1.166968564649999984e-01
1.281860254580000080e-01
1.107576506599999983e-01
1.144201473369999972e-01
1.210342201669999951e-01
1.102171229830000015e-01
1.201347326570000040e-01
1.131546744949999961e-01
1.169587619629999936e-01
1.279284737509999992e-01
1.217950464560000057e-01
1.177065549820000001e-01
2.648065912509999786e-01
1.899386286209999997e-01
1.469584029790000079e-01
1.645997162679999903e-01
1.322772212120000013e-01
1.402189016239999975e-01
1.309794915470000043e-01
1.232177622249999993e-01
1.203684157730000037e-01
1.166250142699999937e-01
1.131303606819999974e-01
1.270112732160000035e-01
1.254271103040000002e-01
1.238222469279999932e-01
1.227603702880000064e-01
1.158449149929999950e-01
1.227949357460000057e-01
1.243891687989999995e-01
1.085937338410000036e-01
1.168264600260000008e-01
1.064310705239999988e-01
1.104852924969999955e-01
1.123823370409999939e-01
1.181868386880000066e-01
1.080229687609999961e-01
1.142476905670000015e-01
1.107748355929999984e-01
1.161415090370000042e-01
1.053019713290000020e-01
1.079014574419999983e-01
1.057017195019999967e-01
1.097623076400000008e-01
1.133234291149999989e-01
1.142156478400000036e-01
1.023284723990000034e-01
1.129856246219999999e-01
1.231877442140000001e-01
1.070627707359999986e-01
1.115724567289999997e-01
1.171706069459999972e-01
1.111292230539999981e-01
1.054122010140000065e-01
1.160821258529999983e-01
1.126358427359999970e-01
1.094555047360000061e-01
1.162981922239999938e-01
1.114650630170000017e-01
1.035385914729999995e-01
1.027517621939999931e-01
1.074909392069999942e-01
1.041840503410000063e-01
1.001498586339999997e-01
1.098617256629999955e-01
1.150406545460000013e-01
