4.902793340215986717e+01
3.898468222852924470e+01
3.099877423205596116e+01
2.464876383341596622e+01
1.959954016074848582e+01
1.558463856518801549e+01
1.239217960655736839e+01
9.853687145843162298e+00
7.835197659803096570e+00
6.230189464194991977e+00
4.953961830492158214e+00
3.939164949418185291e+00
3.132245542722813081e+00
2.490620424589601090e+00
1.980429499428657314e+00
1.574749047288859227e+00
1.252170389221162639e+00
9.956704355921369709e-01
7.917132284340915316e-01
6.295356365120645670e-01
5.005792400630217909e-01
3.980388575205288104e-01
3.165032763189203346e-01
2.516697714303272604e-01
2.001170249724746331e-01
1.591245230453003090e-01
1.265290686600084036e-01
1.006105734891678122e-01
8.000130097076522950e-02
6.361369227805163673e-02
5.058296372902705562e-02
4.022148187102660144e-02
3.198246925418275072e-02
2.543115347537268367e-02
2.022181990147233974e-02
1.607957516196120359e-02
1.278583240450423958e-02
1.016678241839926410e-02
8.084218400405848021e-03
6.428244949561057013e-03
5.111477725680501488e-03
4.064433292109447850e-03
3.231863068578449093e-03
2.569836895509675350e-03
2.043423726218476788e-03
1.624845853882652714e-03
1.292012972426141932e-03
1.027358910850209844e-03
8.169166787131330008e-04
6.495812124176320815e-04
2.294394592227940680e-03
