9.643646965501910528e-02
2.928791939428926905e-01
2.364313932641857463e-01
1.971021845979452070e-01
1.873591817662670633e-01
1.577571823662037853e-01
1.487555375114457401e-01
1.598612516035903264e-01
2.180984388429169363e-01
1.771422387742797866e-01
1.679088143870255956e-01
1.742583163141261382e-01
1.813551615985094789e-01
1.746789798382968606e-01
1.541971074024706678e-01
1.615273390498345174e-01
1.594771385623660331e-01
1.522990724328068812e-01
1.464313414498402410e-01
1.554485014828227429e-01
1.362785598696208966e-01
2.686953518868761548e-01
1.988046070619785832e-01
1.801320771037416002e-01
1.691570943093103629e-01
1.694592345797022725e-01
1.545190813977474209e-01
1.795679313435133151e-01
1.488104779922966858e-01
1.439870833196572053e-01
1.480785520827634649e-01
1.452563635010895582e-01
1.519266288569283974e-01
1.361192147326783508e-01
1.517949135334505650e-01
1.409157715184257975e-01
1.421007635330394925e-01
2.012139157706536174e-01
1.590002844851957087e-01
2.733251233815661707e-01
2.633952880903137062e-01
2.112201866846274700e-01
1.909083391622004022e-01
1.735987498181828514e-01
1.733147983030682293e-01
1.622677723394586602e-01
1.580086266361623859e-01
1.740793770788693073e-01
1.494125185984034876e-01
1.466657212953673961e-01
1.543727733840403460e-01
1.555068405213472782e-01
1.384001264237065820e-01
1.453777532493248648e-01
1.540605750323027490e-01
1.381318592334702944e-01
1.360587775921045794e-01
2.163885912401363854e+00
7.447320151491121365e-01
4.831245267028849710e-01
4.433678237093432450e-01
3.313485792664157548e-01
3.056480132864295984e-01
2.611066742633391669e-01
2.543317748620007035e-01
2.472045625591465512e-01
2.301618086769930682e-01
2.183579548468302656e-01
2.082837735207261898e-01
2.307701980303016598e-01
2.043841633997685314e-01
2.121008871143373886e-01
1.931717737270434998e-01
1.820648382382098751e-01
1.734234767632699126e-01
1.863088196966119214e-01
2.832354471103675220e-01
2.252110107000273032e-01
2.056619068170609799e-01
1.875777070448334527e-01
1.933550748576924050e-01
1.729318328165934393e-01
1.653593579668693747e-01
1.546729934042543053e-01
1.686975670114809200e-01
1.599060587855868631e-01
2.607963172337153801e-01
3.201197240868676741e-01
2.115491481505625826e-01
1.948294856430676236e-01
1.885620600753275533e-01
1.633263937892295015e-01
1.885048628700131956e-01
1.615340518705550288e-01
1.958678321953922219e-01
1.854224535451278189e-01
1.794801148665853274e-01
1.645664875889936152e-01
1.635119168237083309e-01
1.659010979716092071e-01
1.889827891112248193e-01
1.792029815745848909e-01
1.826746155793628756e-01
1.631158726392386293e-01
1.679860887002148362e-01
1.656358710260878442e-01
1.965742240625928672e-01
1.813225604159688364e-01
1.612416623706562913e-01
1.628109994349880574e-01
1.545177364289448685e-01
1.797332976167594354e-01
1.745015180668083588e-01
3.126162679508086573e-01
2.564659511902193101e-01
1.980316006907937298e-01
1.979129055146980898e-01
1.879265643379036399e-01
1.768601831883731268e-01
1.812382863755656326e-01
1.657118655248139283e-01
1.717847743866241506e-01
1.587636250694937357e-01
1.555831070024124296e-01
1.632807459266598371e-01
1.558275711304471234e-01
1.529699253096213352e-01
1.630317941523974357e-01
1.511630478267258493e-01
1.545129861331388244e-01
1.481037046359982567e-01
1.648141893165988303e-01
1.464932199498273635e-01
1.561817249095423521e-01
1.567853819070266219e-01
1.434128711528165900e-01
1.577611548532688035e-01
1.415211385260904953e-01
1.412389822126754180e-01
1.504361293019052526e-01
1.450670550129607717e-01
1.485079342953847525e-01
1.497106446120628209e-01
1.382019367231118734e-01
1.358183413424983998e-01
1.487975095613914278e-01
1.408149508546424344e-01
1.412338358047676157e-01
1.443017291741048869e-01
1.464409095408616968e-01
1.417545339795639736e-01
1.310304151408993312e-01
1.466194079862301880e-01
1.332811253233752991e-01
1.336410912783180804e-01
1.477109915865426060e-01
1.332791497685839044e-01
1.349674073600668767e-01
1.554888745594398825e-01
1.380390580139859436e-01
1.375420762426908527e-01
1.402630100208641928e-01
1.417908612173386373e-01
1.424065681477439671e-01
1.311246244230513947e-01
1.407076426621702014e-01
1.221047692124885009e-01
1.499614123502849838e-01
1.404998328517750028e-01
1.367872056361931210e-01
1.365528404588803868e-01
1.313530183957183350e-01
1.423157634389287107e-01
1.411009078326094790e-01
1.425690099527662236e-01
1.912454469050841321e-01
1.368637845154306032e-01
1.231104004920996475e-01
1.494556706355747722e-01
1.336902288335834743e-01
1.385564422778605420e-01
1.338771401173960707e-01
1.384206040533526305e-01
1.387426551251381146e-01
1.278797056725445858e-01
1.291079946631509545e-01
1.323968603894759011e-01
1.318427527510265818e-01
1.351072632374764326e-01
1.392343829097815733e-01
1.395779832990643454e-01
1.264785626194343260e-01
1.338969651934362182e-01
1.306045636914213159e-01
1.412228050692377057e-01
1.455878822686564045e-01
1.233535638143967023e-01
1.551288761081418277e-01
1.536932741394415325e-01
1.502726985484659217e-01
1.288102663680449622e-01
1.398513016768187511e-01
1.222245609810163891e-01
1.386907427332771114e-01
1.525366407420724046e-01
1.416926767962936040e-01
1.255306698629658213e-01
1.267568228305486766e-01
2.816987385770256536e-01
1.640170349731667476e-01
1.505729472633659249e-01
1.496297012288759498e-01
1.354967346946034379e-01
1.315993320584973869e-01
1.543202006601792353e-01
1.499535211676017443e-01
1.368936108625450898e-01
1.302745688269972002e-01
1.314364914382866734e-01
1.404703531938621408e-01
1.433335823872024517e-01
1.336068161145352318e-01
1.427610105492846948e-01
1.439949946932850555e-01
1.410936373258285803e-01
1.299612800777041055e-01
1.240752176137674412e-01
1.283672288499413394e-01
2.206860752748899535e-01
1.935506313564200054e-01
1.660747059713372775e-01
1.640619713597755713e-01
1.520566740628962465e-01
1.433958291311511202e-01
1.594764366163780589e-01
1.540800877074542941e-01
1.333132501218463051e-01
1.636472241481173873e-01
1.660811177229624958e-01
1.401981487818302896e-01
1.505527746192420468e-01
1.625249096242650237e-01
1.508022698824712515e-01
2.097840777263742795e-01
2.613853581452821317e-01
1.925040469819777611e-01
2.357856591819705305e-01
1.784749082110919927e-01
1.735754326831977779e-01
1.590213644373198731e-01
1.563207860097694524e-01
1.553356713906881015e-01
1.574964229084856726e-01
1.556180004048430265e-01
2.645541160429675798e-01
1.836908014271835532e-01
1.681319272149574828e-01
2.248975186966770123e-01
1.793808743654678184e-01
1.753713188184826965e-01
1.612367784117480218e-01
1.612354599525859244e-01
1.574846493555321914e-01
1.494197766316800458e-01
1.676254013152998212e-01
1.520692056672806602e-01
1.427574458413588543e-01
1.933181419235676934e-01
1.588892233439423707e-01
1.459049709153197316e-01
1.494105911791262231e-01
1.442597604085565366e-01
1.591842687379733112e-01
1.602193627499096384e-01
1.543187717901399747e-01
1.498418114416443514e-01
1.502873261749611833e-01
1.365730494068478906e-01
1.449649689089207438e-01
1.510914354396321324e-01
1.411282177036378982e-01
1.409628005459928890e-01
1.432795617566060553e-01
1.328372466004795471e-01
1.522886910591131904e-01
1.112212022339774814e-01
1.390064903687694142e-01
1.389916742709852160e-01
1.350609528729177777e-01
1.425773071533817382e-01
1.467377131937205592e-01
1.511962203649576120e-01
1.384857595172107603e-01
1.418076072785829089e-01
1.345343591411236883e-01
1.335164398940902886e-01
1.482612855679788511e-01
1.461054458606268203e-01
1.278941290569700351e-01
1.397717928177751590e-01
1.354612202305942315e-01
1.414229341821880426e-01
1.409908696285839258e-01
1.358025500212445835e-01
1.307155729961343438e-01
1.435841303783740308e-01
1.262842489257430256e-01
1.317065501725162013e-01
1.357619650193800653e-01
1.295289779146135689e-01
1.339803200828195984e-01
1.360122250735972538e-01
1.362089628513103168e-01
1.373075234109072673e-01
1.228322662464373660e-01
1.254866990033695895e-01
1.318968674104144534e-01
1.315915438811758043e-01
1.294205587240811195e-01
1.883695932859313638e-01
1.549487703160304652e-01
1.362634174118274866e-01
1.938658913938155204e-01
1.538450024166207186e-01
1.613716535679296515e-01
1.421926291627536032e-01
1.400393605571788047e-01
1.398618545491959186e-01
6.175255964494157368e-01
3.621251603750200165e-01
2.932502498589937834e-01
2.453585836761193739e-01
2.163103551063786378e-01
4.188864857177397316e-01
2.985103246006889366e-01
2.564179330423853043e-01
2.359020196797795288e-01
2.116271410276886478e-01
1.854182725616151661e-01
1.962888552401799713e-01
1.782597252324548409e-01
1.926745249072023269e-01
1.794243005609050257e-01
1.715306029044157965e-01
1.672528252049530206e-01
1.618067706914888271e-01
1.717389989862029009e-01
1.750287286014514665e-01
1.558570433220824447e-01
1.573042432493893250e-01
1.624494058605217561e-01
1.457393037320854068e-01
1.602141280736807949e-01
1.521572410632329453e-01
1.445351299237590814e-01
1.454700807786462602e-01
1.400898318558459477e-01
1.439852948212205774e-01
1.560915748394893499e-01
1.399172506337821309e-01
1.452070123306484495e-01
1.429445628766330134e-01
1.470844360220855684e-01
1.522269311349436494e-01
1.529041488641948165e-01
1.473422122258142564e-01
1.440208447324824448e-01
1.510173405007914638e-01
1.482356538403752089e-01
1.393643039166619080e-01
1.403044460776413926e-01
1.320220644061638748e-01
1.475759977578157134e-01
1.444713985114520760e-01
1.307853818858424888e-01
1.517147235627917812e-01
1.424551977092003707e-01
1.363491876391378643e-01
1.480254436758353664e-01
1.326502189514611185e-01
1.454384971497219292e-01
1.400430600309518769e-01
1.293635751277755486e-01
1.345585725040928105e-01
1.410564336853082357e-01
1.458785681216590857e-01
1.344141109764469266e-01
1.344767590392121348e-01
1.303574406561633647e-01
2.154407944614979420e-01
1.653680897919883042e-01
1.516286873547444680e-01
1.412755665281150708e-01
1.451663196967409308e-01
1.341632466057125772e-01
1.456056004264763837e-01
1.271966175472601657e-01
1.335751177558258951e-01
1.398687281362040735e-01
1.831659430395516652e-01
1.653454783804105543e-01
1.556908055259121626e-01
1.342832465740735337e-01
1.426410824833668767e-01
1.344950671816555754e-01
1.482937221026343622e-01
1.481171515149437012e-01
1.344934580871090801e-01
1.468770865274613147e-01
1.323625144837733136e-01
1.295357622322918512e-01
1.385857441170461335e-01
1.258934172585782774e-01
1.299054934605936018e-01
1.330390966711551826e-01
1.425397584543066365e-01
1.301297349155195460e-01
1.241285299922228885e-01
1.331318511909726221e-01
1.218707597938444992e-01
1.589847145102223080e-01
1.929760101972336217e-01
1.525590205814489342e-01
1.933710880499312224e-01
1.599802938389958407e-01
1.456391555868042365e-01
1.605650755843579247e-01
1.431100001722945270e-01
1.335171917118375962e-01
1.427050215912245568e-01
1.357084036560093632e-01
1.342081975449567477e-01
1.344693084190370369e-01
1.399969256705139442e-01
1.335699216777561094e-01
1.361224634750737017e-01
1.520961302163159057e-01
1.325155424436200713e-01
1.375088107493543377e-01
1.244584326942517610e-01
1.329982333588140275e-01
1.683599564886778532e-01
1.408605238004926596e-01
1.456690283320375978e-01
1.410950582840822809e-01
1.334086538987863668e-01
1.365383819839602331e-01
1.230766893729196843e-01
1.321729052173222507e-01
1.325749349462934101e-01
1.276360837106525759e-01
1.325414982768072791e-01
1.252451365354705359e-01
1.405717507849932879e-01
1.368765902070564755e-01
1.298162392118667741e-01
1.275011129244212893e-01
1.287165450520625920e-01
1.354952675247249883e-01
1.333348552626134331e-01
1.426084204052660287e-01
1.378043694359523119e-01
1.273593425564215620e-01
1.604392219499734540e-01
1.403499901710425768e-01
1.303045694387927889e-01
1.310812423185586661e-01
1.362126210183110808e-01
5.416560799559798633e-01
2.367242402116927213e-01
1.621580118327041464e-01
1.517449305204189858e-01
1.505335851804070202e-01
1.661824486957041158e-01
1.545906227134377364e-01
1.438105725206141328e-01
1.332934603039669097e-01
1.275585468211161699e-01
1.372009209359565662e-01
1.359104335805280395e-01
1.332771831202794188e-01
1.452053172231830003e-01
1.374855879862038055e-01
1.362021389234049362e-01
1.400778722791334030e-01
1.293874138387398065e-01
1.306268476995199601e-01
1.261113252494925896e-01
1.265007360147881454e-01
1.233009674621024371e-01
1.300713747177596746e-01
1.450625274540597587e-01
1.336342298083547375e-01
1.220241296141729576e-01
1.441103526366742937e-01
1.330549744962740977e-01
2.004271516896194705e-01
1.780685235811793332e-01
1.502605688212463042e-01
1.458235582617241066e-01
1.489132202059132715e-01
1.455512071139343222e-01
1.357396913975389696e-01
1.364264581055797676e-01
1.355653469075130402e-01
1.376459598893086944e-01
1.268878766791055046e-01
1.265465639220031413e-01
1.330115327986295670e-01
1.243045875881379075e-01
1.296437785517486896e-01
1.347902450537654673e-01
1.303016771586249234e-01
1.384333581292019888e-01
1.274794738126331095e-01
1.223889561985941066e-01
1.261964379720951213e-01
1.259728405797884698e-01
1.347815015202979694e-01
1.166818198278475327e-01
1.304398916691208443e-01
1.365626740040627451e-01
1.353589320997892476e-01
1.215979302281947894e-01
1.265774975003311764e-01
1.241595632791661213e-01
1.205945826510133323e-01
1.315939154787207632e-01
1.224094674329567617e-01
1.301664392992504804e-01
1.243840849491826689e-01
1.511436300315100179e-01
1.447973668374835932e-01
1.383592440875063001e-01
1.335808742697286722e-01
1.671341155718945870e-01
1.529765733028885522e-01
1.398827521838159893e-01
1.390093117924288690e-01
1.345366227901158007e-01
1.312042493366022688e-01
2.364898001129592531e-01
2.015336054554290879e-01
1.797801842963369923e-01
1.866851626898535232e-01
1.624213271271396364e-01
1.571134805767589460e-01
1.461136558741352454e-01
1.609619714553526537e-01
1.520856107858753470e-01
1.423555318159775152e-01
1.688539829958128902e-01
1.371722988811487631e-01
1.440542465309230247e-01
1.377080748369420848e-01
1.308623676238105382e-01
1.369624718591844481e-01
1.449838767635859005e-01
1.346926952414992384e-01
1.412664436549737890e-01
1.301155342560302020e-01
2.672923836609163994e-01
1.617920047648182813e-01
1.695505660201684639e-01
1.941151708895756112e-01
1.737756370391303762e-01
1.660696775879726972e-01
1.451323144690666589e-01
1.387916595625686700e-01
1.631292096720785012e-01
1.380906894226324177e-01
1.297831048564990764e-01
1.733333324862851854e-01
1.684387098656855708e-01
1.489044764981299063e-01
1.452779224627525345e-01
1.378824788992346617e-01
1.396694231801939579e-01
1.519108381865522939e-01
1.267515394017602881e-01
1.330576175910317682e-01
1.486204327224207034e-01
1.268204249638450187e-01
1.379774621308219873e-01
1.321058321486932863e-01
1.328786303956893955e-01
1.951048692897074388e-01
1.520070880501602217e-01
1.508988445689197211e-01
1.303676125567609367e-01
1.433910124996695956e-01
1.327998216203800652e-01
1.258515026352466648e-01
1.303351762933541158e-01
1.258682081318975854e-01
1.407382633303687902e-01
1.360219262049696953e-01
1.294366570780094150e-01
1.397260123558254907e-01
1.303477561566582510e-01
1.230967368827418779e-01
1.411478920827496375e-01
1.250724414986705280e-01
1.418740195682924865e-01
1.221681785520853381e-01
1.277270276303939245e-01
1.359405512365690072e-01
1.720128231047949874e-01
1.423161794874390484e-01
1.435458265756500151e-01
1.291685916836487202e-01
1.186423043886636469e-01
1.328964779474288704e-01
1.372199400363387778e-01
1.278323387140631040e-01
1.205556388366408049e-01
1.211650206221938364e-01
1.364860325365386817e-01
1.767846400912883142e+00
9.770437680548343939e-01
7.063531908218773081e-01
5.733720117827258989e-01
5.297485801292030061e-01
4.300197171054726542e-01
4.360661132895092829e-01
4.341943840858945025e-01
3.965469113150925096e-01
3.717512690261124964e-01
3.376249258232375539e-01
2.773194784574943283e-01
2.934819532151248800e-01
2.695808195404922891e-01
2.393546033463355704e-01
2.375254944361132048e-01
2.483838944852209685e-01
2.114177320460580711e-01
2.167045395440280464e-01
3.960548357603907443e-01
2.923438838116962923e-01
2.543186031545899284e-01
2.271537769695597397e-01
2.440896586361334941e-01
2.206855886438768566e-01
1.990856886780901780e-01
2.177960246390112098e-01
2.084767496690035082e-01
1.871434123038153985e-01
1.932716846304988190e-01
2.096660726562107613e-01
1.786040364495725674e-01
1.741605566087810752e-01
1.907651501296066809e-01
1.924205504970929737e-01
1.905170747112670537e-01
1.788079119722089383e-01
1.881225061850269054e-01
1.693923095682047242e-01
1.759549771747474234e-01
2.142299423102876077e-01
1.789847630007344870e-01
1.774304748258997699e-01
1.738838177421564990e-01
1.684563508746766969e-01
1.752730676399095189e-01
1.660809667796432354e-01
1.616319713701398486e-01
1.511144208513075515e-01
1.738971969519945981e-01
1.567921640296464636e-01
1.613539647292336621e-01
1.451217669188137882e-01
1.569030345989418374e-01
1.591680097303265207e-01
1.637292275243329986e-01
1.610280728017204066e-01
1.752265793166822017e-01
1.490403094555105279e-01
1.452778213935036478e-01
1.573648096588142475e-01
1.768481811535794757e-01
1.419396640661517994e-01
1.540932305187031337e-01
1.518715694656177506e-01
1.645314066294527311e-01
1.746354548930475481e-01
1.441251540585819224e-01
1.442278384106597533e-01
1.419040785194931598e-01
1.562047261106975782e-01
1.674439307988010994e-01
1.484517629457370314e-01
1.557647064811544524e-01
1.412516728759264650e-01
1.431693768823172896e-01
1.368541073587445089e-01
1.478164968990478279e-01
1.488031325327910936e-01
1.392121923914511339e-01
1.404614262980401207e-01
1.748494299193852353e-01
1.643049051994754095e-01
1.533491483652754950e-01
3.764940201351362759e-01
1.687443133041972854e-01
1.750375944834583197e-01
1.643566140122532937e-01
1.485195490033166255e-01
1.465571428155260369e-01
1.496019475158823775e-01
1.522682824143873903e-01
1.402819126559943508e-01
1.703674252084042273e-01
1.617269994286468782e-01
1.437107720925907550e-01
1.451020562693355609e-01
1.491406547422955142e-01
1.336103468123693572e-01
1.604255587713143416e-01
1.413309664648134956e-01
1.409720632675428020e-01
1.583249000352979219e-01
1.430918668144879058e-01
1.460422366489490253e-01
1.394581327175147267e-01
1.517700640226439246e-01
1.488029798749551658e-01
1.436186459185410380e-01
1.527195300940401568e-01
1.388550790163528559e-01
1.473766983089851434e-01
1.329183944125730266e-01
1.489474227296503361e-01
1.335110539350953529e-01
1.401321565120364210e-01
1.391201188545362621e-01
2.490372031194816593e-01
1.573877713075447216e-01
1.553005656691919811e-01
1.545070041650215276e-01
1.497272552864228612e-01
1.589858743833588162e-01
1.468692962598993623e-01
1.496515096738693373e-01
1.255142292456276620e-01
1.408209784307675738e-01
1.299984307297674668e-01
1.565275883901462717e-01
1.357974790880682181e-01
1.422565907149516418e-01
1.419758158179484364e-01
1.383214928548330003e-01
1.368298640794425314e-01
1.323573330065122011e-01
1.373535562237288010e-01
1.457901101648830799e-01
1.441328750673818992e-01
1.254828276562584277e-01
1.414834685691034599e-01
1.255406078868221698e-01
1.374643874879892258e-01
1.269788653270896295e-01
1.369031161713151201e-01
1.370246654170149958e-01
1.465345693012493067e-01
1.271086055548692473e-01
1.359801841805118594e-01
1.237397033153392889e-01
1.405894651310182764e-01
1.439785739589802271e-01
1.334292553608885379e-01
1.364616104561540699e-01
1.424094377836807868e-01
1.416885542607774218e-01
1.431506304309516364e-01
1.333141578256009374e-01
1.367429600206823692e-01
1.330461518420978928e-01
1.420221392672767202e-01
1.342269846310554515e-01
1.355353043904815868e-01
1.416058116539896106e-01
1.420318848284880253e-01
1.318708266495570991e-01
1.278904390774968924e-01
1.243430592443729998e-01
7.913478332813179694e-01
4.220830360060016662e-01
3.121837661089286176e-01
2.653685532021330395e-01
2.512482801207565619e-01
2.154519352985614644e-01
2.043345625029308887e-01
2.109074635773413586e-01
1.830690302693833704e-01
1.748200302182607024e-01
1.801840897072873593e-01
1.637917813129806388e-01
1.744175012619292309e-01
1.650983913796981173e-01
1.761866204786168844e-01
1.724243930773662892e-01
1.576305783387427495e-01
1.555956743235497319e-01
1.719293028555997915e-01
1.540573212899857547e-01
1.455452542983883546e-01
1.459883964771886700e-01
1.567386210720796147e-01
1.453865883090236788e-01
1.525373468899189622e-01
1.450332308929124514e-01
1.576285816968190368e-01
1.507484719597405320e-01
1.443240004089415274e-01
1.326069704092944224e-01
1.448020251966738170e-01
1.441506461501677328e-01
1.319340034486193858e-01
1.466463037712008310e-01
1.397870464200299256e-01
2.427695519196311491e-01
1.778413258646912853e-01
1.454898741772011617e-01
1.506387139976724798e-01
1.612426109116327777e-01
1.472282571596545409e-01
1.398535015303581930e-01
1.540629903214798813e-01
1.381465667786422602e-01
1.442959252514115498e-01
1.528289811155904565e-01
1.458029810309845464e-01
1.447638496910847172e-01
1.351365622565371405e-01
1.431941494255717928e-01
1.394411455597509564e-01
1.460975872723709323e-01
1.407283883917208878e-01
1.356106062155536807e-01
1.335267846611519205e-01
1.422632478668181266e-01
1.779461724630823916e-01
1.400822673261227780e-01
1.387653875474378906e-01
1.383140643262382175e-01
1.423822520200432318e-01
1.354063220864931416e-01
1.427883507205192914e-01
1.397946761465439780e-01
1.426334129754346924e-01
1.280941625183398269e-01
1.303051598620195983e-01
1.354310171620496384e-01
1.385997472608326286e-01
1.365346253660054687e-01
1.290279737440263030e-01
1.314388904547596215e-01
1.724686651344512489e-01
2.241081032758643898e-01
2.509345316996524078e-01
2.978652729928346621e-01
2.233364074333548943e-01
1.867437461651304254e-01
1.826527629510816264e-01
1.697026227995068193e-01
1.901853440692206076e-01
2.251678878830661590e-01
2.060744014360761656e-01
1.823016060452956055e-01
1.824536353845195025e-01
1.955597737524658319e-01
1.648888685083473027e-01
1.662803706318259633e-01
2.098922913820428227e-01
1.609937939073575186e-01
1.481633635984947461e-01
1.507894864450229078e-01
1.539082093487698921e-01
1.619300693399990387e-01
1.440932614660180022e-01
1.463239899232204599e-01
1.453475739058968097e-01
1.391260063987892204e-01
1.462476257476353625e-01
1.279795074965346391e-01
1.421047187211812168e-01
1.477617295543908749e-01
1.950996041908561462e-01
1.672347835288067464e-01
1.554274063874022394e-01
1.375236355251104603e-01
1.398458013431834457e-01
1.452210838762067469e-01
1.775409626182805900e-01
1.570199834737222022e-01
1.660919545310689527e-01
1.386854024832691046e-01
1.377361348702456634e-01
1.435189257473545588e-01
1.524307733962084743e-01
1.553041865080284356e-01
1.340053584628180805e-01
1.403616637284103019e-01
1.340668088596273788e-01
1.400246529781732363e-01
1.320533516680644504e-01
1.387150072253884869e-01
1.769473730783152621e-01
1.641635560420326712e-01
1.486684966182977574e-01
1.442458389696142651e-01
1.440596743337273777e-01
1.315727614206195495e-01
1.362398561151328402e-01
1.267463695673009261e-01
1.426895762627755637e-01
1.501438213657306231e-01
1.485389695787548425e-01
1.920082353072614934e-01
1.650970228706001297e-01
1.462697645743608332e-01
1.292134632284672735e-01
1.567740334120403534e-01
1.435275357475084834e-01
1.395360831717837313e-01
1.434322545604473642e-01
1.424005719611942111e-01
1.544433517696298941e-01
1.753782197982715618e-01
1.458921792375129922e-01
1.514131996746622966e-01
1.377515998669357755e-01
1.363423258298993301e-01
1.531390227822313210e-01
1.943274806791172871e-01
1.543810568769715119e-01
2.010388809718952341e-01
1.755884803947287132e-01
1.679976264807961084e-01
1.492651571642562847e-01
1.389644036395052962e-01
1.454381948233958166e-01
1.067928409166172932e+00
4.638098489453334472e-01
3.090789458228994646e-01
2.647880802172710157e-01
2.261505776606120843e-01
2.146490997587308935e-01
2.028589178236996637e-01
1.752980880096151883e-01
1.942554497846647188e-01
1.775000258881686277e-01
1.857573133043208258e-01
1.740646802397203263e-01
1.741295352406603547e-01
1.591336729192790178e-01
1.624420911973863124e-01
1.611462395950634674e-01
1.381512801849096306e-01
2.164142374528919277e-01
1.898394222233574236e-01
1.651414443575272561e-01
1.619122755345893672e-01
1.696808071422131192e-01
1.743776872574548109e-01
1.530678356953285857e-01
1.503722181775472289e-01
1.467326037761358948e-01
1.453644499071057306e-01
1.498151290111356948e-01
1.413745483024513583e-01
1.675959199313335202e-01
1.624458698804413237e-01
1.550278966452526275e-01
1.322383633419784432e-01
1.403359577919117973e-01
1.375474731023349495e-01
1.350311661681531383e-01
1.338067300302940299e-01
1.494532933085567783e-01
1.516032082226195787e-01
1.317302195777361185e-01
1.459006597642234782e-01
1.447118880403449881e-01
1.336618197371562955e-01
1.500218619771135353e-01
1.441963837866669096e-01
1.253548751021699992e-01
1.349253734373702662e-01
1.466012767414763551e-01
1.255229128920680171e-01
1.312835032211740749e-01
1.512619636658667499e-01
1.422039227532151673e-01
1.303578574116746880e-01
1.303499786269267380e-01
1.438776955676378810e-01
1.355922064804095384e-01
1.352455911773969288e-01
1.290987875386891415e-01
1.741495490090117781e-01
1.499687518226026917e-01
1.451766917992418082e-01
1.708254415696254525e-01
1.518205809709014809e-01
1.555340586661558555e-01
1.435446134000115392e-01
1.384971565437893848e-01
1.495939219022123512e-01
1.245840378658285147e-01
1.261661544716662919e-01
1.340151356175597608e-01
2.812980829215900869e-01
1.707738255022175078e-01
1.556249624651351027e-01
1.543643957127360800e-01
1.597518264260340826e-01
1.366904576427549478e-01
1.343357673909426897e-01
1.512598963551219089e-01
1.386615678193788836e-01
1.298097310841830332e-01
1.300995908031781778e-01
1.300378697115157633e-01
1.311602649369747187e-01
1.410556039017126229e-01
1.300120803724704732e-01
1.399978605213649252e-01
1.285794885542141941e-01
1.341513330122851844e-01
1.269471859392571622e-01
1.289055589323217510e-01
1.316045334689633639e-01
1.252812754713087673e-01
1.225595372562922059e-01
1.285814600615616254e-01
1.177357346732327281e-01
1.204022575790785199e-01
1.328360287280342111e-01
1.291107543097390342e-01
1.344724635644982402e-01
1.189623557874665560e-01
1.183082176446105110e-01
1.266152966627361320e-01
1.244517120518497943e-01
1.190056113366947527e-01
1.215815047337908544e-01
1.292064913382267866e-01
1.278516647004186990e-01
1.155816170292721518e-01
1.313608133514909126e-01
1.203455698714064742e-01
1.294888089926375385e-01
1.207692849074651770e-01
1.318733604797435455e-01
1.463807711869906103e-01
1.576528649843234042e-01
1.508512365467084837e-01
1.365405840775323343e-01
1.379002622687977297e-01
1.765868576547257873e-01
1.527718826744871305e-01
1.443356817071634601e-01
1.542800871426601161e-01
1.345500306947838565e-01
1.384712957906403530e-01
1.324255707484978672e-01
1.363877016844748102e-01
1.303771936950791632e-01
1.402483530445281512e-01
1.289121463651460298e-01
1.298061592623422633e-01
1.238484806163275415e-01
1.369579662930822672e-01
1.289637700770018269e-01
1.346862017753610863e-01
1.219478378410276675e-01
1.290378142175751808e-01
1.230346903213398180e-01
1.264012988561757644e-01
1.334555770216310500e-01
1.290161482700168394e-01
1.299836617319713450e-01
1.264852146901396246e-01
1.135196895303032666e-01
1.229324648664607972e-01
1.307016053206428163e-01
1.313218189780001044e-01
1.207799910842768804e-01
1.078149646445195620e-01
1.243092159532230567e-01
1.257907242688339755e-01
1.164313698140109071e-01
1.222142433111407800e-01
1.221348668028413159e-01
1.193441189376621830e-01
1.321086199687895868e-01
1.355302400706088761e-01
1.157597989989836845e-01
1.236992187526881337e-01
1.165835218396281958e-01
1.214976743549133764e-01
1.156582001621776906e-01
1.313824009975476936e-01
1.177593768115462458e-01
1.251452156648600322e-01
1.162753165767728553e-01
1.074719363604860894e-01
1.284625825190049975e-01
1.253521908518406280e-01
1.297639555351458585e-01
1.515269481487849790e-01
1.528416267700430098e-01
1.484066953696115965e-01
1.313234816666355997e-01
1.462458150792411427e-01
1.551575743810144625e-01
1.374596752009706602e-01
1.428781146707307770e-01
1.445369383555645537e-01
1.712585867078593727e-01
1.599932034303262196e-01
2.046379581263575720e-01
1.568581276384065637e-01
1.491675650875073644e-01
1.484516935955980388e-01
1.440933205558459496e-01
1.358439521122724314e-01
1.579061333135299283e-01
1.314633613883546548e-01
1.371415901145227323e-01
1.411652408717536389e-01
1.352648388923574085e-01
1.327783066141005608e-01
1.308900291650278158e-01
1.358869376908820592e-01
1.186076973737423823e-01
1.394444976630086486e-01
1.256872844052210891e-01
1.314159757242486515e-01
1.199138077830222832e-01
1.286060644481574200e-01
1.378669637134476433e-01
1.501851458709005105e-01
1.412211597732052626e-01
1.322309968389064894e-01
1.263109577216320056e-01
1.400870746143952073e-01
1.288420954219168246e-01
1.436071937934090548e-01
1.364788030445891198e-01
1.368428358286578883e-01
1.317311545519849469e-01
1.346800547904403456e-01
1.203866095533358965e-01
1.314720958304928522e-01
1.211579402707107234e-01
1.292421208360761409e-01
1.183052918661265385e-01
1.320401474250247620e-01
1.420342113586421928e-01
1.301382170056426257e-01
1.247800298889100573e-01
1.203897529999684718e-01
1.331289942154106343e-01
1.713040105423590254e-01
1.369713905873131410e-01
1.351750944614168448e-01
1.465736499848700747e-01
1.380087827702282388e-01
1.187674240131660897e-01
2.086874924771497941e-01
1.680830557931245750e-01
2.048821156336021188e-01
1.544863289076356949e-01
1.417829465494661045e-01
1.392016474217130373e-01
1.413482000430982266e-01
1.351287286839610580e-01
1.372931235008259532e-01
1.243254705080804323e-01
1.395256794720698967e-01
1.260261969481885069e-01
1.292730839399750808e-01
1.546425962840186630e-01
1.564730047952760938e-01
1.568909131064271101e-01
1.311640468317390174e-01
1.311540846373067115e-01
1.414788433505073384e-01
1.352821984213750106e-01
1.305341897930391293e-01
1.379144165933227084e-01
1.259515890267757787e-01
1.278485600889229246e-01
1.237871262693719249e-01
1.297896691297344973e-01
1.352476688159301166e-01
1.121315949987399113e-01
1.235095024891634669e-01
1.262539529531665761e-01
1.144516754109152212e-01
1.279161903698431135e-01
1.258538579388221168e-01
1.290659677494276625e-01
1.389842815752024285e-01
1.262645331041366281e-01
1.186478335086238872e-01
1.229818519855974679e-01
1.237849278418466509e-01
1.202435097444070622e-01
1.274165229815819311e-01
1.196528851298183233e-01
1.147333548881846049e-01
1.287690222187394817e-01
1.231120355705504904e-01
1.157945036932706145e-01
1.308855392272511020e-01
1.180125642485239518e-01
1.216383365982816878e-01
1.416324818562704757e-01
1.274864398081665406e-01
1.338815290674195690e-01
1.187431918615282633e-01
1.307305637993517178e-01
1.270700002839981191e-01
1.256780267201880463e-01
1.176938420687087677e-01
1.285447243359266467e-01
1.212256080475680869e-01
1.221960364502334695e-01
1.531641030979431772e-01
1.379371498401362750e-01
1.264283584473501476e-01
1.239020562134956066e-01
1.198300073999968712e-01
1.251089980947150404e-01
1.620449987953789805e-01
1.388433020534396156e-01
1.606979646511713655e-01
1.395617063017932646e-01
1.353728369640537221e-01
1.291664494897627469e-01
1.268837370865741332e-01
1.177019889832067734e-01
1.334993198562148820e-01
1.197555387491156670e-01
1.324855966548828812e-01
1.221556297880468517e-01
1.322968664529284299e-01
1.382013757319122127e-01
1.319960238947475717e-01
1.228823982744971371e-01
1.217401536663978295e-01
1.663138015548042137e-01
1.487683251936348094e-01
1.351980962226826399e-01
1.277222312706045304e-01
1.343328447730418596e-01
1.306723412755265989e-01
1.353871801990778334e-01
1.191110117047816802e-01
1.121724980899017066e-01
1.324196432091417075e-01
1.332065481625970549e-01
1.174061797525303430e-01
1.124642101601624616e-01
1.188589069846923002e-01
1.228649675968088023e-01
1.177888049280239047e-01
1.176428871681047400e-01
1.417812199111954663e-01
2.967245502982839844e-01
1.765648940104843911e-01
1.483409385981508677e-01
2.065186905508133441e-01
1.867893363398087092e-01
2.217047057483637618e-01
2.156506239612920317e-01
1.841263725771661031e-01
1.660073669813247055e-01
1.972057517553583161e-01
1.627961214132600254e-01
1.765375188134164774e-01
1.547696631202380435e-01
2.172185719590907504e-01
2.001790369349893961e-01
1.786545328746382555e-01
1.454467554049115596e-01
1.496227087214704876e-01
1.559603615361817297e-01
1.526035720701205967e-01
1.473905728933903314e-01
1.355663245712047660e-01
1.446964099714855845e-01
1.320323922413375317e-01
1.268238888775272410e-01
1.493338631812065609e-01
1.347598862156074995e-01
1.262651986031121110e-01
1.447185644475647848e-01
1.320027350383012332e-01
1.400450116793415245e-01
1.675309384498436527e-01
1.464738751675757067e-01
1.480296388189156764e-01
1.468287957040585179e-01
1.482750541860670124e-01
1.341932923378970355e-01
1.282332599738396639e-01
1.370502623902246919e-01
1.405765752193501861e-01
1.225286688736600682e-01
1.250010032089198531e-01
1.281071554342192165e-01
1.423609008992370861e-01
1.325295034159031105e-01
1.250050569570154702e-01
1.269539454306088111e-01
1.360943950967711813e-01
1.209229749306259538e-01
1.233257282172492281e-01
1.259421340165975400e-01
1.261705339864278297e-01
1.299033236779461586e-01
1.328226548616389113e-01
5.751280664957375555e-01
2.073632061288591399e-01
1.751878023056923361e-01
1.567014344261412895e-01
1.933878856327204132e-01
1.627170844085475132e-01
1.543726355196042288e-01
1.569112487980558468e-01
2.276709537798319860e-01
1.698694565851257554e-01
1.705137216127928512e-01
1.646373938539169302e-01
1.453177067306912762e-01
1.502247339301155671e-01
1.514898775322979785e-01
1.465686986337473852e-01
1.459805759456399843e-01
1.427090286648089734e-01
1.377667074674105152e-01
1.281397258789636062e-01
1.296541380604095961e-01
1.345942377300271831e-01
1.284917599182730796e-01
1.254872527020309547e-01
1.339458668769469007e-01
1.591266125424420641e-01
1.405301999191487239e-01
1.391052174136935271e-01
1.360761143253454986e-01
1.428975749614733726e-01
1.265242616794756969e-01
1.299719983848687532e-01
1.446051331943306595e-01
1.185645567745585299e-01
1.781616046224394900e-01
1.756504795049310674e-01
1.560715312130145638e-01
1.339021553352664484e-01
1.374858962207153035e-01
1.410289093271344107e-01
1.405024791487045066e-01
1.298719237143589611e-01
1.335501665705596253e-01
1.313824191197919544e-01
1.411702084938565860e-01
1.212317391875587375e-01
1.181113308225016922e-01
1.236809680279261359e-01
1.377434889636107440e-01
1.281017660583359530e-01
1.395799803401839567e-01
1.265860439892204370e-01
1.152133432454207768e-01
1.297681079372321744e-01
1.342547701032391905e-01
1.210653791211002278e-01
1.282668423377278655e-01
1.294843838302152661e-01
1.261185688912392355e-01
1.167221257759932379e-01
1.134939102089554813e-01
1.234789894942841665e-01
1.203698346096033767e-01
1.391142971784290472e-01
1.311214141494189689e-01
1.227743596424377137e-01
1.185421669494719638e-01
1.340470578295533399e-01
1.275216587077669383e-01
1.305085421309352678e-01
1.176136144169919323e-01
1.179437739003825480e-01
1.183531471293899490e-01
1.249646776430218681e-01
1.280737696825356986e-01
1.205530732817847034e-01
1.205128864681379725e-01
1.250783592291313806e-01
1.251546919322345242e-01
1.247912535387059318e-01
1.225754111496718118e-01
1.220063994319998402e-01
1.148485912294444772e-01
1.143063960336504065e-01
1.226446317838412181e-01
1.226710078678350940e-01
1.190533325515639451e-01
1.202638563853676429e-01
1.266435811464334815e-01
1.098633205981080357e-01
1.218855213127225945e-01
1.109468848360933707e-01
1.239685424205876907e-01
1.225910787877931285e-01
1.119921388001557799e-01
1.219900934150583843e-01
1.193425440171049928e-01
1.116245565224043834e-01
1.149472047414725889e-01
1.124513364071493549e-01
1.179527707965684347e-01
2.406914703844362236e-01
1.362569834584716477e-01
1.369788214980370844e-01
1.401756488497030995e-01
1.253906955469784035e-01
1.296265318987981363e-01
1.242549155367646818e-01
1.183076179841480585e-01
1.174438587837539211e-01
1.244249278360356342e-01
1.275810200375627201e-01
1.165347017967449939e-01
1.154434642604592887e-01
1.249067894531095957e-01
2.601668630483544020e-01
1.864377633985753180e-01
1.754530136017703190e-01
1.543993493533004913e-01
1.453101084131675491e-01
1.345419571584701157e-01
1.496143111675390935e-01
1.415061362132264411e-01
1.357183798532386743e-01
1.383797712329856155e-01
1.324697127556657139e-01
1.301627241499675736e-01
1.204281538820909103e-01
1.297910038838434033e-01
1.292065408553311479e-01
1.300098862421091850e-01
1.239341711430633208e-01
1.257835901677583357e-01
1.124772829617155384e-01
1.196112671048830123e-01
1.163247372098503429e-01
1.312467860121187269e-01
1.202160961314328036e-01
1.300792855885978538e-01
1.132137422748014655e-01
1.172313346045403687e-01
1.280197556743871701e-01
5.871617262628565648e-01
1.804311168656985154e-01
1.594406552449774417e-01
1.493197109836142678e-01
1.476748350843200552e-01
1.430026077648311467e-01
1.390552295394445470e-01
1.349399641869312994e-01
1.279127209953768718e-01
1.195041874003739263e-01
1.368732048509990473e-01
1.319811062766011456e-01
2.163205455064554084e-01
1.482127400489660629e-01
4.074945504194253387e-01
1.854805044813077342e-01
1.743252531629190250e-01
1.504483461250770149e-01
1.416112701025350196e-01
1.334591283524822480e-01
1.393621425176760908e-01
1.346950308047730471e-01
1.216512717912079100e-01
1.279327797152969293e-01
1.715615590747356367e-01
1.454096373216168248e-01
1.732150542685963190e-01
1.335130193619807337e-01
2.517850876882598565e-01
1.954375524942542630e-01
1.757371718826102325e-01
