-2.994097836706052718e+01
-2.928791939428935787e-01
-2.364313932641837479e-01
-1.971021845979451792e-01
-1.873591817662702830e-01
-1.577571823662007044e-01
-1.487555375114482104e-01
-1.559787669134561128e+01
-2.180984388429103860e-01
-1.771422387742790650e-01
-1.679088143870265948e-01
-1.369520755522118449e+01
-1.813551615985066201e-01
-1.746789798382979708e-01
-1.541971074024706123e-01
-1.615273390498321304e-01
-1.594771385623714455e-01
-1.522990724328003032e-01
-1.464313414498428501e-01
-1.554485014828226319e-01
-1.264775312747100067e+01
-2.686953518868742119e-01
-1.988046070619820527e-01
-1.801320771037495105e-01
-1.691570943093098356e-01
-1.694592345797044097e-01
-1.545190813977453670e-01
-1.795679313435160906e-01
-1.488104779922939103e-01
-1.439870833196590372e-01
-1.480785520827636037e-01
-1.452563635010923337e-01
-1.519266288569237899e-01
-1.361192147326801549e-01
-1.517949135334513422e-01
-1.409157715184235216e-01
-1.298790649740682568e+01
-2.012139157706542836e-01
-2.378127157081688381e+01
-1.104457019034673593e+01
-2.633952880903133731e-01
-2.112201866846341036e-01
-1.909083391622019010e-01
-1.735987498181864874e-01
-1.733147983030651484e-01
-1.622677723394562455e-01
-1.580086266361569736e-01
-1.740793770788677530e-01
-1.494125185984045978e-01
-1.466657212953671741e-01
-1.543727733840394301e-01
-1.555068405213441418e-01
-1.384001264237060824e-01
-1.453777532493247537e-01
-1.540605750323033318e-01
-1.381318592334760675e-01
-1.062448483456730060e+02
-5.881796648175261488e+00
-4.032915972520845216e+00
-8.800144705825298175e+00
-4.433678237093423569e-01
-3.313485792664155327e-01
-3.056480132864314303e-01
-2.611066742633387228e-01
-2.543317748620035346e-01
-2.472045625591454965e-01
-2.301618086769934013e-01
-2.183579548468316256e-01
-1.295918163422220992e+01
-2.307701980303038802e-01
-2.043841633997705576e-01
-2.121008871143385266e-01
-1.931717737270422508e-01
-1.820648382382082098e-01
-1.734234767632712171e-01
-2.443067795943021991e+01
-2.832354471103735172e-01
-2.252110107000299954e-01
-2.056619068170623399e-01
-1.875777070448358119e-01
-1.933550748576901845e-01
-1.729318328165958818e-01
-1.653593579668687918e-01
-1.546729934042518628e-01
-1.686975670114866932e-01
-1.226889151887569440e+01
-1.393744019891602370e+01
-3.201197240868741134e-01
-2.115491481505665794e-01
-1.948294856430669020e-01
-1.885620600753238896e-01
-1.633263937892307505e-01
-1.885048628700131679e-01
-1.213840165209903788e+01
-1.958678321953911394e-01
-1.854224535451301781e-01
-1.794801148665864932e-01
-1.645664875889941148e-01
-1.635119168237091636e-01
-1.273031997666413417e+01
-1.889827891112244584e-01
-1.792029815745870003e-01
-1.826746155793656512e-01
-1.631158726392444580e-01
-1.679860887002147529e-01
-1.088826350012611321e+01
-1.965742240625985848e-01
-1.813225604159670323e-01
-1.612416623706584007e-01
-1.628109994349898060e-01
-8.554259136252134965e+00
-1.797332976167585472e-01
-1.657177750843778341e+01
-3.126162679508038278e-01
-2.564659511902127598e-01
-1.980316006907882898e-01
-1.979129055147001992e-01
-1.879265643379010586e-01
-1.768601831883669928e-01
-1.812382863755691298e-01
-1.657118655248125128e-01
-1.717847743866232069e-01
-1.587636250694914319e-01
-1.555831070024095153e-01
-1.632807459266608918e-01
-1.558275711304473454e-01
-1.529699253096174494e-01
-1.630317941523972969e-01
-1.511630478267292632e-01
-1.545129861331407672e-01
-1.481037046359950371e-01
-1.648141893165972205e-01
-1.464932199498238941e-01
-1.561817249095414639e-01
-1.567853819070283705e-01
-1.434128711528173394e-01
-1.577611548532674435e-01
-1.415211385260899679e-01
-1.412389822126737249e-01
-1.504361293019068624e-01
-1.450670550129600223e-01
-1.485079342953881665e-01
-1.497106446120609335e-01
-1.382019367231103746e-01
-1.358183413424973174e-01
-1.487975095613927323e-01
-1.408149508546430173e-01
-1.412338358047700304e-01
-1.443017291741071906e-01
-1.464409095408634454e-01
-1.417545339795616977e-01
-1.310304151409005524e-01
-1.466194079862263300e-01
-1.332811253233789073e-01
-1.336410912783150551e-01
-1.477109915865388867e-01
-1.332791497685836268e-01
-1.349674073600691249e-01
-1.554888745594391053e-01
-1.380390580139891910e-01
-1.375420762426911581e-01
-1.402630100208621389e-01
-1.417908612173384431e-01
-1.424065681477457990e-01
-1.311246244230536706e-01
-1.407076426621678700e-01
-1.221047692124890005e-01
-1.499614123502871765e-01
-1.404998328517737538e-01
-1.367872056361935929e-01
-1.365528404588803868e-01
-1.313530183957169473e-01
-1.423157634389260462e-01
-1.411009078326072030e-01
-1.135646729678270361e+01
-1.912454469050800243e-01
-1.368637845154312138e-01
-1.231104004921002998e-01
-1.494556706355756603e-01
-1.336902288335864442e-01
-1.385564422778608473e-01
-1.338771401173987907e-01
-1.384206040533511595e-01
-1.387426551251381701e-01
-1.278797056725446968e-01
-1.291079946631477904e-01
-1.323968603894751517e-01
-1.318427527510241948e-01
-1.351072632374734905e-01
-1.392343829097854591e-01
-1.395779832990652336e-01
-1.264785626194379342e-01
-1.338969651934352190e-01
-1.306045636914176244e-01
-1.412228050692376780e-01
-1.455878822686573204e-01
-9.228676877084165397e+00
-1.551288761081413559e-01
-1.536932741394405610e-01
-1.502726985484691968e-01
-1.288102663680460724e-01
-1.398513016768189732e-01
-1.222245609810131833e-01
-1.386907427332773612e-01
-1.525366407420704895e-01
-1.416926767962930211e-01
-1.255306698629644890e-01
-1.198205938805587145e+01
-2.816987385770262087e-01
-1.640170349731675803e-01
-1.505729472633648980e-01
-1.496297012288769490e-01
-1.354967346946039097e-01
-1.315993320584981086e-01
-1.543202006601803733e-01
-1.499535211676052970e-01
-1.368936108625447290e-01
-1.302745688269981161e-01
-1.314364914382870342e-01
-1.404703531938645278e-01
-1.433335823872012027e-01
-1.336068161145322342e-01
-1.427610105492805870e-01
-1.439949946932867764e-01
-1.410936373258295795e-01
-1.299612800777041888e-01
-1.240752176137666363e-01
-1.385033534847184100e+01
-2.206860752748871224e-01
-1.935506313564167025e-01
-1.660747059713390816e-01
-1.640619713597729623e-01
-1.520566740628961078e-01
-1.433958291311484279e-01
-1.594764366163714253e-01
-1.540800877074546826e-01
-1.333132501218447785e-01
-1.396256672450072145e+01
-1.660811177229586100e-01
-1.401981487818288186e-01
-1.505527746192400484e-01
-1.625249096242672719e-01
-6.214538776109931995e+00
-1.521924012058492437e+01
-2.613853581452865171e-01
-9.463399601745390299e+00
-2.357856591819725844e-01
-1.784749082110909935e-01
-1.735754326831986660e-01
-1.590213644373178747e-01
-1.563207860097675650e-01
-1.553356713906904885e-01
-1.574964229084884204e-01
-1.264887839437410122e+01
-2.645541160429630834e-01
-1.836908014271847467e-01
-1.982658859416631714e+01
-2.248975186966721551e-01
-1.793808743654684290e-01
-1.753713188184853333e-01
-1.612367784117443026e-01
-1.612354599525847587e-01
-1.574846493555346338e-01
-1.494197766316797404e-01
-1.676254013153002931e-01
-1.520692056672804382e-01
-1.167879107059282973e+01
-1.933181419235699416e-01
-1.588892233439432866e-01
-1.459049709153195651e-01
-1.494105911791227814e-01
-1.442597604085561758e-01
-1.075675898448251466e+01
-1.602193627499078621e-01
-1.543187717901415568e-01
-1.498418114416420477e-01
-1.502873261749569922e-01
-1.365730494068441714e-01
-1.449649689089196891e-01
-1.510914354396312165e-01
-1.411282177036358998e-01
-1.409628005459882816e-01
-1.432795617566107460e-01
-1.328372466004802410e-01
-1.522886910591153553e-01
-1.112212022339772038e-01
-1.390064903687666942e-01
-1.389916742709847164e-01
-1.350609528729171671e-01
-1.425773071533817660e-01
-9.002449134720203361e+00
-1.511962203649570569e-01
-1.384857595172145628e-01
-1.418076072785803832e-01
-1.345343591411289064e-01
-1.335164398940932307e-01
-1.482612855679765196e-01
-1.461054458606284856e-01
-1.278941290569712563e-01
-1.397717928177731606e-01
-1.354612202305924551e-01
-1.414229341821907349e-01
-1.409908696285856189e-01
-1.358025500212432790e-01
-1.307155729961334278e-01
-1.435841303783715051e-01
-1.262842489257466339e-01
-1.317065501725141474e-01
-1.357619650193782612e-01
-1.295289779146121811e-01
-1.339803200828158514e-01
-1.360122250735965599e-01
-1.362089628513125927e-01
-1.373075234109064346e-01
-1.228322662464381015e-01
-1.254866990033735585e-01
-1.318968674104135097e-01
-1.315915438811727234e-01
-1.373512347733844408e+01
-1.883695932859263122e-01
-1.549487703160265795e-01
-1.094674486818106196e+01
-1.938658913938114403e-01
-1.538450024166214125e-01
-1.613716535679318442e-01
-1.421926291627567118e-01
-1.400393605571779720e-01
-6.138311894521692835e+01
-6.175255964494416050e-01
-3.621251603750195169e-01
-2.932502498589962814e-01
-2.453585836761229544e-01
-1.646052105672491805e+01
-4.188864857177386769e-01
-2.985103246006856059e-01
-2.564179330423871916e-01
-2.359020196797797786e-01
-2.116271410276902021e-01
-1.854182725616171923e-01
-1.962888552401738929e-01
-1.782597252324528980e-01
-1.926745249072000787e-01
-1.794243005609033603e-01
-1.715306029044166292e-01
-1.672528252049536868e-01
-1.618067706914827486e-01
-1.717389989861972666e-01
-1.750287286014504673e-01
-1.558570433220792528e-01
-1.573042432493847453e-01
-1.624494058605198965e-01
-1.457393037320889595e-01
-1.602141280736807671e-01
-1.521572410632332506e-01
-1.445351299237616349e-01
-1.454700807786444561e-01
-1.400898318558468358e-01
-1.439852948212179129e-01
-1.560915748394900993e-01
-1.399172506337804656e-01
-1.452070123306530292e-01
-1.429445628766311815e-01
-1.470844360220864289e-01
-1.522269311349497001e-01
-1.529041488642000901e-01
-1.473422122258140343e-01
-1.440208447324820562e-01
-1.510173405007911029e-01
-1.482356538403733215e-01
-1.393643039166572173e-01
-1.403044460776420865e-01
-1.320220644061634863e-01
-1.475759977578162407e-01
-1.444713985114531862e-01
-1.307853818858424333e-01
-1.517147235627917534e-01
-1.424551977092032851e-01
-1.363491876391385860e-01
-1.480254436758355052e-01
-1.326502189514620622e-01
-1.454384971497210410e-01
-1.400430600309551521e-01
-1.293635751277744106e-01
-1.345585725040936986e-01
-1.410564336853075418e-01
-1.458785681216595298e-01
-1.344141109764473430e-01
-1.344767590392138001e-01
-1.416846635854153824e+01
-2.154407944615067960e-01
-1.653680897919862502e-01
-1.516286873547484371e-01
-1.412755665281154871e-01
-1.451663196967417357e-01
-1.341632466057123829e-01
-1.456056004264772719e-01
-1.271966175472623861e-01
-1.335751177558227309e-01
-1.357524728425489791e+01
-1.831659430395523869e-01
-1.653454783804083894e-01
-1.556908055259147439e-01
-1.342832465740760317e-01
-1.426410824833684587e-01
-1.344950671816600440e-01
-1.482937221026384422e-01
-1.481171515149487528e-01
-1.344934580871127716e-01
-1.468770865274614812e-01
-1.323625144837765610e-01
-1.295357622322960700e-01
-1.385857441170446347e-01
-1.258934172585802480e-01
-1.299054934605958223e-01
-1.330390966711545997e-01
-1.425397584543012519e-01
-1.301297349155226823e-01
-1.241285299922241098e-01
-1.331318511909738433e-01
-1.521872977059946841e+01
-1.168905291636042065e+01
-1.929760101972335384e-01
-1.379781469598588650e+01
-1.933710880499338036e-01
-1.599802938390008089e-01
-1.456391555868064014e-01
-1.605650755843606725e-01
-1.431100001722999948e-01
-1.335171917118345708e-01
-1.427050215912258058e-01
-1.357084036560110840e-01
-1.342081975449549991e-01
-1.344693084190374255e-01
-1.399969256705189957e-01
-1.335699216777569698e-01
-1.361224634750763940e-01
-1.520961302163167661e-01
-1.325155424436184337e-01
-1.375088107493536438e-01
-1.244584326942545921e-01
-1.019764808882165674e+01
-1.683599564886774647e-01
-1.408605238004943805e-01
-1.456690283320389023e-01
-1.410950582840815037e-01
-1.334086538987918069e-01
-1.365383819839592061e-01
-1.230766893729204614e-01
-1.321729052173245544e-01
-1.325749349462929938e-01
-1.276360837106530477e-01
-1.325414982768052530e-01
-1.252451365354691204e-01
-1.405717507849968961e-01
-1.368765902070555873e-01
-1.298162392118625552e-01
-1.275011129244192631e-01
-1.287165450520618148e-01
-1.354952675247299287e-01
-1.333348552626139882e-01
-1.426084204052641413e-01
-1.378043694359508964e-01
-1.265460431991933987e+01
-1.604392219499699845e-01
-1.403499901710434650e-01
-1.303045694387918729e-01
-1.310812423185598319e-01
-1.391578093467291488e+01
-5.416560799559941852e-01
-2.367242402116985778e-01
-1.621580118327089204e-01
-1.517449305204117693e-01
-1.505335851804027458e-01
-1.661824486957024505e-01
-1.545906227134355160e-01
-1.438105725206091090e-01
-1.332934603039671317e-01
-1.275585468211151430e-01
-1.372009209359563719e-01
-1.359104335805254860e-01
-1.332771831202782253e-01
-1.452053172231773936e-01
-1.374855879862008079e-01
-1.362021389234049085e-01
-1.400778722791309883e-01
-1.293874138387376138e-01
-1.306268476995204875e-01
-1.261113252494913406e-01
-1.265007360147890059e-01
-1.233009674620998419e-01
-1.300713747177602575e-01
-1.450625274540611187e-01
-1.336342298083527114e-01
-1.220241296141722775e-01
-1.441103526366751819e-01
-1.469684870389418485e+01
-2.004271516896125871e-01
-1.780685235811785838e-01
-1.502605688212475255e-01
-1.458235582617262993e-01
-1.489132202059126608e-01
-1.455512071139312413e-01
-1.357396913975430219e-01
-1.364264581055836534e-01
-1.355653469075096540e-01
-1.376459598893067238e-01
-1.268878766791011192e-01
-1.265465639219997551e-01
-1.330115327986283180e-01
-1.243045875881395451e-01
-1.296437785517498553e-01
-1.347902450537657171e-01
-1.303016771586238409e-01
-1.384333581292067628e-01
-1.274794738126315830e-01
-1.223889561985947450e-01
-1.261964379720950935e-01
-1.259728405797888584e-01
-1.347815015202990241e-01
-1.166818198278468804e-01
-1.304398916691208166e-01
-1.365626740040690179e-01
-1.353589320997940770e-01
-1.215979302281915558e-01
-1.265774975003337854e-01
-1.241595632791639703e-01
-1.205945826510132213e-01
-1.315939154787195142e-01
-1.224094674329581772e-01
-1.301664392992454011e-01
-1.422433220072840854e+01
-1.511436300315038006e-01
-1.447973668374836487e-01
-1.383592440875036078e-01
-1.081833354388978208e+01
-1.671341155718951144e-01
-1.529765733028829455e-01
-1.398827521838145183e-01
-1.390093117924286192e-01
-1.345366227901181044e-01
-1.267889908804729870e+01
-1.124315530377578654e+01
-2.015336054554231482e-01
-1.325391648034274361e+01
-1.866851626898562710e-01
-1.624213271271403303e-01
-1.571134805767569753e-01
-1.461136558741346070e-01
-1.609619714553520708e-01
-1.520856107858778450e-01
-1.014845101645061298e+01
-1.688539829958110305e-01
-1.371722988811484023e-01
-1.440542465309232467e-01
-1.377080748369407526e-01
-1.308623676238083178e-01
-1.369624718591792301e-01
-1.449838767635852066e-01
-1.346926952415022360e-01
-1.412664436549717906e-01
-1.023869870466026910e+01
-2.672923836609094606e-01
-1.617920047648186976e-01
-1.326084354860191539e+01
-1.941151708895719197e-01
-1.737756370391264626e-01
-1.660696775879733356e-01
-1.451323144690659372e-01
-1.387916595625667271e-01
-1.631292096720799167e-01
-1.380906894226343051e-01
-1.038784135293286148e+01
-1.733333324862761371e-01
-1.684387098656830450e-01
-1.489044764981289903e-01
-1.452779224627519516e-01
-1.378824788992387140e-01
-1.396694231801927089e-01
-1.519108381865515167e-01
-1.267515394017573183e-01
-1.330576175910349879e-01
-1.486204327224202315e-01
-1.268204249638473224e-01
-1.379774621308224036e-01
-1.321058321486910103e-01
-1.422755184131396078e+01
-1.951048692897038028e-01
-1.520070880501594168e-01
-1.508988445689232738e-01
-1.303676125567634347e-01
-1.433910124996695956e-01
-1.327998216203785387e-01
-1.258515026352468036e-01
-1.303351762933525060e-01
-1.258682081318980017e-01
-1.407382633303687902e-01
-1.360219262049716660e-01
-1.294366570780074999e-01
-1.397260123558251854e-01
-1.303477561566566689e-01
-1.230967368827412534e-01
-1.411478920827459183e-01
-1.250724414986737476e-01
-1.418740195682914595e-01
-1.221681785520871977e-01
-1.277270276303925090e-01
-1.344974763673057616e+01
-1.720128231047921563e-01
-1.423161794874434893e-01
-1.435458265756503204e-01
-1.291685916836494419e-01
-1.186423043886636330e-01
-1.328964779474269553e-01
-1.372199400363385280e-01
-1.278323387140632983e-01
-1.205556388366398335e-01
-1.211650206221939335e-01
-5.335312349826978107e+01
-1.767846400912811422e+00
-9.770437680548473836e-01
-1.284564929793877397e+01
-9.802410051940370295e+00
-5.297485801292052265e-01
-5.487516955878516178e+00
-1.304211079031874831e+01
-8.511683451564818981e+00
-8.479259966106695856e+00
-3.717512690261108310e-01
-3.376249258232317252e-01
-2.773194784574944949e-01
-2.934819532151248800e-01
-2.695808195404850727e-01
-2.393546033463252176e-01
-2.375254944361108733e-01
-2.483838944852145569e-01
-2.114177320460600418e-01
-2.459728327661476399e+01
-3.960548357603828618e-01
-2.923438838117008998e-01
-2.543186031545884851e-01
-2.271537769695544939e-01
-2.440896586361327447e-01
-2.206855886438857939e-01
-1.990856886780850432e-01
-2.177960246390060195e-01
-2.084767496690034250e-01
-1.871434123038131503e-01
-1.932716846305010117e-01
-2.096660726562039612e-01
-1.786040364495696808e-01
-1.741605566087787715e-01
-1.907651501296038221e-01
-1.924205504970894764e-01
-1.905170747112659158e-01
-1.788079119722084387e-01
-1.881225061850159141e-01
-1.693923095682062785e-01
-1.223729676476963668e+01
-2.142299423102806133e-01
-1.789847630007306845e-01
-1.774304748259011855e-01
-1.738838177421536957e-01
-1.684563508746756422e-01
-1.752730676399077703e-01
-1.660809667796515621e-01
-1.616319713701403205e-01
-1.511144208513129639e-01
-1.738971969519999827e-01
-1.567921640296458530e-01
-1.613539647292339951e-01
-1.451217669188134551e-01
-1.569030345989393949e-01
-1.591680097303296293e-01
-1.637292275243321660e-01
-1.610280728017213780e-01
-1.752265793166873920e-01
-1.490403094555115826e-01
-1.452778213935016216e-01
-1.573648096588136924e-01
-1.768481811535780879e-01
-1.419396640661548525e-01
-1.540932305187064644e-01
-1.518715694656222470e-01
-1.645314066294520094e-01
-1.746354548930458273e-01
-1.441251540585841984e-01
-1.442278384106623068e-01
-1.419040785194918275e-01
-1.562047261106941087e-01
-1.674439307987998227e-01
-1.484517629457359489e-01
-1.557647064811521209e-01
-1.412516728759276308e-01
-1.431693768823158186e-01
-1.368541073587421220e-01
-1.478164968990478834e-01
-1.488031325327888454e-01
-1.392121923914516890e-01
-1.273688318003937958e+01
-1.748494299193890655e-01
-1.643049051994768250e-01
-2.142728630890202979e+01
-3.764940201351369975e-01
-1.687443133041913457e-01
-1.750375944834586528e-01
-1.643566140122601216e-01
-1.485195490033163757e-01
-1.465571428155252598e-01
-1.496019475158818501e-01
-1.522682824143905544e-01
-1.402819126559945173e-01
-1.703674252084009522e-01
-1.617269994286427148e-01
-1.437107720925902277e-01
-1.451020562693281224e-01
-1.491406547422905182e-01
-1.336103468123752969e-01
-1.604255587713134534e-01
-1.413309664648164654e-01
-1.409720632675433849e-01
-1.583249000352998093e-01
-1.430918668144892658e-01
-1.460422366489457779e-01
-1.394581327175149765e-01
-1.517700640226450348e-01
-1.488029798749574417e-01
-1.436186459185358200e-01
-1.527195300940363820e-01
-1.388550790163533000e-01
-1.473766983089799254e-01
-1.329183944125703343e-01
-1.489474227296430364e-01
-1.335110539350981007e-01
-1.401321565120412227e-01
-1.225514326120589281e+01
-2.490372031194811320e-01
-1.573877713075449436e-01
-1.553005656691852088e-01
-1.545070041650180304e-01
-1.497272552864233053e-01
-1.589858743833549026e-01
-1.468692962599033314e-01
-1.496515096738681994e-01
-1.255142292456256081e-01
-1.408209784307635493e-01
-1.299984307297633035e-01
-1.565275883901482423e-01
-1.357974790880685234e-01
-1.422565907149525855e-01
-1.419758158179479091e-01
-1.383214928548356926e-01
-1.368298640794432253e-01
-1.323573330065131726e-01
-1.373535562237318264e-01
-1.457901101648805264e-01
-1.441328750673796233e-01
-1.254828276562581502e-01
-1.414834685691011285e-01
-1.255406078868199216e-01
-1.374643874879897254e-01
-1.269788653270897683e-01
-1.369031161713133715e-01
-1.370246654170142742e-01
-1.465345693012508610e-01
-1.271086055548684701e-01
-1.359801841805093892e-01
-1.237397033153360276e-01
-1.405894651310192200e-01
-1.439785739589842239e-01
-1.334292553608899534e-01
-1.364616104561547361e-01
-1.424094377836775394e-01
-1.416885542607728976e-01
-1.431506304309528299e-01
-1.333141578256035742e-01
-1.367429600206835072e-01
-1.330461518420957556e-01
-1.420221392672756933e-01
-1.342269846310623627e-01
-1.355353043904776733e-01
-1.416058116539859468e-01
-1.420318848284892466e-01
-1.318708266495524639e-01
-1.278904390774974198e-01
-1.780013183669533916e+01
-7.913478332812997618e-01
-4.220830360060041642e-01
-3.121837661089390537e-01
-2.653685532021404780e-01
-2.512482801207590044e-01
-2.154519352985601044e-01
-2.043345625029237556e-01
-2.109074635773471040e-01
-1.830690302693839810e-01
-1.748200302182624510e-01
-1.801840897072862768e-01
-1.637917813129845523e-01
-1.744175012619329779e-01
-1.349478137863676253e+01
-1.761866204786137757e-01
-1.724243930773675382e-01
-1.576305783387469961e-01
-1.555956743235549222e-01
-1.719293028556029279e-01
-1.540573212899835065e-01
-1.455452542983868280e-01
-1.459883964771938325e-01
-1.567386210720826956e-01
-1.453865883090203204e-01
-1.525373468899219320e-01
-1.450332308929147551e-01
-1.576285816968151787e-01
-1.507484719597374789e-01
-1.443240004089473283e-01
-1.326069704092936452e-01
-1.448020251966715133e-01
-1.441506461501711744e-01
-1.319340034486168045e-01
-1.466463037712025241e-01
-1.384836674070070828e+01
-2.427695519196301777e-01
-1.778413258646919792e-01
-1.454898741772041315e-01
-1.506387139976690936e-01
-1.612426109116317507e-01
-1.472282571596525702e-01
-1.398535015303598306e-01
-1.540629903214779384e-01
-1.381465667786414275e-01
-1.442959252514079138e-01
-1.528289811155854050e-01
-1.458029810309860452e-01
-1.447638496910848283e-01
-1.351365622565345315e-01
-1.431941494255770664e-01
-1.394411455597514837e-01
-1.460975872723700719e-01
-1.407283883917241352e-01
-1.356106062155511272e-01
-1.335267846611470632e-01
-1.073564905935611691e+01
-1.779461724630797270e-01
-1.400822673261233053e-01
-1.387653875474434695e-01
-1.383140643262352754e-01
-1.423822520200423991e-01
-1.354063220864915595e-01
-1.427883507205148228e-01
-1.397946761465448107e-01
-1.426334129754341651e-01
-1.280941625183398269e-01
-1.634984889417449949e+01
-1.354310171620532743e-01
-1.385997472608387071e-01
-1.365346253660034981e-01
-1.290279737440288010e-01
-1.757286395166177684e+01
-1.844233149032900343e+01
-1.141129524007839002e+01
-1.139766791102345245e+01
-2.978652729928425447e-01
-2.233364074333568372e-01
-1.867437461651230146e-01
-1.826527629510871498e-01
-6.230402924000816078e+00
-7.151124901447190041e+00
-2.251678878830665753e-01
-2.060744014360747500e-01
-1.823016060452955223e-01
-5.979975573706915348e+00
-1.955597737524684965e-01
-1.648888685083446382e-01
-1.149238005051455858e+01
-6.370127446082079814e+00
-1.609937939073547430e-01
-1.481633635984984654e-01
-1.507894864450181893e-01
-1.539082093487709746e-01
-1.619300693400031466e-01
-1.440932614660162814e-01
-1.463239899232209318e-01
-1.453475739058948668e-01
-1.391260063987881657e-01
-1.462476257476357788e-01
-1.279795074965322244e-01
-1.421047187211851026e-01
-1.833539399823908411e+01
-1.950996041908555911e-01
-1.672347835288035267e-01
-1.554274063873983258e-01
-1.375236355251098774e-01
-1.398458013431848890e-01
-6.802096947536911742e+00
-1.775409626182808953e-01
-1.570199834737242006e-01
-1.660919545310685086e-01
-1.386854024832699928e-01
-1.377361348702490773e-01
-1.435189257473531710e-01
-1.524307733962088074e-01
-1.553041865080291295e-01
-1.340053584628194405e-01
-1.403616637284131607e-01
-1.340668088596283503e-01
-1.400246529781730420e-01
-1.320533516680647834e-01
-1.198258420806248203e+01
-1.769473730783133747e-01
-1.641635560420355022e-01
-1.486684966182978129e-01
-1.442458389696163468e-01
-1.440596743337257124e-01
-1.315727614206180507e-01
-1.362398561151351439e-01
-1.267463695672989832e-01
-1.426895762627734265e-01
-1.501438213657343146e-01
-2.106473155723980639e+01
-1.920082353072661008e-01
-1.650970228706032661e-01
-1.462697645743616104e-01
-1.292134632284672735e-01
-1.567740334120424628e-01
-1.435275357475127300e-01
-1.395360831717826489e-01
-1.434322545604490851e-01
-1.424005719612003729e-01
-1.001510972440083869e+01
-1.753782197982754754e-01
-1.458921792375126314e-01
-1.514131996746629349e-01
-1.377515998669288089e-01
-1.363423258298961382e-01
-1.298126178117121299e+01
-1.943274806791203679e-01
-8.529091704790339179e+00
-2.010388809718949843e-01
-1.755884803947312667e-01
-1.679976264807964970e-01
-1.492651571642534536e-01
-1.389644036395042137e-01
-1.230195453121782023e+01
-1.187503107143967895e+01
-4.638098489453295614e-01
-3.090789458229072362e-01
-2.647880802172752901e-01
-2.261505776606077545e-01
-2.146490997587228722e-01
-2.028589178237000801e-01
-1.752980880096121630e-01
-1.942554497846640249e-01
-1.775000258881802018e-01
-1.857573133043164681e-01
-1.740646802397190496e-01
-1.741295352406561081e-01
-1.591336729192814325e-01
-1.624420911973872561e-01
-1.611462395950674920e-01
-1.426367777294999328e+01
-2.164142374528896795e-01
-1.898394222233534823e-01
-1.651414443575289215e-01
-1.619122755345912268e-01
-1.696808071422120923e-01
-1.743776872574650805e-01
-1.530678356953328878e-01
-1.503722181775461464e-01
-1.467326037761354784e-01
-1.453644499071051754e-01
-1.498151290111399414e-01
-1.413745483024516636e-01
-1.675959199313345749e-01
-1.624458698804448209e-01
-1.550278966452539597e-01
-1.322383633419775550e-01
-1.403359577919136569e-01
-1.375474731023372532e-01
-1.350311661681494746e-01
-1.338067300302920315e-01
-1.494532933085571391e-01
-1.516032082226149713e-01
-1.317302195777355356e-01
-1.459006597642281411e-01
-1.447118880403410190e-01
-1.336618197371531869e-01
-1.500218619771127027e-01
-1.441963837866645781e-01
-1.253548751021688334e-01
-1.349253734373715707e-01
-1.466012767414788531e-01
-1.255229128920675175e-01
-1.312835032211731590e-01
-1.512619636658663058e-01
-1.422039227532156946e-01
-1.303578574116754929e-01
-1.303499786269235183e-01
-1.438776955676398794e-01
-1.355922064804087057e-01
-1.352455911773960961e-01
-1.185449586579183112e+01
-1.741495490090113341e-01
-1.499687518226067440e-01
-1.284995714254649535e+01
-1.708254415696260631e-01
-1.518205809708954024e-01
-1.555340586661549673e-01
-1.435446134000094298e-01
-1.384971565437912167e-01
-1.495939219022082156e-01
-1.245840378658270575e-01
-1.261661544716630445e-01
-1.938177003795588504e+01
-2.812980829216022438e-01
-1.707738255022118734e-01
-1.556249624651313834e-01
-1.543643957127351640e-01
-1.597518264260343601e-01
-1.366904576427537266e-01
-1.343357673909404970e-01
-1.512598963551194664e-01
-1.386615678193783840e-01
-1.298097310841874741e-01
-1.300995908031756521e-01
-1.300378697115145976e-01
-1.311602649369745244e-01
-1.410556039017167862e-01
-1.300120803724677254e-01
-1.399978605213680338e-01
-1.285794885542112242e-01
-1.341513330122843795e-01
-1.269471859392585222e-01
-1.289055589323243600e-01
-1.316045334689611435e-01
-1.252812754713116539e-01
-1.225595372562927748e-01
-1.285814600615605707e-01
-1.177357346732299942e-01
-1.204022575790747035e-01
-1.328360287280342111e-01
-1.291107543097385346e-01
-1.344724635645013766e-01
-1.189623557874670973e-01
-1.183082176446082073e-01
-1.266152966627347443e-01
-1.244517120518506548e-01
-1.190056113366943641e-01
-1.215815047337925336e-01
-1.292064913382301450e-01
-1.278516647004160345e-01
-1.155816170292748718e-01
-1.313608133514901910e-01
-1.203455698714063077e-01
-1.294888089926343744e-01
-1.207692849074685076e-01
-1.078263147583653847e+01
-1.305567393835732659e+01
-1.576528649843242647e-01
-1.508512365467053751e-01
-1.365405840775297530e-01
-1.195216228367245570e+01
-1.765868576547255653e-01
-1.527718826744852432e-01
-1.443356817071653753e-01
-1.542800871426625864e-01
-1.345500306947818026e-01
-1.384712957906388819e-01
-1.324255707484958966e-01
-1.363877016844740331e-01
-1.303771936950763599e-01
-1.402483530445339521e-01
-1.289121463651420330e-01
-1.298061592623425409e-01
-1.238484806163299978e-01
-1.369579662930784925e-01
-1.289637700769976913e-01
-1.346862017753625573e-01
-1.219478378410301517e-01
-1.290378142175775122e-01
-1.230346903213382775e-01
-1.264012988561789563e-01
-1.334555770216295234e-01
-1.290161482700196982e-01
-1.299836617319715115e-01
-1.264852146901412899e-01
-1.135196895303013098e-01
-1.229324648664633091e-01
-1.307016053206397910e-01
-1.313218189780001877e-01
-1.207799910842780045e-01
-1.078149646445205889e-01
-1.243092159532225988e-01
-1.257907242688337257e-01
-1.164313698140118231e-01
-1.222142433111386706e-01
-1.221348668028402196e-01
-1.193441189376633210e-01
-1.321086199687901419e-01
-1.355302400706082655e-01
-1.157597989989819082e-01
-1.236992187526877590e-01
-1.165835218396296946e-01
-1.214976743549124188e-01
-1.156582001621752204e-01
-1.313824009975471940e-01
-1.177593768115475781e-01
-1.251452156648599490e-01
-1.162753165767723140e-01
-1.074719363604864919e-01
-1.284625825190067461e-01
-1.253521908518401284e-01
-1.899786291468495847e+01
-1.515269481487808712e-01
-1.528416267700434261e-01
-1.484066953696072944e-01
-1.313234816666378202e-01
-1.178412709759831678e+01
-7.115654923010468202e+00
-1.374596752009725198e-01
-1.428781146707363003e-01
-1.445369383555602516e-01
-1.712585867078598723e-01
-8.551983456867210620e+00
-2.046379581263559067e-01
-1.568581276383997081e-01
-1.491675650875059211e-01
-1.484516935955979555e-01
-1.440933205558458385e-01
-1.358439521122705718e-01
-1.579061333135332590e-01
-1.314633613883519625e-01
-1.371415901145258132e-01
-1.411652408717515572e-01
-1.352648388923598510e-01
-1.327783066140980073e-01
-1.308900291650264835e-01
-1.358869376908829751e-01
-1.186076973737401757e-01
-1.394444976630025146e-01
-8.397886824715479648e+00
-1.314159757242507609e-01
-1.199138077830205484e-01
-1.286060644481561710e-01
-1.064716239519704111e+01
-1.501851458708988174e-01
-1.412211597732029866e-01
-1.322309968389089319e-01
-1.263109577216337820e-01
-1.400870746143990930e-01
-1.288420954219173242e-01
-1.436071937934126075e-01
-1.364788030445889533e-01
-1.368428358286566671e-01
-1.317311545519849192e-01
-1.346800547904389578e-01
-1.203866095533376174e-01
-1.314720958304907150e-01
-1.211579402707099462e-01
-1.292421208360745866e-01
-1.183052918661272324e-01
-1.320401474250236795e-01
-1.420342113586378074e-01
-1.301382170056424592e-01
-1.247800298889110010e-01
-1.203897529999715388e-01
-1.463644875236720644e+01
-1.713040105423616066e-01
-1.369713905873086446e-01
-1.351750944614195094e-01
-1.465736499848685759e-01
-1.380087827702259351e-01
-9.822243074872758939e+00
-2.086874924771472684e-01
-1.093790418998195868e+01
-2.048821156336007587e-01
-1.544863289076381374e-01
-1.417829465494661323e-01
-1.392016474217086242e-01
-1.413482000430983654e-01
-1.351287286839632784e-01
-1.372931235008274520e-01
-1.243254705080809874e-01
-1.395256794720726168e-01
-1.260261969481885624e-01
-7.770778366953285499e+00
-1.546425962840164703e-01
-6.631597789477750915e+00
-1.568909131064246398e-01
-1.311640468317373243e-01
-1.311540846373007441e-01
-1.414788433505052290e-01
-1.352821984213709028e-01
-1.305341897930394346e-01
-1.379144165933171573e-01
-1.259515890267771943e-01
-1.278485600889193718e-01
-1.237871262693699542e-01
-1.297896691297321659e-01
-1.352476688159312546e-01
-1.121315949987442273e-01
-1.235095024891624121e-01
-1.262539529531686300e-01
-1.144516754109143469e-01
-1.279161903698426139e-01
-1.258538579388218670e-01
-1.290659677494295221e-01
-1.389842815752007910e-01
-1.262645331041352403e-01
-1.186478335086254693e-01
-1.229818519855979397e-01
-1.237849278418449855e-01
-1.202435097444065903e-01
-1.274165229815844014e-01
-1.196528851298168800e-01
-1.147333548881857429e-01
-1.287690222187387878e-01
-1.231120355705507263e-01
-1.157945036932700178e-01
-1.308855392272495755e-01
-1.180125642485218146e-01
-1.046268800906587160e+01
-1.416324818562751386e-01
-1.274864398081669292e-01
-1.338815290674175984e-01
-1.187431918615267645e-01
-1.307305637993551595e-01
-1.270700002840016163e-01
-1.256780267201850210e-01
-1.176938420687101416e-01
-1.285447243359253144e-01
-1.212256080475701131e-01
-1.240956971245196172e+01
-1.531641030979419837e-01
-1.379371498401329998e-01
-1.264283584473525346e-01
-1.239020562134956482e-01
-1.198300073999981480e-01
-1.727652884209584627e+01
-1.620449987953827553e-01
-1.388433020534375339e-01
-1.606979646511743354e-01
-1.395617063017907666e-01
-1.353728369640544438e-01
-1.291664494897644677e-01
-1.268837370865718850e-01
-1.177019889832064958e-01
-1.334993198562160477e-01
-1.197555387491130163e-01
-1.324855966548812991e-01
-1.221556297880472541e-01
-1.322968664529265426e-01
-1.382013757319094094e-01
-1.319960238947494868e-01
-1.228823982744963739e-01
-7.838482017407661040e+00
-1.663138015548005777e-01
-1.487683251936346152e-01
-1.351980962226860539e-01
-1.277222312706061402e-01
-1.343328447730450237e-01
-1.306723412755292357e-01
-1.353871801990755575e-01
-1.191110117047809169e-01
-1.121724980899051205e-01
-1.324196432091435949e-01
-1.332065481625953896e-01
-1.174061797525279283e-01
-1.124642101601610045e-01
-1.188589069846928692e-01
-1.228649675968072619e-01
-1.177888049280252369e-01
-1.435536060014588244e+01
-1.036386208700339751e+01
-2.967245502982836514e-01
-1.765648940104852238e-01
-1.485015612683382358e+01
-2.065186905508117343e-01
-1.377141772866817071e+01
-1.154097527534086787e+01
-2.156506239612893117e-01
-1.841263725771657700e-01
-1.001188655787887605e+01
-7.802835803557480965e+00
-1.627961214132554735e-01
-1.765375188134186979e-01
-1.207286694393046389e+01
-1.137052723955086009e+01
-2.001790369349951138e-01
-1.786545328746385330e-01
-1.454467554049144462e-01
-1.496227087214674345e-01
-1.559603615361841722e-01
-1.526035720701201803e-01
-1.473905728933917192e-01
-1.355663245712019627e-01
-1.446964099714895258e-01
-1.320323922413349782e-01
-1.268238888775306272e-01
-1.493338631812087258e-01
-1.347598862156060562e-01
-1.262651986031141649e-01
-1.447185644475650901e-01
-1.320027350383013165e-01
-1.148637443939614045e+01
-1.675309384498449294e-01
-1.464738751675788153e-01
-1.480296388189177581e-01
-1.468287957040597114e-01
-1.482750541860684002e-01
-1.341932923378938991e-01
-1.282332599738383594e-01
-1.370502623902239148e-01
-1.405765752193507689e-01
-1.225286688736606372e-01
-1.250010032089223511e-01
-1.281071554342191610e-01
-1.423609008992356428e-01
-1.325295034159023888e-01
-1.250050569570158032e-01
-1.269539454306116422e-01
-1.360943950967658522e-01
-1.209229749306265644e-01
-1.233257282172497554e-01
-1.259421340165958192e-01
-1.261705339864266084e-01
-1.299033236779500444e-01
-2.903768190585614306e+01
-5.751280664957403310e-01
-2.073632061288590567e-01
-1.751878023056890055e-01
-1.320936511725375695e+01
-1.933878856327237716e-01
-1.627170844085488455e-01
-1.018571247031320404e+01
-1.608570966897114474e+01
-2.276709537798326521e-01
-1.698694565851314453e-01
-1.705137216127938504e-01
-1.646373938539185400e-01
-1.453177067306881953e-01
-1.502247339301110429e-01
-1.514898775323002544e-01
-1.465686986337470521e-01
-1.459805759456397900e-01
-1.427090286648108330e-01
-1.377667074674105985e-01
-1.281397258789604976e-01
-1.296541380604070148e-01
-1.345942377300315407e-01
-1.284917599182774373e-01
-1.254872527020312600e-01
-1.283486100100925853e+01
-1.591266125424406208e-01
-1.405301999191513329e-01
-1.391052174136952757e-01
-1.360761143253448602e-01
-1.428975749614753432e-01
-1.265242616794757524e-01
-1.299719983848676985e-01
-1.446051331943305207e-01
-1.200068098035505315e+01
-1.075662547003124381e+01
-1.756504795049293188e-01
-1.560715312130156462e-01
-1.339021553352676974e-01
-1.374858962207146096e-01
-1.410289093271384631e-01
-1.405024791487024527e-01
-1.298719237143607097e-01
-1.335501665705621788e-01
-1.313824191197956182e-01
-1.411702084938586677e-01
-1.212317391875610273e-01
-1.181113308225001240e-01
-1.236809680279234991e-01
-1.377434889636073578e-01
-1.281017660583377848e-01
-1.395799803401857886e-01
-1.265860439892249611e-01
-1.152133432454220674e-01
-1.297681079372277058e-01
-1.342547701032399676e-01
-1.210653791211002417e-01
-1.282668423377242017e-01
-1.294843838302157379e-01
-1.261185688912363767e-01
-1.167221257759918640e-01
-1.134939102089556895e-01
-1.234789894942845967e-01
-1.203698346096031269e-01
-1.391142971784337101e-01
-1.311214141494145280e-01
-1.227743596424375888e-01
-1.185421669494699237e-01
-1.340470578295563375e-01
-1.275216587077649122e-01
-1.305085421309339355e-01
-1.176136144169938197e-01
-1.179437739003850044e-01
-1.183531471293933351e-01
-1.249646776430209660e-01
-1.280737696825364758e-01
-1.205530732817858969e-01
-1.205128864681383333e-01
-1.250783592291311863e-01
-1.251546919322328588e-01
-1.247912535387066535e-01
-1.225754111496693277e-01
-1.220063994320002843e-01
-1.148485912294451294e-01
-1.143063960336465623e-01
-1.226446317838434108e-01
-1.226710078678384802e-01
-1.190533325515661517e-01
-1.202638563853669490e-01
-1.266435811464325101e-01
-1.098633205981102701e-01
-1.218855213127222059e-01
-1.109468848360940368e-01
-1.239685424205887454e-01
-1.225910787877914493e-01
-1.119921388001588886e-01
-1.219900934150574406e-01
-1.193425440171061724e-01
-1.116245565224007197e-01
-1.149472047414741571e-01
-1.124513364071496324e-01
-1.110280950686491153e+01
-2.406914703844360015e-01
-1.362569834584705653e-01
-1.369788214980370289e-01
-1.401756488497032382e-01
-1.253906955469804851e-01
-1.296265318987995241e-01
-1.242549155367648345e-01
-1.183076179841479614e-01
-1.174438587837540182e-01
-1.244249278360357175e-01
-1.275810200375658288e-01
-1.165347017967463400e-01
-1.154434642604585254e-01
-1.400279985698576368e+01
-2.601668630483544020e-01
-1.864377633985759564e-01
-1.754530136017683484e-01
-1.543993493532989092e-01
-1.453101084131643295e-01
-1.345419571584685892e-01
-1.496143111675370951e-01
-1.415061362132276901e-01
-1.357183798532383967e-01
-1.383797712329838114e-01
-1.324697127556631049e-01
-1.301627241499723198e-01
-1.204281538820866637e-01
-1.297910038838424041e-01
-1.292065408553343397e-01
-1.300098862421117385e-01
-1.239341711430641535e-01
-1.257835901677569201e-01
-1.124772829617145253e-01
-1.196112671048829706e-01
-1.163247372098482751e-01
-1.312467860121193375e-01
-1.202160961314307080e-01
-1.300792855885938570e-01
-1.132137422748019234e-01
-1.172313346045395083e-01
-2.688150652086832793e+01
-5.871617262628680001e-01
-1.804311168656986264e-01
-1.594406552449791625e-01
-1.493197109836183756e-01
-1.476748350843215540e-01
-1.430026077648329785e-01
-1.390552295394441862e-01
-1.349399641869307165e-01
-1.279127209953799804e-01
-1.195041874003760773e-01
-1.368732048510004351e-01
-1.105127789849075448e+01
-2.163205455064513560e-01
-1.412160199287355766e+01
-4.074945504194158463e-01
-1.854805044813022386e-01
-1.743252531629174984e-01
-1.504483461250767651e-01
-1.416112701025357967e-01
-1.334591283524836358e-01
-1.393621425176778394e-01
-1.346950308047728528e-01
-1.216512717912062308e-01
-1.066058832988645122e+01
-1.715615590747334718e-01
-1.454096373216166582e-01
-1.732150542685977623e-01
-1.381432523627624498e+01
-2.517850876882610778e-01
-1.954375524942485731e-01
-1.757371718826032936e-01
