1.414652021049516047e-02
1.381333259444870488e-02
1.502126935928290233e-02
1.518232584928098407e-02
1.424620787948008803e-02
1.408672778369520623e-02
1.371458730167597270e-02
1.347141469103762222e-02
1.484573942567301262e-02
1.432340141008393332e-02
1.388899949257585593e-02
1.354484401091001801e-02
1.331651230434597634e-02
1.315313206052383388e-02
1.314776885181668381e-02
1.295230767654703338e-02
1.285538090932904047e-02
1.277444758754000577e-02
1.270313097643556259e-02
1.380539218702814784e-02
1.318969417694163850e-02
2.784885024159660522e-02
2.127909652447291730e-02
1.906995944973316134e-02
1.735629430479470464e-02
1.631872132257449967e-02
1.561080622907569729e-02
1.509199605520562121e-02
1.638932479810956133e-02
1.613450587846094672e-02
1.519500675896015215e-02
1.512675855451920716e-02
1.485582782344371279e-02
1.436607608614482584e-02
1.406245516864186758e-02
1.383606234021085221e-02
1.365410710324317135e-02
1.367069342165345806e-02
1.347118165631473047e-02
1.332827579586657631e-02
1.336274777229684574e-02
1.317130035821489561e-02
1.305041804560952076e-02
1.295554570826489872e-02
1.321921539878879656e-02
1.298746282980726453e-02
1.286931078803808456e-02
1.278274527393464220e-02
1.271247623610053355e-02
1.276036787411123814e-02
1.264788765779704949e-02
1.257742004858322313e-02
1.252281127056362187e-02
1.247744320773458947e-02
1.243545009402128448e-02
1.288716534224931473e-02
1.259959312439351033e-02
1.298593480011085016e-02
1.312199820603797418e-02
1.278233646854366398e-02
1.260781896294754442e-02
1.353467624153346753e-02
1.295193470498473033e-02
1.300333442039510075e-02
1.276549342222855869e-02
1.266792607162425463e-02
1.272700106692789199e-02
1.250199419975628334e-02
1.238924799302227805e-02
1.230947508274697101e-02
1.224911257849204370e-02
1.220010830917820852e-02
1.216077151930005512e-02
1.257873044036642886e-02
1.278198476789123121e-02
1.314212696483121022e-02
1.328389310473273438e-02
1.270555639391394986e-02
1.252922952769639810e-02
1.237131294238790098e-02
1.297721038744418555e-02
1.257073627754907996e-02
1.238940182769527817e-02
1.435844692192970659e-02
1.368364072391308611e-02
1.336573789077350263e-02
1.284001122740490754e-02
1.282650987340083412e-02
1.255023718434308301e-02
1.240086502637372488e-02
1.229618474818243087e-02
1.259972399949415602e-02
1.231397960152798114e-02
1.219541843620423893e-02
1.211558366508617805e-02
1.252354514705883264e-02
1.220407189192576798e-02
1.234513963970522432e-02
1.214445978285796229e-02
1.203720984911970174e-02
1.222396521320821480e-02
1.203596707822370861e-02
1.194955032672072662e-02
1.213858928611155109e-02
1.198119175865574801e-02
1.190456483370220565e-02
1.185312383712519742e-02
1.225516832155236491e-02
1.255419200416913079e-02
1.227893540983895221e-02
1.207402995528648708e-02
1.264858293718388628e-02
1.235913753340511616e-02
1.224129442422685655e-02
1.204219832531676533e-02
1.222069868922355702e-02
1.391400840474198153e-02
1.266605095487781558e-02
1.297173408484209207e-02
1.242934603177606526e-02
1.219640505867254469e-02
1.206348243669654388e-02
1.208348636954507428e-02
1.197159721488485346e-02
1.204811214001560299e-02
1.191361960277619210e-02
1.184046832529524543e-02
1.178862862020855183e-02
1.183747625018672506e-02
1.174540493602660787e-02
1.169785175787589268e-02
1.166652686155944356e-02
1.173340590633725755e-02
1.167386415720219478e-02
1.163761899916468043e-02
1.179944672327807795e-02
1.972146352550337503e-02
1.664131884945132048e-02
1.561672645210298270e-02
1.453919784857253712e-02
1.427224457062193502e-02
1.368067345592841738e-02
1.332407216620356931e-02
1.306796547120761889e-02
1.360912534698785308e-02
1.314750594385031765e-02
1.366537205669265259e-02
1.313990971134520493e-02
1.306715203624615566e-02
1.349636126576035308e-02
1.298669808399948583e-02
1.570006298481292292e-02
1.628876073174547259e-02
1.414481031666451998e-02
1.337052504676160963e-02
1.350297484260849605e-02
1.286274957350126355e-02
1.261376124573412513e-02
1.245996114023117593e-02
1.257465397456873982e-02
1.263495271656217209e-02
1.241617193642171463e-02
1.824126831153001851e-02
1.510331141227022611e-02
1.411940305801649871e-02
1.608244262496778473e-02
1.478592944277253365e-02
1.401457494629330426e-02
1.369061644485608693e-02
1.332802086642776232e-02
1.307829132595501528e-02
1.288940123169400945e-02
1.273963451611595694e-02
1.277788666003065732e-02
1.258292799446830874e-02
1.260553542332550243e-02
1.245311300198632433e-02
1.235327358915170801e-02
1.271556080748398494e-02
1.229178809452234102e-02
1.254879871666952917e-02
1.256535992321625855e-02
1.236100708146407531e-02
1.224209357096515439e-02
1.215859479417642601e-02
1.209370126474052301e-02
1.203858899364151913e-02
1.199793119795943171e-02
1.195764194393670807e-02
1.273951306772921031e-02
1.224382898292751022e-02
1.222447000100622232e-02
1.205023653156162347e-02
1.195806889554599378e-02
1.189473256575355846e-02
1.184705139446189104e-02
1.212867892597881483e-02
1.213206788257896289e-02
1.215924947742578685e-02
1.313979183528841792e-02
1.253476708805579057e-02
1.225993838545851207e-02
1.250530018090482802e-02
1.217721560408535283e-02
1.201872937505527386e-02
1.208832693006001158e-02
1.190393816537587551e-02
1.203119148841575239e-02
1.185262666509352691e-02
1.190686850187113593e-02
1.197796320310425162e-02
1.201134703080100098e-02
1.204105063977839278e-02
1.339403025792657541e-02
1.244484376832794524e-02
1.248806085136544737e-02
1.214279501522309151e-02
1.196227496395722151e-02
1.202394087102003767e-02
1.227772156130151927e-02
1.198400311878181773e-02
1.184818527371661080e-02
1.207400141221388196e-02
1.225565370707580939e-02
1.199389349178435482e-02
1.185796996063589841e-02
1.176949802598553120e-02
1.378681449688960031e-02
1.284018038745716669e-02
1.285651111526851451e-02
1.530246069312735276e-02
1.361791894613466683e-02
1.296773254750166297e-02
1.261384025784844688e-02
1.238347032761782408e-02
1.250785225646126528e-02
4.268450140026624345e-02
3.027034023639162824e-02
2.531533903168957031e-02
2.208543715528544019e-02
2.007373101983880859e-02
2.538735827654216987e-02
2.116984983494473588e-02
1.937846678723958299e-02
1.878416647310282225e-02
1.750106804262414537e-02
1.799232852084615281e-02
1.709010331536580871e-02
1.618684064654443006e-02
1.565221534244265814e-02
1.571021837722811135e-02
1.518375537622643039e-02
1.482346323490194712e-02
1.458589071123943606e-02
1.432144302326926119e-02
1.411219615609167304e-02
1.393809534562534189e-02
1.378446702021177833e-02
1.376674968372539054e-02
1.356992834502217596e-02
1.343294597263608274e-02
1.332157788026623602e-02
1.344289639426941851e-02
1.323347926348108182e-02
1.311649367142047294e-02
1.302379002041831324e-02
1.294416770027063956e-02
1.321956556068366699e-02
1.295373479937449862e-02
1.293564459299421238e-02
1.279395200383540154e-02
1.376653784292398465e-02
1.356186406322974249e-02
1.311543733824616434e-02
1.291102631758293297e-02
1.278028513470093851e-02
1.310266231909888550e-02
1.296147332023681389e-02
1.273727692270508645e-02
1.279939262545292007e-02
1.271020044910755806e-02
1.257156951490043077e-02
1.247910637051174131e-02
1.240827497687463365e-02
1.235110252327590447e-02
1.244664074563665325e-02
1.234106471830171033e-02
1.323348029213019215e-02
1.293271077645731862e-02
1.255915616829308447e-02
1.239700073728335940e-02
1.243752196198106945e-02
1.243617792991619404e-02
1.228923101134410216e-02
1.220341299815437541e-02
1.230294364281936913e-02
1.218709095187245003e-02
1.461732145992038039e-02
1.360818651426027800e-02
1.307752351893792624e-02
1.278822003501307349e-02
1.253071570823180610e-02
1.237734840279256475e-02
1.240893070857585802e-02
1.227440539589634040e-02
1.218540120736373057e-02
1.233782887432838607e-02
1.442616178515927078e-02
1.421944963437115142e-02
1.345486125286163639e-02
1.337616295199544822e-02
1.296349227645307405e-02
1.273079070031273019e-02
1.256921634494211418e-02
1.347796197720635240e-02
1.288140077166632057e-02
1.321025208310934798e-02
1.280584218461108988e-02
1.259293412925346738e-02
1.245774745013983678e-02
1.287055078974607379e-02
1.248073215808619303e-02
1.230773198124622027e-02
1.268181461171838734e-02
1.240884426828779523e-02
1.222937387831104887e-02
1.263647685750168143e-02
1.233156318514844023e-02
1.334729177128767853e-02
1.497535617870353677e-02
1.349792428297957349e-02
1.476751017193481640e-02
1.426742529456016297e-02
1.376685961805807282e-02
1.323227506151645506e-02
1.292362838281511071e-02
1.271909871827222628e-02
1.256305660835469254e-02
1.244156358223716050e-02
1.250567313479996993e-02
1.235510525460129135e-02
1.267890367163650861e-02
1.236795583956816144e-02
1.223714471078538729e-02
1.228814479766505291e-02
1.248782357824755433e-02
1.222081104247038988e-02
1.234259352133667935e-02
1.214399795658959932e-02
1.327172623035118015e-02
1.264110336787803088e-02
1.237168262161487432e-02
1.221456639214366091e-02
1.231099390669972669e-02
1.278005541478121482e-02
1.316983190430151551e-02
1.258765204484177218e-02
1.268067301805257674e-02
1.235700444271910052e-02
1.251502552570987921e-02
1.221594638835723015e-02
1.207890077745718375e-02
1.198897566989694241e-02
1.192202990416592508e-02
1.226438006313323309e-02
1.250319195952744045e-02
1.219696912486591643e-02
1.247521121209137392e-02
1.215201150500272963e-02
1.312863730353944387e-02
1.248339967507483377e-02
1.369987648102805738e-02
1.296022557473540913e-02
1.259509824055520845e-02
1.243106130519736757e-02
1.246563886042423124e-02
1.251324145304169924e-02
1.225940709084249840e-02
1.211419035952039820e-02
1.264844509868540308e-02
1.259526650603988787e-02
1.227773421343904790e-02
1.210721946272254670e-02
1.199412824139286550e-02
1.237846940923422248e-02
1.261295385122588979e-02
1.300769082707987738e-02
1.240614617015992766e-02
1.242396751058090325e-02
1.212453476402942584e-02
1.213886300600368340e-02
1.196266175410832383e-02
1.186083375555688733e-02
1.256050194156003649e-02
1.211747910705802261e-02
1.213156483494940915e-02
1.190196793028055512e-02
1.195734831112809857e-02
1.200344932574647257e-02
1.177424091300077573e-02
1.166984420232225310e-02
1.160931541070387395e-02
1.157325070727216118e-02
1.185014699741195401e-02
1.165491627044061736e-02
1.166467174193568622e-02
1.157473606159886009e-02
1.166811528270131175e-02
1.156179258702558221e-02
1.184194742973455547e-02
1.192409434516898334e-02
1.170563489704985576e-02
1.160273779302786919e-02
1.242216401226033280e-02
1.185520482398279979e-02
1.181815581321969851e-02
1.180138223148234980e-02
1.185570909146345733e-02
1.168298138639832680e-02
1.158716416532672155e-02
1.152758361036061024e-02
1.148588191043473788e-02
1.145186822342442179e-02
1.142457857571988096e-02
1.140117363146737721e-02
1.138133705303682845e-02
1.157517326383345445e-02
1.154361776442235608e-02
1.195446707658942738e-02
1.167629905398919789e-02
1.155380909511584918e-02
1.192814019303942846e-02
1.237101154864381387e-02
1.192555871194052319e-02
1.173457238970152666e-02
1.162151766229372815e-02
1.154513678883400431e-02
1.148876049504524849e-02
1.144628923964344409e-02
1.257208008563365231e-02
1.204261198377070720e-02
1.181555923101671075e-02
1.168426768837700809e-02
1.308063043688741621e-02
1.230025069143392095e-02
1.199373355431592771e-02
1.182048764291075520e-02
1.170777060730828281e-02
1.199143989360032005e-02
1.400595173886814808e-02
1.277772030606979560e-02
1.250253500605369265e-02
1.312035810085577028e-02
1.255548294122551742e-02
1.234589624486808444e-02
1.210593770111378052e-02
1.317265625990631309e-02
1.241542960590666204e-02
1.223499465667970444e-02
1.314189024788001668e-02
1.267425107739942637e-02
1.225393715760456428e-02
1.202960578462384036e-02
1.187983786199124127e-02
1.177015131972605246e-02
1.168580091171717884e-02
1.161850788352557055e-02
1.156608975722885416e-02
1.151901268766976696e-02
1.638459183466758201e-02
1.362050240146528771e-02
1.350284554797584122e-02
1.564448061125520498e-02
1.449267944964149901e-02
1.355332755858970964e-02
1.350385819092209463e-02
1.313343295180751519e-02
1.279941024620583762e-02
1.287981754425000271e-02
1.241610752798256480e-02
1.219036397237706695e-02
1.205781134699207904e-02
1.195853081875039928e-02
1.187594682514775055e-02
1.254603997696906656e-02
1.233084533542434628e-02
1.201933165833812475e-02
1.198744990433803920e-02
1.182282566804550815e-02
1.184703543849536730e-02
1.172680895944128512e-02
1.192896581048339191e-02
1.219686052466095565e-02
1.200221531977332771e-02
1.413663114179597967e-02
1.355773141612160587e-02
1.264540526486145240e-02
1.226447631108143824e-02
1.207796551938948061e-02
1.190617818357684633e-02
1.179075592602384440e-02
1.170188908889973657e-02
1.186644560272298587e-02
1.169012285814958162e-02
1.182694153891199543e-02
1.165023861336414099e-02
1.156214381347775433e-02
1.150204425963628936e-02
1.185376000249538202e-02
1.165938897460001671e-02
1.155753791410565369e-02
1.149019693145983921e-02
1.144008696871256364e-02
1.139890951201485113e-02
1.136458979510637096e-02
1.302744888187066900e-02
1.209299917556036150e-02
1.179183085194408613e-02
1.163608211262253007e-02
1.153862445388693751e-02
1.264193553167592722e-02
1.203969369191679357e-02
1.186992568473973879e-02
1.168789316757892771e-02
1.204320314290721616e-02
1.198038059370979888e-02
1.172513822150048589e-02
1.159396467158892684e-02
1.150860644825861014e-02
1.331413958086889726e-02
1.252485886145736013e-02
1.323385570986674621e-02
1.305333381645878629e-02
1.507980915076886745e-02
1.350460866056960897e-02
1.379025424617206196e-02
1.300218038810158766e-02
1.283286094639525705e-02
1.244498220867410604e-02
1.221905777925640611e-02
1.205811266468949199e-02
1.193482081046644792e-02
1.217018782581738220e-02
1.188629142154972070e-02
1.203599517902126728e-02
2.070021364781851961e-02
1.700672590863363393e-02
1.538476291164402911e-02
1.466223172059446037e-02
1.431421625506825411e-02
1.387331449067969770e-02
1.378602654871844725e-02
1.330672079282493696e-02
1.300360028297743373e-02
1.277301088806231770e-02
1.278163494020589409e-02
1.253317938950076517e-02
1.237983186196290990e-02
1.258662908842520314e-02
1.227799875949733832e-02
1.214078710586013674e-02
1.204186496240348958e-02
1.196168469031690627e-02
1.189327223115579577e-02
1.183564613776534949e-02
1.197722088184910091e-02
1.370235083744572244e-02
1.295150968210126430e-02
1.246514508615504009e-02
1.221337300706499054e-02
1.205263515793360968e-02
1.193570239088605732e-02
1.220140788081958833e-02
1.245295563842404619e-02
1.213239165227069857e-02
1.196152483246749713e-02
1.185074535102434087e-02
1.176760202447087698e-02
1.170213345661555784e-02
1.181584616607417315e-02
1.168766697211473700e-02
1.162110030567671017e-02
1.157151737872646156e-02
1.224204097263769178e-02
1.180923785795241938e-02
1.187837487321106132e-02
1.201779945791352916e-02
1.178177128242179940e-02
1.165685018176488424e-02
1.193372218970003944e-02
1.172404570990272753e-02
1.160912204308986277e-02
1.153597559745866627e-02
1.148276102523248209e-02
1.144995298484875051e-02
1.141594512476127449e-02
1.252545960648516338e-02
1.186960448140722546e-02
1.166202802381485423e-02
1.155337417666147358e-02
1.169810636788003178e-02
1.153030030923176200e-02
1.145119125194370667e-02
1.139975348374449617e-02
1.156200742067916773e-02
1.142033424708152785e-02
1.136050551503785255e-02
1.228225968730376795e-02
1.239620653066495111e-02
1.198210199853138452e-02
1.559089455572526192e-02
1.372313372567305657e-02
1.287199330823911476e-02
1.262966564722842189e-02
1.227648235641385852e-02
1.206218998941642646e-02
1.191110921113699289e-02
1.179687178220403462e-02
1.170724569831161667e-02
1.264348562844374094e-02
1.234786047265581423e-02
1.241988604601116861e-02
1.221037991351542687e-02
1.204410255847262155e-02
1.184695195308525795e-02
1.218182091871859718e-02
1.191714032711935212e-02
1.173843790673060813e-02
1.163053564358624073e-02
1.155348604383373869e-02
1.149313777657256369e-02
1.144356649685157427e-02
1.140381864960266639e-02
1.224021935540226327e-02
1.173096237609477267e-02
1.234115629064807054e-02
1.196859426188955251e-02
1.183580527210900853e-02
1.178146024076156401e-02
1.173603205174637149e-02
1.172693929114451694e-02
1.184490802332003115e-02
1.156387754502258107e-02
1.623165917147011833e-02
1.382971142073503683e-02
1.292266458398739701e-02
1.290052205005139813e-02
1.329975800155194093e-02
1.290368456475641037e-02
1.275671684855734372e-02
1.248164616966452624e-02
1.247396144527716279e-02
1.211673593307743997e-02
1.229846400651747260e-02
1.194378044982679493e-02
1.227350809199082710e-02
1.190528669921340349e-02
1.173411590313191109e-02
1.208025444926478370e-02
1.191139375908426695e-02
1.171067157732289150e-02
1.159322527222698788e-02
1.215258617530340368e-02
1.174426979271251358e-02
1.158555133355190087e-02
1.149431729191737958e-02
1.193689302860058941e-02
1.190182039642856751e-02
1.158950971249061990e-02
1.164344474130394290e-02
1.146467635082656054e-02
1.138062058669020264e-02
1.132302980594025038e-02
1.128215823182370306e-02
1.157518840873355583e-02
1.139455144818086844e-02
1.166006898598501845e-02
1.182035805542082547e-02
1.174515554748274855e-02
1.150391174324399274e-02
1.138723698741437446e-02
1.131402165688932988e-02
1.126234617446979745e-02
1.122183597924355375e-02
1.211752015130999199e-02
1.167186344847362910e-02
1.211663861378705492e-02
1.204631559501244745e-02
1.211675664955982716e-02
1.192854493469705512e-02
1.242871224039207405e-02
1.187209785378144471e-02
1.172894596207284604e-02
8.749885563258387455e-02
5.341451631921718263e-02
4.028984716061557309e-02
3.313182531743136261e-02
2.873881337936877792e-02
2.695450734743516999e-02
2.417896184860884520e-02
2.236110758796228115e-02
2.133648192331128249e-02
2.008800833016758172e-02
1.954676388878879081e-02
1.914112130026121572e-02
1.813543913558341575e-02
1.748076089925416909e-02
1.814578089340262296e-02
1.769070063782563623e-02
1.778697452501114967e-02
1.676730215004634469e-02
1.634883321509639220e-02
1.613671521342630727e-02
1.565690336081923886e-02
1.614367177448291363e-02
1.579322608669520359e-02
1.524163899921095189e-02
1.497239073999791226e-02
1.464904488997381855e-02
1.442410456772680316e-02
1.435712092081350630e-02
1.414968005078048527e-02
1.405468095141807795e-02
1.386750195196726973e-02
1.402437322950332577e-02
1.372004940429864296e-02
1.390578108695888528e-02
1.429594193960597066e-02
1.793524700725530191e-02
1.542243253990052167e-02
1.460084890427198502e-02
1.481982517519728551e-02
1.438717548513690839e-02
1.397655915951954465e-02
1.485684852512242880e-02
1.467580189452368303e-02
1.481322944063344534e-02
1.413494734412487630e-02
1.378615658153418445e-02
1.367103340112929208e-02
1.344521983492776539e-02
1.355945342166572747e-02
1.374626609591116447e-02
1.383710831881154214e-02
1.367332844962201345e-02
1.324330879287195784e-02
1.317794731177023698e-02
1.314679396773695691e-02
1.293794474382538827e-02
1.484949525469661351e-02
1.376055262805264863e-02
1.373864176482928259e-02
1.322215211009576327e-02
1.298410619478827799e-02
1.282932517746909057e-02
1.336947636946204769e-02
1.294209504838479685e-02
1.274742145736140579e-02
1.262040660182822335e-02
1.287581472001971504e-02
1.365307095895387270e-02
1.301288730759437434e-02
1.317836667902137077e-02
1.277084183157001750e-02
1.281095076845307351e-02
1.400937208174322934e-02
1.664045352066348751e-02
1.671055992096813145e-02
1.760144936740331428e-02
1.548395633182729492e-02
1.441685149509312584e-02
1.407085226814078736e-02
1.435137664026520272e-02
1.430383950479667717e-02
1.533356331352285495e-02
1.433654962162917226e-02
1.368373269684606576e-02
1.326312282082519299e-02
1.352985112383132092e-02
1.304118523173861469e-02
1.279302001824187372e-02
1.409969051930593659e-02
1.426816683170021791e-02
1.352402292791030254e-02
1.301501215764110098e-02
1.275609439916540466e-02
1.259078196215882538e-02
1.247418780355621405e-02
1.238088241208488809e-02
1.230945909151555384e-02
1.228792952168625101e-02
1.219564766614327465e-02
1.214676152594989546e-02
1.210262573822653946e-02
1.206266423092126894e-02
1.415576192559458643e-02
1.306463530470351568e-02
1.389119657195411923e-02
1.330739300403542373e-02
1.289036190792154472e-02
1.256115125546381980e-02
1.354859807478807354e-02
1.275023005637461460e-02
1.248348508690076339e-02
1.225058726943375684e-02
1.265648020259011949e-02
1.292037870705982014e-02
1.249456872152334211e-02
1.222425209746139801e-02
1.221849497856079998e-02
1.254382232491296073e-02
1.216264274938462855e-02
1.201213014354033173e-02
1.192210230739219196e-02
1.218746709025642951e-02
1.361011969667241632e-02
1.274813972551281684e-02
1.239548608320874962e-02
1.219734616596279859e-02
1.206714419381295367e-02
1.250435105925634151e-02
1.392594967104234666e-02
1.287849726389357283e-02
1.275875105836336322e-02
1.233867612680956613e-02
1.241191209417566096e-02
1.525673167025591581e-02
1.371492003452971960e-02
1.318185376305516625e-02
1.273884943621392957e-02
1.245316894807648941e-02
1.226825351297190607e-02
1.213906206191945475e-02
1.203492188570576618e-02
1.195170663367264852e-02
1.268020156143269059e-02
1.225164374142437111e-02
1.204846762079961504e-02
1.194113066365283700e-02
1.183382240732846861e-02
1.236895127524838787e-02
1.202570658931788154e-02
1.527968468313771998e-02
1.344789420799212022e-02
1.556349463658098300e-02
1.397386130881941163e-02
1.327444740660719408e-02
1.312932474790528582e-02
1.271781514186809056e-02
1.281319519070790031e-02
1.293707765492392060e-02
1.680386895256183108e-02
1.430580297362684696e-02
1.344110638976507045e-02
1.298804595539969700e-02
1.269749664390653308e-02
1.249128168718988824e-02
1.263868488605568788e-02
1.236837738112490752e-02
1.221390031043281636e-02
1.234228967070681755e-02
1.214349632083791368e-02
1.223705982118850240e-02
1.205561897731679578e-02
1.195224577050565951e-02
1.201978817080600649e-02
1.186266055094886869e-02
1.632570539955852801e-02
1.448200879101635939e-02
1.399962232900726737e-02
1.333634522866329435e-02
1.294710385032316058e-02
1.268293558089728969e-02
1.260295644569676445e-02
1.251012021074746940e-02
1.246335310683980603e-02
1.222179657002321271e-02
1.210243648324560960e-02
1.201702326488198261e-02
1.270936059906555352e-02
1.257001329672553964e-02
1.224807752709396701e-02
1.207859503170780925e-02
1.197312542679461120e-02
1.230456774569202438e-02
1.198375235053421306e-02
1.186177180984010655e-02
1.178653603709722830e-02
1.174474592716045519e-02
1.176504890278623136e-02
1.168337770189099151e-02
1.206081061410277898e-02
1.184377974893955840e-02
1.174512533691344542e-02
1.168641324727051796e-02
1.183748708491603324e-02
1.170356191550127670e-02
1.163735563457114416e-02
1.213710081304968449e-02
1.185714197346085692e-02
1.172561445701364793e-02
1.164620258357435684e-02
1.158859301151022973e-02
1.154509460982565926e-02
1.152204340909664809e-02
1.184553631293455180e-02
1.167579300917508806e-02
1.178879965760584736e-02
1.377590401404507267e-02
1.266308520829753995e-02
1.225055909386371655e-02
1.314440090013724825e-02
1.250671346909692540e-02
1.221313062170568085e-02
1.293935938028354868e-02
1.236326359997767799e-02
1.231010496371327985e-02
1.205868379738241764e-02
1.191748496640443640e-02
1.181939610191838977e-02
1.510791648011480630e-02
1.324077898095022895e-02
1.263874796956784147e-02
1.232798736657484372e-02
1.213303123200657266e-02
1.220290802473563557e-02
1.201497601123209004e-02
1.189814518261808965e-02
1.192861700564436418e-02
1.181082542940167790e-02
1.173407509061974788e-02
1.213041605089341252e-02
1.184322962250503909e-02
1.172740994880941065e-02
1.165480253532305902e-02
1.160173098076621064e-02
1.155943022840663810e-02
1.180593980052654056e-02
1.162816896488670995e-02
1.168263333858465119e-02
1.192615907319826037e-02
1.206321697113137657e-02
1.215706197147526854e-02
1.185514319305163919e-02
1.171437784906420761e-02
1.357160591428114432e-02
1.249551846689875290e-02
1.216486163318010461e-02
1.321588927286362208e-02
1.242144468173979679e-02
1.210345594530707648e-02
1.191968136456674453e-02
1.268696818253984941e-02
1.215145138929102885e-02
1.193210971311817713e-02
1.180167689204073000e-02
1.198144046089277132e-02
1.174713733165179408e-02
1.180629092102810675e-02
1.185284903007738193e-02
1.168450829514232521e-02
1.260281801337762714e-02
1.200208590732858814e-02
1.287889413808906633e-02
1.371901284465189101e-02
1.302827708997687968e-02
1.250694076719528931e-02
1.222083817536671023e-02
1.203143464607789315e-02
1.201517732007147468e-02
1.222334202762878456e-02
1.193844575913422142e-02
1.227967093993988235e-02
1.247168651225702071e-02
1.208111585319496945e-02
1.227590022014580021e-02
1.197416334907511377e-02
1.228842455511578585e-02
1.207654764186808297e-02
1.185123121973838921e-02
1.208133279451337715e-02
1.182839749710067057e-02
1.168632659978845016e-02
1.160614873942008608e-02
1.179276663067756886e-02
1.165332200906764662e-02
1.176581722129011777e-02
1.235294022177392710e-02
1.192201721963193940e-02
1.195586923369531748e-02
1.175865590317553937e-02
1.165517487600147700e-02
1.158380820229271135e-02
1.152966515602770955e-02
1.148609637596061279e-02
1.144965857804368728e-02
1.141923930132828988e-02
1.139280565992181228e-02
1.136948876179393920e-02
1.134890558884127897e-02
1.132959897562402403e-02
1.131157927263591947e-02
1.156410665356929698e-02
1.177573204943690825e-02
1.151176486579527820e-02
1.203353547943625083e-02
1.163413782835727439e-02
1.149340915738861213e-02
1.141484544390782528e-02
1.136256187295836897e-02
1.200958900190917354e-02
1.161219952643283669e-02
1.147409652865392406e-02
1.200416544972324889e-02
1.171087973678114347e-02
1.157111564311906829e-02
1.172653974333771366e-02
1.151407957567391997e-02
1.143086323197232620e-02
1.405065208380350261e-02
1.297060251558992093e-02
1.270453420141240755e-02
1.255342688800040359e-02
1.218837929530808273e-02
1.299634793273373931e-02
1.316421568900028212e-02
1.224175533419299793e-02
1.196378994079760026e-02
1.348330404512334928e-02
1.260247667766104841e-02
1.528627927287757975e-02
1.374972405933336597e-02
1.341897063540711810e-02
1.279353867835851533e-02
1.246705432586731228e-02
1.239185174143283066e-02
1.227431041159531173e-02
1.205608082866392421e-02
1.208801960894800853e-02
1.192251391082785501e-02
1.181445263094942251e-02
1.173274263705065441e-02
1.167124028383842438e-02
1.188148502616674304e-02
1.168183312073410064e-02
1.161042681661508119e-02
1.221789567390431028e-02
1.242367079715034871e-02
1.204658425795754502e-02
1.175560045727102633e-02
1.168435303980842888e-02
1.334637533625348746e-02
1.247976324692967771e-02
1.208508853830423009e-02
1.188832738648765326e-02
1.175778163114670968e-02
1.231360103207257591e-02
1.291227847701120063e-02
1.220429996320547029e-02
1.193792755429282440e-02
1.178402354761595716e-02
1.167977190546175964e-02
1.160256371112825154e-02
1.193265425509628871e-02
1.171197200029097663e-02
1.196230858440535880e-02
1.162091988632058155e-02
1.150927914555863185e-02
1.157595300109171693e-02
1.156491720007000665e-02
1.144025469018309857e-02
1.140197960189245213e-02
1.130899229613290501e-02
1.349424852679085608e-02
1.259377161146246760e-02
1.219196089056476424e-02
1.196057175482034482e-02
1.197975235769966305e-02
1.178987821441579778e-02
1.709557533287741141e-02
1.458762629673891580e-02
1.503496533276675422e-02
1.373808154540474662e-02
1.381746277810328577e-02
1.307519220868383174e-02
1.276215596107570932e-02
1.249106809640179033e-02
1.229675232513549599e-02
1.211714367696060599e-02
1.209747660582137160e-02
1.191155094366852692e-02
1.184279625518663837e-02
1.310768966632072305e-02
1.382044207621048112e-02
1.274761708359482826e-02
1.230183386172155509e-02
1.207369273030354379e-02
1.189650214241735372e-02
1.180359087908583980e-02
1.173346247069511315e-02
1.164541386193597775e-02
1.159408748826248024e-02
1.184704781281396835e-02
1.165867589986121708e-02
1.157278344772802794e-02
1.151583895026760118e-02
1.147249873862644931e-02
1.143953156425961924e-02
1.141117725460087141e-02
1.190210377554986980e-02
1.183853463701141188e-02
1.176054440705017606e-02
1.171857530727905480e-02
1.212299330312732216e-02
1.236349384355049652e-02
1.177295258047637502e-02
1.159039239054259797e-02
1.149082746372739709e-02
1.162576457549228948e-02
1.154384186888674120e-02
1.173794840935413197e-02
1.154808206198768526e-02
1.167508703858135578e-02
1.172382907303388608e-02
1.305537073580017096e-02
1.214226619626053438e-02
1.215825090226350241e-02
1.183576662995921430e-02
1.235872461236777083e-02
1.225203759618899435e-02
1.259257288804013254e-02
1.251669812590215473e-02
1.198620950809494747e-02
1.175468849503038746e-02
1.162492401836313395e-02
1.154080088522081021e-02
1.147849357363269623e-02
1.143130509324665964e-02
1.139605047112808925e-02
1.170442495530703460e-02
1.152652530155422184e-02
1.144191891139457323e-02
1.138797295241064308e-02
1.134857168825298759e-02
1.173017987152612067e-02
1.268749304286040033e-02
1.212137739625112481e-02
1.187267375669168006e-02
1.169076063450661535e-02
1.157506538863681961e-02
1.149302848868367921e-02
1.143174484992117747e-02
1.138284221634792807e-02
1.149615609734747079e-02
1.141955695131129274e-02
1.137058410794811354e-02
1.133269434801532222e-02
1.130188836817002870e-02
1.170281723803473159e-02
1.174422273455529367e-02
1.151939483613197146e-02
1.165257579614589409e-02
1.330782376633586790e-02
1.261192856233766743e-02
1.208436920605279914e-02
1.182532598277395708e-02
1.178404057464389580e-02
1.170021873361961479e-02
1.155039840528822130e-02
1.145704299036696960e-02
1.139838696803401746e-02
1.190462367400247495e-02
1.143243207856157323e-02
1.131727015559813587e-02
1.159727989245176727e-02
1.244920523917514982e-02
1.235816290408449716e-02
1.206289512400744723e-02
1.171521877022490415e-02
1.332460614823982072e-02
2.029057823824533674e-02
1.553965045867873422e-02
1.476122993221482861e-02
1.579532608307663080e-02
1.490768962386935029e-02
1.394207266337086325e-02
1.516499769891447615e-02
1.395022670014347578e-02
1.334523179674542218e-02
1.295426951320099475e-02
1.338040063829412998e-02
1.267661576092676129e-02
1.235956209250599867e-02
1.499931593628119238e-02
1.526409952530582634e-02
1.395312423816438482e-02
1.379030159633336770e-02
1.357051430816342240e-02
1.303734045014507022e-02
1.272298802100422718e-02
1.250388942771711587e-02
1.272478171678710114e-02
1.277290843860380380e-02
1.297359726507813296e-02
1.247904101213205899e-02
1.225852558181751185e-02
1.261578652414862764e-02
1.227619671371666873e-02
1.209961281231826564e-02
1.197904411513195551e-02
1.202975226345302968e-02
1.342276498555134562e-02
1.253709056710441104e-02
1.236453031333705800e-02
1.210763849662985399e-02
1.195127551532212083e-02
1.184119028140423815e-02
1.175837330584074934e-02
1.169242138046329253e-02
1.163724094957899538e-02
1.196237920006566757e-02
1.173890324590903464e-02
1.198497148687854841e-02
1.177316841534109364e-02
1.166472993087256695e-02
1.159338878815083414e-02
1.181585691572739800e-02
1.163683024573133364e-02
1.154875399908829661e-02
1.149129154875128470e-02
1.144762623433400253e-02
1.162074634917055656e-02
1.177041296453822106e-02
1.233337959459646256e-02
2.210051458984985812e-02
1.621601266172851413e-02
1.438877812081633747e-02
1.373412680392193351e-02
1.543201756376984431e-02
1.402378327496173367e-02
1.346646804777918566e-02
1.389414516360714703e-02
1.839315383409063226e-02
1.595773263198733624e-02
1.476271285047786076e-02
1.423574041722410269e-02
1.364910774742908450e-02
1.327153484755606849e-02
1.299352662441692965e-02
1.277495880700886370e-02
1.285657582945389822e-02
1.258814895854213321e-02
1.240750161414090960e-02
1.227181018148544578e-02
1.215975717563100994e-02
1.206531040825428377e-02
1.198422275784630057e-02
1.191240415842761274e-02
1.184964155607330476e-02
1.310899587916862508e-02
1.247899306091517467e-02
1.242958556825424395e-02
1.216145909607110713e-02
1.200570125547668898e-02
1.189637497751029789e-02
1.194779457137560251e-02
1.278901608497983768e-02
1.219228855179979067e-02
1.364002288301333250e-02
1.417309643371868558e-02
1.315257621355481188e-02
1.294013078673634555e-02
1.276573012340582666e-02
1.238334583429125633e-02
1.216190709349053607e-02
1.220693874619392313e-02
1.200707245999942975e-02
1.200304517393043814e-02
1.221644955745927741e-02
1.202517324145869863e-02
1.183407851837093606e-02
1.174336523501291578e-02
1.167450131271093212e-02
1.176712830741460242e-02
1.228491121766129950e-02
1.192127780962944777e-02
1.258886292431342889e-02
1.209378556608081690e-02
1.187506017571404553e-02
1.199921026021495175e-02
1.193817188004431783e-02
1.188634875739846136e-02
1.171994291188701784e-02
1.185085240844988182e-02
1.163841615598496665e-02
1.154356163830147497e-02
1.167620659281222613e-02
1.174722455729712393e-02
1.158488479152560389e-02
1.189710131250575585e-02
1.185217132539593925e-02
1.160198711469811322e-02
1.186430543469648921e-02
1.159262514327452469e-02
1.147784057863382619e-02
1.140610249470814033e-02
1.135629516914528174e-02
1.143038257389691718e-02
1.148598039744929203e-02
1.136947753090115573e-02
1.130746238846113728e-02
1.126486718412190481e-02
1.123270545360012876e-02
1.203910718303295886e-02
1.153347046889775969e-02
1.138317638408943740e-02
1.172447047989197931e-02
1.148863720453438542e-02
1.137750038138998603e-02
1.130880128643657091e-02
1.188128046279611147e-02
1.201075839050085026e-02
1.265178772443485006e-02
1.199098529558631325e-02
1.174704371414609684e-02
1.253224781942147321e-02
1.189606536764188996e-02
1.166294988231852091e-02
1.152844140209976359e-02
1.143600723772663155e-02
1.136738308821042161e-02
1.131434599697505976e-02
1.174914927951940281e-02
1.149126689133447496e-02
1.137967159722308268e-02
1.131120790850416967e-02
1.126091830688565748e-02
1.153940328381303920e-02
1.135775672569259813e-02
1.156260503632652002e-02
1.200848636545837934e-02
1.204958221243795230e-02
1.159043755212887591e-02
1.169639301107304810e-02
1.144857314291763094e-02
1.132569794553914093e-02
1.124955090827222184e-02
1.119488542526217434e-02
1.115327797144138357e-02
2.312340008559611235e-02
1.804948511861754340e-02
1.581581583922126236e-02
1.464299790719687799e-02
1.447708683518761710e-02
1.365208589094057262e-02
1.370799839611148985e-02
1.328559498541647191e-02
1.287596278558384398e-02
1.261379674031831884e-02
1.252074555489366033e-02
1.405623563638758178e-02
1.306300962693971064e-02
1.256746094995128855e-02
1.230971437146308363e-02
1.213845227323470319e-02
1.200983579241619165e-02
1.190912560271368409e-02
1.182511323723427210e-02
1.175593931608294798e-02
1.169638149864092938e-02
1.164392214897965773e-02
1.159663165875422092e-02
1.155416224970379040e-02
1.151551329880687834e-02
1.148025480514592439e-02
1.144887852983047377e-02
1.830446609253408297e-02
1.420989302303365259e-02
1.313058830530558843e-02
1.261672652626110065e-02
1.246965638583650941e-02
1.241679470769407531e-02
1.210635432156452647e-02
1.194437478539165168e-02
1.182984083490019704e-02
1.174197628786365424e-02
1.201188009920923540e-02
1.296751568682767697e-02
1.471256257151986116e-02
1.297454939757284632e-02
2.119967364218628900e-02
1.572216065691239145e-02
1.437370775362879598e-02
1.356338864921090466e-02
1.308165986043630970e-02
1.275796116514633927e-02
1.252372005944002616e-02
1.264520248421255322e-02
1.233011747186949815e-02
1.277424212752893695e-02
1.395595501504922481e-02
1.324803529823986858e-02
1.409971098250283050e-02
1.314222532320319554e-02
1.736890634049817125e-02
1.526015569520753658e-02
1.449681743806965038e-02
1.371104255422041576e-02
1.324929736247411859e-02
1.321279764796325085e-02
2.205983679012327864e-02
1.810407503774110610e-02
1.662160928228650220e-02
1.593780706386549104e-02
1.495346504619676949e-02
1.529188185530955604e-02
1.455589171604697307e-02
1.390892136277675772e-02
1.386677374159546797e-02
1.346508986482818776e-02
1.348068922516232511e-02
1.400748582421011343e-02
1.328087034715118471e-02
1.297746827796384186e-02
1.277705064734701787e-02
1.262676453106887850e-02
1.251170947481887452e-02
1.240880661928886290e-02
1.232005811989318224e-02
1.224294213475181706e-02
1.254227604248131511e-02
1.242605929948705466e-02
1.223891630164194132e-02
1.232107368209661886e-02
1.240449433635644819e-02
1.218590580111240766e-02
1.206164651873415684e-02
1.197387104084183564e-02
1.190504427093814696e-02
1.201520113717001459e-02
1.189537909985829110e-02
1.194427239826906587e-02
1.183255375347242594e-02
1.208239437054377773e-02
1.222857328548914053e-02
1.197265043589411035e-02
1.184520386462932506e-02
1.176251063600765312e-02
1.189247323677619129e-02
1.209541038345456759e-02
1.185469096739983144e-02
1.232615088925647327e-02
1.278773568209674340e-02
1.252826667870024155e-02
1.217251769489314031e-02
1.199485934445734120e-02
1.239924897240347358e-02
1.202831528944420768e-02
1.186808115994966197e-02
1.307846634989554002e-02
1.228018496252644004e-02
1.201541612204352037e-02
1.186736744807349170e-02
1.176713980642370150e-02
1.169347124749649247e-02
1.163307753897832586e-02
1.158402665434983894e-02
1.170219276118929924e-02
1.157677758498181463e-02
1.219278512191539730e-02
1.174588915257228014e-02
1.184038295760619225e-02
1.165024425570334102e-02
1.155368529953376168e-02
1.148920468192232529e-02
1.162915241645256538e-02
1.151743390200162843e-02
1.205443543659043444e-02
1.181749755993736703e-02
1.194971095157863587e-02
1.223257129863440304e-02
1.193916304518976255e-02
1.174465017414550935e-02
1.277765602594431449e-02
1.210393853613064494e-02
1.183872383673503781e-02
1.203598602506078009e-02
1.180388375448250537e-02
1.195774764071946654e-02
1.172481850800086156e-02
1.160695066401849426e-02
1.152818401238310184e-02
1.168659814058541253e-02
1.152419153440101089e-02
1.144887195497630399e-02
1.139741797250856149e-02
1.135758228729305715e-02
1.132745251871625572e-02
1.130057348625424472e-02
1.127598651576900909e-02
1.146846270270830692e-02
1.135071902694978138e-02
1.129304592393241650e-02
1.150914554744882599e-02
1.140498053225161290e-02
1.130736680916711277e-02
1.126846492937442178e-02
1.123306637598329993e-02
1.120532671540751084e-02
1.118258487856062765e-02
1.116408920294664243e-02
1.195739392289233045e-02
1.472210412442296300e-02
1.300751892201781022e-02
1.234612905582696540e-02
1.201197146175594054e-02
1.180670126372481213e-02
1.166648483672541939e-02
1.156408989703115384e-02
1.148514572460439601e-02
1.177639245366701726e-02
2.477400139836581638e-02
1.830234188727766775e-02
1.612704365765347744e-02
1.480723925726954403e-02
1.402598637423066626e-02
1.350655457438945488e-02
1.337539414810033980e-02
1.316392147803374137e-02
1.276326662171747665e-02
1.252780220745209477e-02
1.253812324332906000e-02
1.230627092723622987e-02
1.215920265898455879e-02
1.228502672638484214e-02
1.840247209330824960e-02
1.671176756020666121e-02
1.528779159667670307e-02
1.373901465978765411e-02
1.358336650311355205e-02
1.342204740337555290e-02
1.348299836642520913e-02
1.351253620616445911e-02
1.335610474405410364e-02
1.301526982196842853e-02
1.313830066162286619e-02
1.337841874997911483e-02
1.304683027194586051e-02
1.286113065525685412e-02
1.272871037615806028e-02
1.374697683220338362e-02
1.301126208454033220e-02
1.274145598613109220e-02
1.257979241239803869e-02
1.266740032661542968e-02
1.249988741550473598e-02
1.239279192206204673e-02
1.231072644605205393e-02
1.238889307922402469e-02
1.239118923076600910e-02
1.227894054112992073e-02
1.214957611479126377e-02
1.207923696619817543e-02
1.234161658227233942e-02
1.232889080210734616e-02
1.214545573795380862e-02
1.204488898933062796e-02
1.197565558489381565e-02
1.217887913273579294e-02
1.202462177680953433e-02
1.194149634386970985e-02
1.183423562817363314e-02
1.179457776994959940e-02
1.326562894083922403e-02
1.254923159185175954e-02
1.244994433515358989e-02
1.220105439743879479e-02
1.205318619544840271e-02
1.292562744492184619e-02
1.233724561503262394e-02
1.211100590865766061e-02
1.267471160695249864e-02
1.348973894746941307e-02
1.258604685842334807e-02
1.225855139897010469e-02
1.207407471410159618e-02
1.195022573214713814e-02
1.203819003690481670e-02
1.264593792332075785e-02
1.215262883279135363e-02
1.195648520022261560e-02
1.184034553159151945e-02
1.175837126240728177e-02
1.214999838700312265e-02
1.284660723263787024e-02
1.224535909105544523e-02
1.253957661763863141e-02
1.289480916620166194e-02
1.275280779765659324e-02
1.219053530483199532e-02
1.196200367550161354e-02
1.194665670268472112e-02
1.324619265191888731e-02
1.235950852796054156e-02
1.204662130160384995e-02
1.187291239642797314e-02
1.222812836835403261e-02
1.224617856751043614e-02
1.196303618441967552e-02
1.207054122795666977e-02
1.182647936161273540e-02
1.276626690251418499e-02
1.248218037115493909e-02
1.210277372483583441e-02
1.189885647562745168e-02
1.176515786056562922e-02
1.166877404019300672e-02
1.181296785391710083e-02
1.172262788836308557e-02
1.167151917359324047e-02
1.153221909287927872e-02
1.248062143562509059e-02
1.186777116673428008e-02
1.165294785353622638e-02
1.168453960196114833e-02
1.207343173841324106e-02
1.191302169736590220e-02
1.187631635457611114e-02
1.163068942673664563e-02
1.192093177394035371e-02
1.158618120954046406e-02
1.216673179611397863e-02
1.317318216480360335e-02
1.234289366619356794e-02
1.180934393934501489e-02
1.145457255791074332e-02
1.233669052141847348e-02
1.185361966885993719e-02
1.162920242992656998e-02
1.149492921464033944e-02
1.140418562070207552e-02
1.159970770526823521e-02
1.144363063138004524e-02
1.135673636870228320e-02
1.235932633412703541e-02
1.178206286486302781e-02
1.156330883742149804e-02
1.144037281406746522e-02
1.190399448893729624e-02
1.181790896626398919e-02
1.156601072930583951e-02
1.164513617631277378e-02
1.155991353477153760e-02
1.140487617823469739e-02
1.168968795119267740e-02
1.148520827537990834e-02
1.259591808876435633e-02
1.206113365447786072e-02
1.201314135904264432e-02
1.185132053655090292e-02
1.160873697014048328e-02
1.189656753249751509e-02
1.160442628456798651e-02
1.147027627806954456e-02
1.137705767777581929e-02
1.130926123298931808e-02
1.167783677448170666e-02
1.143131195313949224e-02
1.154231364595542306e-02
1.135839203517213097e-02
1.126821302295730361e-02
1.138841192216453503e-02
1.124163420208515278e-02
1.117371361049433916e-02
1.293633831510834255e-02
1.231425786482900735e-02
1.178233870953368165e-02
1.283714191015827497e-02
1.212954579209918858e-02
1.181147190987796337e-02
1.220289817119182309e-02
1.176061889716948673e-02
1.157313109976329177e-02
1.145524099668296207e-02
1.169055569329508978e-02
1.147429920236116112e-02
1.136404493133010354e-02
1.129301070193151901e-02
1.123844460258413558e-02
1.194544505143569496e-02
1.178003983987530728e-02
1.149944119775824988e-02
1.136302912811259190e-02
1.127633657881751614e-02
1.121404848056497573e-02
1.116747754412849430e-02
1.148661172871504738e-02
1.284144956364813121e-02
1.226523769576314156e-02
1.182435470302913710e-02
1.160047415266427483e-02
1.146017437719316565e-02
1.136357762755555757e-02
1.129462776199912505e-02
1.137204235034305032e-02
1.208008498622975720e-02
1.174582829780368605e-02
1.175611742898353788e-02
1.152216524029052447e-02
1.152335461881385907e-02
1.137017475534062537e-02
1.127895543439585459e-02
1.121238293269942801e-02
1.177531568277446518e-02
1.138628330339069156e-02
1.142861576095713025e-02
1.126104360071333681e-02
1.118117300785147900e-02
1.112800170051540978e-02
1.165059388872198391e-02
1.157993168691926616e-02
1.132184635068838457e-02
1.296829295811849185e-02
1.219442036485185454e-02
1.236357370246323611e-02
1.191904600616185833e-02
1.168867358757773658e-02
1.173135486347429493e-02
1.152740712641684220e-02
1.141236006065710594e-02
1.133169445360510293e-02
1.126893605841549142e-02
1.321630952000542314e-02
1.209616546529874298e-02
1.211400820503068763e-02
1.173079986387894937e-02
1.154278845765367364e-02
1.189319851989709825e-02
1.154682971127632581e-02
1.140604687862839528e-02
1.131718772186980117e-02
1.172375574820103995e-02
1.143105554080500741e-02
1.130837649098396028e-02
1.123280270303322372e-02
1.117815141324288164e-02
1.113586530272004695e-02
1.110345744873124894e-02
1.107535510982992320e-02
1.104983564547385062e-02
1.102799866619277001e-02
1.100781620082238836e-02
1.098952598037579616e-02
1.097284655184631134e-02
1.192130086911506216e-02
1.165026104061028626e-02
1.157209669498333350e-02
1.170137962595311533e-02
1.140826654800578682e-02
1.126481043260412623e-02
1.229972920386496887e-02
1.257821395846394318e-02
1.207227882840592598e-02
1.322702140529435390e-02
1.208414929092005777e-02
1.171928921161189720e-02
1.174443025898155857e-02
1.169230548466097461e-02
1.143341946838214059e-02
1.129352071413595136e-02
1.142389438948404612e-02
1.126633586374558779e-02
1.118234473997155483e-02
1.126520092518696649e-02
1.114038359276611073e-02
1.108128525878457685e-02
1.104166409718583194e-02
1.101073851461496431e-02
1.098443942161049340e-02
1.126642468017032342e-02
1.112711394665897267e-02
1.182621505930913329e-02
1.153127435851835671e-02
1.137320417503641379e-02
1.141788596074108826e-02
1.152339985700671747e-02
1.191498349081718776e-02
1.153639066858818188e-02
1.155939640786394877e-02
1.134212711905011398e-02
1.123367434673199980e-02
1.193517583004949020e-02
1.155028301245775331e-02
1.613386683065031954e-02
1.333567448155330987e-02
1.250170164996045573e-02
1.233163520925112562e-02
1.193632047657917916e-02
1.172022375569536749e-02
1.157182523514409082e-02
1.183578114481409656e-02
1.231523731572412364e-02
1.179109795445597991e-02
1.157725329739890674e-02
1.144434327861984860e-02
1.134959495446476174e-02
1.127662963299708859e-02
1.133325142713501738e-02
1.160837206200819247e-02
1.138364902524155974e-02
1.126884340615558373e-02
1.641500274792873429e-02
1.352434586986073217e-02
1.298820411752145410e-02
1.234194093883391775e-02
1.152753009442174931e-02
1.098378252456955542e-02
1.182087157034485310e-02
1.268955222702828657e-02
1.234707310680758022e-02
1.174348400271291171e-02
1.166454345423476036e-02
1.144685671726270587e-02
1.142588017625830246e-02
1.284937067829742229e-02
1.301392463628051749e-02
1.228063676466806947e-02
1.192706779921409201e-02
1.170711764655499657e-02
1.155594301889092436e-02
1.154360401142670751e-02
1.141882985132340947e-02
1.133117141127303398e-02
1.126238517682275932e-02
1.137082840559768514e-02
1.138354601647705022e-02
1.125805714810955774e-02
1.200985311879789082e-02
1.176456558857012433e-02
1.207195907322801756e-02
1.188623560234773613e-02
1.152387174494569691e-02
1.146927511457599032e-02
1.131242914139401687e-02
1.121111291947341458e-02
1.351768764240697356e-02
1.237786276554062558e-02
1.191677474793346840e-02
1.216816980928155101e-02
1.179967224033565999e-02
1.158940686145744359e-02
1.144626609126506156e-02
1.147054459283858296e-02
1.134083328443119369e-02
1.162579304150533968e-02
1.224805978416292074e-02
1.165219534864513594e-02
1.165581897400510235e-02
1.139513106373235378e-02
1.292995852800789096e-02
1.215090727791917971e-02
1.179761705801071932e-02
1.158675173082455989e-02
1.144409778632132085e-02
1.181982452385434666e-02
1.185160268299830129e-02
1.253148573249536837e-02
1.192336418730098949e-02
1.164435468721434358e-02
1.147572964718143393e-02
1.135752365498201091e-02
1.150752500974941764e-02
1.144906112230096272e-02
1.129577089480624658e-02
1.120369437060618652e-02
1.114068621990510662e-02
1.108823344366739565e-02
1.136644016320997180e-02
1.119498029151982758e-02
1.110703081887308256e-02
1.104819111824951322e-02
1.100342859466949506e-02
1.106772793053089829e-02
1.161922127303218269e-02
1.129635896902692407e-02
1.115247368149039492e-02
1.106552007137066168e-02
1.146758040807784908e-02
1.121992683382014820e-02
1.110151408032056253e-02
1.102655014838044983e-02
1.097343659039863931e-02
1.093489279108915933e-02
1.090120555093554780e-02
1.087285320282724461e-02
1.142165287910257461e-02
1.168151523571763807e-02
1.123186316736845755e-02
1.179455269427931961e-02
1.131790488065676122e-02
1.114005764244302421e-02
1.131036493396837816e-02
1.128137461768193017e-02
1.109612837768290949e-02
1.100199930041487542e-02
1.093809658787088003e-02
1.115357393706171464e-02
1.174192772977773400e-02
1.145942586450494037e-02
1.373312116899421363e-02
1.278466253658129027e-02
1.294379768275728468e-02
1.215955402361901423e-02
1.179637351384982442e-02
1.157290909595500364e-02
1.141780420272523085e-02
1.142868986973848665e-02
1.128542781821485243e-02
1.119014350968701617e-02
1.111802287020956931e-02
1.105971023049225413e-02
1.101102747768227183e-02
1.445264179575871111e-02
1.610323463061474197e-02
1.407160680837601062e-02
1.314070959190815312e-02
1.259988025001782322e-02
1.224498218294574163e-02
1.199372141272731125e-02
1.180489075037995973e-02
1.165820435662707696e-02
1.169195504645218625e-02
1.151852234580963592e-02
1.568011911991618046e-02
1.485894277339725941e-02
1.414797331797281073e-02
1.365577594591744527e-02
1.413808149309640425e-02
1.343610500354535352e-02
1.305309809165189350e-02
1.455201453071745463e-02
1.343960649498100735e-02
1.296667292614763281e-02
1.267277789226499939e-02
1.245873287676949742e-02
1.229089651468046225e-02
1.286663372774834481e-02
1.301195244575921103e-02
1.255584342170577850e-02
1.253447833865061790e-02
1.295387929632368755e-02
1.249863618476290510e-02
1.224587921635399146e-02
1.207237361705277949e-02
1.219607249896584832e-02
1.228941407462034487e-02
1.201326632608140828e-02
1.186096870536162279e-02
1.195635169719672965e-02
1.174986561398907482e-02
1.164368422161979853e-02
1.156570106331582595e-02
1.463010720091745612e-02
1.312751991898292343e-02
1.379043049039711463e-02
1.296181686309976107e-02
1.252942797759839903e-02
1.266156785756006146e-02
1.230405156310674167e-02
1.233079642401922922e-02
1.235372797045517640e-02
1.202015199769205546e-02
1.184957279691059573e-02
1.220425996524615413e-02
1.184547838152403415e-02
1.168819043431808952e-02
1.159232788379870038e-02
1.151288302861105950e-02
1.144713395857769288e-02
1.139111683095487756e-02
1.161678145949765484e-02
1.140644700114178470e-02
1.132445236140954860e-02
1.126970910086382179e-02
1.238096209460448800e-02
1.169476012019314733e-02
1.147261995604349598e-02
1.135245024131077696e-02
1.140250883652486717e-02
1.128516323699041424e-02
1.121525874084359359e-02
1.116437273268883722e-02
1.112303361676749910e-02
1.231621497185930725e-02
1.161281562174303235e-02
1.138414651369389421e-02
1.126419285769721286e-02
1.118623593682671440e-02
1.112857437111471580e-02
1.108375653855552673e-02
1.104647505613044235e-02
1.101470423406138675e-02
1.166752584260775764e-02
1.128095824734176925e-02
1.114710256675784279e-02
1.158509874706481133e-02
1.131955150890655813e-02
1.139038007324149476e-02
1.134779476666718592e-02
1.120473425825522368e-02
1.112020953000180008e-02
1.106055707391461786e-02
1.101579344503882812e-02
1.134547978436304012e-02
1.108156947027754378e-02
