-1.414652021049506506e-02
-1.381333259444861988e-02
-1.502126935928303070e-02
-1.518232584928096846e-02
-1.424620787948011925e-02
-1.408672778369507439e-02
-1.371458730167604383e-02
-1.347141469103764651e-02
-1.484573942567296752e-02
-1.432340141008385179e-02
-1.388899949257572410e-02
-1.354484401091002321e-02
-1.331651230434627124e-02
-1.315313206052375408e-02
-1.314776885181657279e-02
-1.295230767654710104e-02
-1.285538090932890690e-02
-1.277444758753999363e-02
-1.270313097643575861e-02
-1.380539218702828315e-02
-1.318969417694183452e-02
-2.784885024159694869e-02
-2.127909652447336486e-02
-1.906995944973336951e-02
-1.735629430479497526e-02
-1.631872132257458294e-02
-1.561080622907549606e-02
-1.509199605520522916e-02
-1.638932479810987011e-02
-1.613450587846144632e-02
-1.519500675896014869e-02
-1.512675855451924532e-02
-1.485582782344383942e-02
-1.436607608614474257e-02
-1.406245516864202197e-02
-1.383606234021076201e-02
-1.365410710324314186e-02
-1.367069342165351531e-02
-1.347118165631463332e-02
-1.332827579586652600e-02
-1.336274777229668094e-02
-1.317130035821486439e-02
-1.305041804560935423e-02
-1.295554570826483627e-02
-1.321921539878866993e-02
-1.298746282980718821e-02
-1.286931078803815395e-02
-1.278274527393460751e-02
-1.271247623610065325e-02
-1.276036787411142376e-02
-1.264788765779732531e-02
-1.257742004858313639e-02
-1.252281127056354380e-02
-1.247744320773445936e-02
-1.243545009402115785e-02
-1.288716534224918810e-02
-1.259959312439378094e-02
-1.298593480011084322e-02
-1.312199820603770183e-02
-1.278233646854369694e-02
-1.260781896294736228e-02
-1.353467624153368437e-02
-1.295193470498487431e-02
-1.300333442039488911e-02
-1.276549342222845808e-02
-1.266792607162403779e-02
-1.272700106692769770e-02
-1.250199419975623130e-02
-1.238924799302240989e-02
-1.230947508274668999e-02
-1.224911257849203849e-02
-1.220010830917823107e-02
-1.216077151930011410e-02
-1.257873044036605242e-02
-1.278198476789101611e-02
-1.314212696483099338e-02
-1.328389310473261122e-02
-1.270555639391392558e-02
-1.252922952769645534e-02
-1.237131294238789057e-02
-1.297721038744397738e-02
-1.257073627754921180e-02
-1.238940182769521225e-02
-1.435844692192974649e-02
-1.368364072391300285e-02
-1.336573789077337079e-02
-1.284001122740479131e-02
-1.282650987340056871e-02
-1.255023718434289393e-02
-1.240086502637358090e-02
-1.229618474818234414e-02
-1.259972399949406581e-02
-1.231397960152787359e-02
-1.219541843620419556e-02
-1.211558366508618673e-02
-1.252354514705900611e-02
-1.220407189192569686e-02
-1.234513963970499013e-02
-1.214445978285793107e-02
-1.203720984911986133e-02
-1.222396521320836225e-02
-1.203596707822381096e-02
-1.194955032672069713e-02
-1.213858928611121976e-02
-1.198119175865563525e-02
-1.190456483370204606e-02
-1.185312383712494068e-02
-1.225516832155219837e-02
-1.255419200416892436e-02
-1.227893540983885853e-02
-1.207402995528618003e-02
-1.264858293718368679e-02
-1.235913753340479003e-02
-1.224129442422677329e-02
-1.204219832531660400e-02
-1.222069868922342865e-02
-1.391400840474175081e-02
-1.266605095487775834e-02
-1.297173408484193768e-02
-1.242934603177600281e-02
-1.219640505867256725e-02
-1.206348243669668960e-02
-1.208348636954497540e-02
-1.197159721488475631e-02
-1.204811214001547635e-02
-1.191361960277616087e-02
-1.184046832529519165e-02
-1.178862862020836795e-02
-1.183747625018680485e-02
-1.174540493602659920e-02
-1.169785175787600891e-02
-1.166652686155941060e-02
-1.173340590633731827e-02
-1.167386415720212019e-02
-1.163761899916469951e-02
-1.179944672327810050e-02
-1.972146352550376708e-02
-1.664131884945166395e-02
-1.561672645210273117e-02
-1.453919784857235671e-02
-1.427224457062184135e-02
-1.368067345592850238e-02
-1.332407216620346176e-02
-1.306796547120756859e-02
-1.360912534698775073e-02
-1.314750594385026734e-02
-1.366537205669248606e-02
-1.313990971134505227e-02
-1.306715203624603770e-02
-1.349636126576011716e-02
-1.298669808399933838e-02
-1.570006298481330803e-02
-1.628876073174578484e-02
-1.414481031666448528e-02
-1.337052504676164953e-02
-1.350297484260843360e-02
-1.286274957350135723e-02
-1.261376124573390482e-02
-1.245996114023102848e-02
-1.257465397456862533e-02
-1.263495271656209749e-02
-1.241617193642159493e-02
-1.824126831153033076e-02
-1.510331141227005611e-02
-1.411940305801658718e-02
-1.608244262496795821e-02
-1.478592944277267937e-02
-1.401457494629322446e-02
-1.369061644485605571e-02
-1.332802086642753681e-02
-1.307829132595483487e-02
-1.288940123169366944e-02
-1.273963451611574010e-02
-1.277788666003027047e-02
-1.258292799446801731e-02
-1.260553542332535672e-02
-1.245311300198650127e-02
-1.235327358915176178e-02
-1.271556080748394157e-02
-1.229178809452239479e-02
-1.254879871666954132e-02
-1.256535992321643029e-02
-1.236100708146401113e-02
-1.224209357096537644e-02
-1.215859479417657173e-02
-1.209370126474049179e-02
-1.203858899364139423e-02
-1.199793119795946814e-02
-1.195764194393658143e-02
-1.273951306772908541e-02
-1.224382898292725001e-02
-1.222447000100606099e-02
-1.205023653156136847e-02
-1.195806889554580643e-02
-1.189473256575373540e-02
-1.184705139446194481e-02
-1.212867892597846442e-02
-1.213206788257879636e-02
-1.215924947742550062e-02
-1.313979183528822189e-02
-1.253476708805564832e-02
-1.225993838545851380e-02
-1.250530018090476730e-02
-1.217721560408546386e-02
-1.201872937505541264e-02
-1.208832693006008270e-02
-1.190393816537620164e-02
-1.203119148841576280e-02
-1.185262666509356334e-02
-1.190686850187107348e-02
-1.197796320310429326e-02
-1.201134703080097496e-02
-1.204105063977838064e-02
-1.339403025792657541e-02
-1.244484376832773707e-02
-1.248806085136524441e-02
-1.214279501522290416e-02
-1.196227496395723018e-02
-1.202394087101986073e-02
-1.227772156130115845e-02
-1.198400311878163732e-02
-1.184818527371658825e-02
-1.207400141221383338e-02
-1.225565370707560643e-02
-1.199389349178413278e-02
-1.185796996063588626e-02
-1.176949802598550344e-02
-1.378681449688978940e-02
-1.284018038745697934e-02
-1.285651111526844685e-02
-1.530246069312743949e-02
-1.361791894613470326e-02
-1.296773254750160226e-02
-1.261384025784843474e-02
-1.238347032761770612e-02
-1.250785225646140579e-02
-4.268450140026644468e-02
-3.027034023639135416e-02
-2.531533903168984093e-02
-2.208543715528508630e-02
-2.007373101983909308e-02
-2.538735827654219415e-02
-2.116984983494514527e-02
-1.937846678723960034e-02
-1.878416647310289858e-02
-1.750106804262454088e-02
-1.799232852084636791e-02
-1.709010331536588503e-02
-1.618684064654454108e-02
-1.565221534244282120e-02
-1.571021837722824319e-02
-1.518375537622645814e-02
-1.482346323490176324e-02
-1.458589071123930249e-02
-1.432144302326907211e-02
-1.411219615609150130e-02
-1.393809534562546505e-02
-1.378446702021172456e-02
-1.376674968372501584e-02
-1.356992834502204585e-02
-1.343294597263585029e-02
-1.332157788026626551e-02
-1.344289639426936474e-02
-1.323347926348118764e-02
-1.311649367142084938e-02
-1.302379002041818140e-02
-1.294416770027063436e-02
-1.321956556068370342e-02
-1.295373479937450903e-02
-1.293564459299428523e-02
-1.279395200383545012e-02
-1.376653784292409567e-02
-1.356186406322981187e-02
-1.311543733824623720e-02
-1.291102631758282021e-02
-1.278028513470109984e-02
-1.310266231909876407e-02
-1.296147332023661267e-02
-1.273727692270515757e-02
-1.279939262545292007e-02
-1.271020044910753377e-02
-1.257156951490039261e-02
-1.247910637051157477e-02
-1.240827497687448967e-02
-1.235110252327578650e-02
-1.244664074563665498e-02
-1.234106471830169645e-02
-1.323348029213025114e-02
-1.293271077645728392e-02
-1.255915616829293355e-02
-1.239700073728316511e-02
-1.243752196198070863e-02
-1.243617792991589394e-02
-1.228923101134389226e-02
-1.220341299815427653e-02
-1.230294364281929280e-02
-1.218709095187266514e-02
-1.461732145992050008e-02
-1.360818651426026760e-02
-1.307752351893780654e-02
-1.278822003501300583e-02
-1.253071570823167426e-02
-1.237734840279223515e-02
-1.240893070857555965e-02
-1.227440539589624846e-02
-1.218540120736392313e-02
-1.233782887432832882e-02
-1.442616178515911465e-02
-1.421944963437088427e-02
-1.345486125286146639e-02
-1.337616295199500066e-02
-1.296349227645299425e-02
-1.273079070031263305e-02
-1.256921634494208469e-02
-1.347796197720632465e-02
-1.288140077166611761e-02
-1.321025208310911032e-02
-1.280584218461089906e-02
-1.259293412925340840e-02
-1.245774745013976739e-02
-1.287055078974592807e-02
-1.248073215808610976e-02
-1.230773198124606935e-02
-1.268181461171829019e-02
-1.240884426828786462e-02
-1.222937387831089621e-02
-1.263647685750164153e-02
-1.233156318514810369e-02
-1.334729177128742526e-02
-1.497535617870312911e-02
-1.349792428297937746e-02
-1.476751017193483374e-02
-1.426742529456016643e-02
-1.376685961805815608e-02
-1.323227506151656088e-02
-1.292362838281478805e-02
-1.271909871827221414e-02
-1.256305660835452427e-02
-1.244156358223695753e-02
-1.250567313479990401e-02
-1.235510525460126532e-02
-1.267890367163638198e-02
-1.236795583956834706e-02
-1.223714471078547056e-02
-1.228814479766519342e-02
-1.248782357824794291e-02
-1.222081104247058070e-02
-1.234259352133675047e-02
-1.214399795658963402e-02
-1.327172623035118015e-02
-1.264110336787787128e-02
-1.237168262161469565e-02
-1.221456639214344754e-02
-1.231099390669965557e-02
-1.278005541478103614e-02
-1.316983190430143225e-02
-1.258765204484178953e-02
-1.268067301805248827e-02
-1.235700444271920287e-02
-1.251502552570981676e-02
-1.221594638835706535e-02
-1.207890077745730865e-02
-1.198897566989685047e-02
-1.192202990416600834e-02
-1.226438006313341003e-02
-1.250319195952737279e-02
-1.219696912486589561e-02
-1.247521121209136524e-02
-1.215201150500263075e-02
-1.312863730353935020e-02
-1.248339967507480254e-02
-1.369987648102808341e-02
-1.296022557473548373e-02
-1.259509824055530212e-02
-1.243106130519728084e-02
-1.246563886042426766e-02
-1.251324145304166108e-02
-1.225940709084267187e-02
-1.211419035952039647e-02
-1.264844509868552451e-02
-1.259526650603971960e-02
-1.227773421343894035e-02
-1.210721946272245129e-02
-1.199412824139293142e-02
-1.237846940923444453e-02
-1.261295385122574927e-02
-1.300769082707945758e-02
-1.240614617015976633e-02
-1.242396751058077661e-02
-1.212453476402929227e-02
-1.213886300600332084e-02
-1.196266175410819026e-02
-1.186083375555679366e-02
-1.256050194156011629e-02
-1.211747910705788557e-02
-1.213156483494936232e-02
-1.190196793028039032e-02
-1.195734831112798754e-02
-1.200344932574650206e-02
-1.177424091300082257e-02
-1.166984420232236586e-02
-1.160931541070393466e-02
-1.157325070727217506e-02
-1.185014699741201299e-02
-1.165491627044067460e-02
-1.166467174193572959e-02
-1.157473606159887571e-02
-1.166811528270137767e-02
-1.156179258702550762e-02
-1.184194742973461965e-02
-1.192409434516904926e-02
-1.170563489704988004e-02
-1.160273779302781021e-02
-1.242216401226020443e-02
-1.185520482398256560e-02
-1.181815581321963259e-02
-1.180138223148228388e-02
-1.185570909146342264e-02
-1.168298138639828863e-02
-1.158716416532661053e-02
-1.152758361036052004e-02
-1.148588191043444645e-02
-1.145186822342421015e-02
-1.142457857571967453e-02
-1.140117363146715343e-02
-1.138133705303698978e-02
-1.157517326383349782e-02
-1.154361776442247751e-02
-1.195446707658939442e-02
-1.167629905398902442e-02
-1.155380909511580755e-02
-1.192814019303923764e-02
-1.237101154864368550e-02
-1.192555871194037054e-02
-1.173457238970140176e-02
-1.162151766229364488e-02
-1.154513678883383083e-02
-1.148876049504504032e-02
-1.144628923964315960e-02
-1.257208008563347017e-02
-1.204261198377032382e-02
-1.181555923101638809e-02
-1.168426768837665941e-02
-1.308063043688721845e-02
-1.230025069143380646e-02
-1.199373355431571607e-02
-1.182048764291060775e-02
-1.170777060730795495e-02
-1.199143989360024892e-02
-1.400595173886828512e-02
-1.277772030606980948e-02
-1.250253500605359031e-02
-1.312035810085575988e-02
-1.255548294122543242e-02
-1.234589624486806016e-02
-1.210593770111369379e-02
-1.317265625990629574e-02
-1.241542960590671409e-02
-1.223499465667972873e-02
-1.314189024787994382e-02
-1.267425107739928239e-02
-1.225393715760430928e-02
-1.202960578462377098e-02
-1.187983786199110769e-02
-1.177015131972609062e-02
-1.168580091171735232e-02
-1.161850788352540575e-02
-1.156608975722880212e-02
-1.151901268766971839e-02
-1.638459183466771732e-02
-1.362050240146471698e-02
-1.350284554797551335e-02
-1.564448061125518763e-02
-1.449267944964120064e-02
-1.355332755858946851e-02
-1.350385819092220913e-02
-1.313343295180759845e-02
-1.279941024620576996e-02
-1.287981754424980148e-02
-1.241610752798230459e-02
-1.219036397237682409e-02
-1.205781134699202180e-02
-1.195853081875029693e-02
-1.187594682514750768e-02
-1.254603997696874737e-02
-1.233084533542424914e-02
-1.201933165833815945e-02
-1.198744990433803573e-02
-1.182282566804554284e-02
-1.184703543849533955e-02
-1.172680895944135798e-02
-1.192896581048352202e-02
-1.219686052466110136e-02
-1.200221531977342833e-02
-1.413663114179603345e-02
-1.355773141612148618e-02
-1.264540526486146801e-02
-1.226447631108171926e-02
-1.207796551938970266e-02
-1.190617818357696603e-02
-1.179075592602373684e-02
-1.170188908889985974e-02
-1.186644560272334149e-02
-1.169012285814947753e-02
-1.182694153891208737e-02
-1.165023861336426936e-02
-1.156214381347748718e-02
-1.150204425963631538e-02
-1.185376000249532130e-02
-1.165938897460015375e-02
-1.155753791410562767e-02
-1.149019693145983054e-02
-1.144008696871255844e-02
-1.139890951201463429e-02
-1.136458979510622004e-02
-1.302744888187072972e-02
-1.209299917556024354e-02
-1.179183085194387623e-02
-1.163608211262241905e-02
-1.153862445388687853e-02
-1.264193553167593936e-02
-1.203969369191660449e-02
-1.186992568473958440e-02
-1.168789316757859638e-02
-1.204320314290704443e-02
-1.198038059370955602e-02
-1.172513822150067671e-02
-1.159396467158896327e-02
-1.150860644825854422e-02
-1.331413958086881573e-02
-1.252485886145718839e-02
-1.323385570986669417e-02
-1.305333381645853649e-02
-1.507980915076864714e-02
-1.350460866056946846e-02
-1.379025424617197695e-02
-1.300218038810159460e-02
-1.283286094639525012e-02
-1.244498220867402798e-02
-1.221905777925640611e-02
-1.205811266468932372e-02
-1.193482081046626404e-02
-1.217018782581734404e-02
-1.188629142154959580e-02
-1.203599517902129157e-02
-2.070021364781864451e-02
-1.700672590863398087e-02
-1.538476291164389900e-02
-1.466223172059434414e-02
-1.431421625506813788e-02
-1.387331449067954851e-02
-1.378602654871831021e-02
-1.330672079282496818e-02
-1.300360028297751352e-02
-1.277301088806226392e-02
-1.278163494020590103e-02
-1.253317938950086752e-02
-1.237983186196306602e-02
-1.258662908842539396e-02
-1.227799875949746322e-02
-1.214078710585994939e-02
-1.204186496240341325e-02
-1.196168469031667035e-02
-1.189327223115552862e-02
-1.183564613776531479e-02
-1.197722088184909398e-02
-1.370235083744561315e-02
-1.295150968210119838e-02
-1.246514508615484060e-02
-1.221337300706476676e-02
-1.205263515793355764e-02
-1.193570239088607467e-02
-1.220140788081951373e-02
-1.245295563842393864e-02
-1.213239165227060490e-02
-1.196152483246743295e-02
-1.185074535102441894e-02
-1.176760202447069484e-02
-1.170213345661556305e-02
-1.181584616607416274e-02
-1.168766697211475088e-02
-1.162110030567676221e-02
-1.157151737872642860e-02
-1.224204097263749055e-02
-1.180923785795218173e-02
-1.187837487321075948e-02
-1.201779945791328456e-02
-1.178177128242183236e-02
-1.165685018176464659e-02
-1.193372218969998393e-02
-1.172404570990289926e-02
-1.160912204308976910e-02
-1.153597559745843382e-02
-1.148276102523252719e-02
-1.144995298484885460e-02
-1.141594512476128316e-02
-1.252545960648516511e-02
-1.186960448140734169e-02
-1.166202802381473280e-02
-1.155337417666135909e-02
-1.169810636787992075e-02
-1.153030030923187649e-02
-1.145119125194364769e-02
-1.139975348374451698e-02
-1.156200742067902722e-02
-1.142033424708133703e-02
-1.136050551503795317e-02
-1.228225968730378877e-02
-1.239620653066502050e-02
-1.198210199853132901e-02
-1.559089455572528794e-02
-1.372313372567286055e-02
-1.287199330823900201e-02
-1.262966564722840974e-02
-1.227648235641378913e-02
-1.206218998941636401e-02
-1.191110921113704840e-02
-1.179687178220386982e-02
-1.170724569831131483e-02
-1.264348562844348246e-02
-1.234786047265579514e-02
-1.241988604601083034e-02
-1.221037991351518054e-02
-1.204410255847246369e-02
-1.184695195308516427e-02
-1.218182091871847748e-02
-1.191714032711922028e-02
-1.173843790673068620e-02
-1.163053564358608981e-02
-1.155348604383362940e-02
-1.149313777657243359e-02
-1.144356649685151529e-02
-1.140381864960274272e-02
-1.224021935540238644e-02
-1.173096237609490625e-02
-1.234115629064832728e-02
-1.196859426188956813e-02
-1.183580527210924271e-02
-1.178146024076157442e-02
-1.173603205174636281e-02
-1.172693929114460021e-02
-1.184490802331998258e-02
-1.156387754502232086e-02
-1.623165917147054854e-02
-1.382971142073487376e-02
-1.292266458398740221e-02
-1.290052205005143629e-02
-1.329975800155189930e-02
-1.290368456475633752e-02
-1.275671684855717025e-02
-1.248164616966437011e-02
-1.247396144527710554e-02
-1.211673593307721446e-02
-1.229846400651738586e-02
-1.194378044982689381e-02
-1.227350809199076465e-02
-1.190528669921348502e-02
-1.173411590313198742e-02
-1.208025444926473513e-02
-1.191139375908397378e-02
-1.171067157732283252e-02
-1.159322527222655941e-02
-1.215258617530298735e-02
-1.174426979271212500e-02
-1.158555133355177770e-02
-1.149431729191724080e-02
-1.193689302860032400e-02
-1.190182039642845128e-02
-1.158950971249074133e-02
-1.164344474130382147e-02
-1.146467635082660218e-02
-1.138062058669025989e-02
-1.132302980594014977e-02
-1.128215823182376898e-02
-1.157518840873367205e-02
-1.139455144818079038e-02
-1.166006898598509652e-02
-1.182035805542087752e-02
-1.174515554748256120e-02
-1.150391174324377763e-02
-1.138723698741447680e-02
-1.131402165688920325e-02
-1.126234617446976449e-02
-1.122183597924341671e-02
-1.211752015130970403e-02
-1.167186344847350420e-02
-1.211663861378678778e-02
-1.204631559501220285e-02
-1.211675664955985665e-02
-1.192854493469719564e-02
-1.242871224039198211e-02
-1.187209785378115154e-02
-1.172894596207287032e-02
-8.749885563258562315e-02
-5.341451631921607240e-02
-4.028984716061566329e-02
-3.313182531743173731e-02
-2.873881337936872241e-02
-2.695450734743509019e-02
-2.417896184860863704e-02
-2.236110758796228809e-02
-2.133648192331218107e-02
-2.008800833016842133e-02
-1.954676388878932164e-02
-1.914112130026164940e-02
-1.813543913558407494e-02
-1.748076089925485951e-02
-1.814578089340342787e-02
-1.769070063782623645e-02
-1.778697452501148274e-02
-1.676730215004694144e-02
-1.634883321509685711e-02
-1.613671521342672013e-02
-1.565690336081918682e-02
-1.614367177448293098e-02
-1.579322608669520012e-02
-1.524163899921084260e-02
-1.497239073999800767e-02
-1.464904488997367457e-02
-1.442410456772700439e-02
-1.435712092081319405e-02
-1.414968005078031353e-02
-1.405468095141783509e-02
-1.386750195196697136e-02
-1.402437322950306556e-02
-1.372004940429858051e-02
-1.390578108695892691e-02
-1.429594193960590301e-02
-1.793524700725614499e-02
-1.542243253990025278e-02
-1.460084890427191216e-02
-1.481982517519750409e-02
-1.438717548513697604e-02
-1.397655915951953425e-02
-1.485684852512250687e-02
-1.467580189452348527e-02
-1.481322944063317645e-02
-1.413494734412487977e-02
-1.378615658153403874e-02
-1.367103340112944300e-02
-1.344521983492763355e-02
-1.355945342166581247e-02
-1.374626609591123039e-02
-1.383710831881161500e-02
-1.367332844962172028e-02
-1.324330879287174273e-02
-1.317794731177014851e-02
-1.314679396773705926e-02
-1.293794474382522174e-02
-1.484949525469634983e-02
-1.376055262805252373e-02
-1.373864176482922708e-02
-1.322215211009574246e-02
-1.298410619478822768e-02
-1.282932517746896393e-02
-1.336947636946189677e-02
-1.294209504838461471e-02
-1.274742145736127916e-02
-1.262040660182796835e-02
-1.287581472001945136e-02
-1.365307095895388831e-02
-1.301288730759409505e-02
-1.317836667902091453e-02
-1.277084183156954912e-02
-1.281095076845275606e-02
-1.400937208174296567e-02
-1.664045352066403569e-02
-1.671055992096838472e-02
-1.760144936740318244e-02
-1.548395633182712318e-02
-1.441685149509307207e-02
-1.407085226814020623e-02
-1.435137664026490088e-02
-1.430383950479647767e-02
-1.533356331352231892e-02
-1.433654962162896583e-02
-1.368373269684606576e-02
-1.326312282082487207e-02
-1.352985112383124806e-02
-1.304118523173833540e-02
-1.279302001824179046e-02
-1.409969051930595914e-02
-1.426816683169979463e-02
-1.352402292791003539e-02
-1.301501215764085811e-02
-1.275609439916486516e-02
-1.259078196215847843e-02
-1.247418780355585323e-02
-1.238088241208458798e-02
-1.230945909151501955e-02
-1.228792952168597172e-02
-1.219564766614293465e-02
-1.214676152594968903e-02
-1.210262573822636772e-02
-1.206266423092096710e-02
-1.415576192559441122e-02
-1.306463530470337864e-02
-1.389119657195391627e-02
-1.330739300403530230e-02
-1.289036190792138513e-02
-1.256115125546357694e-02
-1.354859807478765200e-02
-1.275023005637441337e-02
-1.248348508690078768e-02
-1.225058726943349142e-02
-1.265648020258992347e-02
-1.292037870705964146e-02
-1.249456872152329701e-02
-1.222425209746125577e-02
-1.221849497856060743e-02
-1.254382232491280114e-02
-1.216264274938423824e-02
-1.201213014354021898e-02
-1.192210230739179123e-02
-1.218746709025639828e-02
-1.361011969667205897e-02
-1.274813972551283245e-02
-1.239548608320868196e-02
-1.219734616596262339e-02
-1.206714419381285826e-02
-1.250435105925614722e-02
-1.392594967104239870e-02
-1.287849726389345487e-02
-1.275875105836304577e-02
-1.233867612680946378e-02
-1.241191209417552739e-02
-1.525673167025583948e-02
-1.371492003452949755e-02
-1.318185376305482451e-02
-1.273884943621370232e-02
-1.245316894807626043e-02
-1.226825351297186270e-02
-1.213906206191940791e-02
-1.203492188570588414e-02
-1.195170663367258260e-02
-1.268020156143249803e-02
-1.225164374142421499e-02
-1.204846762079958902e-02
-1.194113066365296884e-02
-1.183382240732861607e-02
-1.236895127524854920e-02
-1.202570658931795267e-02
-1.527968468313743028e-02
-1.344789420799202134e-02
-1.556349463658053198e-02
-1.397386130881909071e-02
-1.327444740660688009e-02
-1.312932474790510368e-02
-1.271781514186777658e-02
-1.281319519070783959e-02
-1.293707765492352335e-02
-1.680386895256193169e-02
-1.430580297362643062e-02
-1.344110638976477208e-02
-1.298804595539950792e-02
-1.269749664390647584e-02
-1.249128168718958293e-02
-1.263868488605564278e-02
-1.236837738112501160e-02
-1.221390031043292392e-02
-1.234228967070680194e-02
-1.214349632083772633e-02
-1.223705982118867067e-02
-1.205561897731697446e-02
-1.195224577050595094e-02
-1.201978817080640721e-02
-1.186266055094900400e-02
-1.632570539955904496e-02
-1.448200879101647562e-02
-1.399962232900745472e-02
-1.333634522866337935e-02
-1.294710385032317966e-02
-1.268293558089739204e-02
-1.260295644569684251e-02
-1.251012021074781981e-02
-1.246335310684010440e-02
-1.222179657002337404e-02
-1.210243648324569286e-02
-1.201702326488208322e-02
-1.270936059906556913e-02
-1.257001329672543383e-02
-1.224807752709395313e-02
-1.207859503170770517e-02
-1.197312542679443599e-02
-1.230456774569192897e-02
-1.198375235053431714e-02
-1.186177180983998859e-02
-1.178653603709708432e-02
-1.174474592716000763e-02
-1.176504890278603707e-02
-1.168337770189080416e-02
-1.206081061410255520e-02
-1.184377974893931380e-02
-1.174512533691335868e-02
-1.168641324727024387e-02
-1.183748708491601069e-02
-1.170356191550096271e-02
-1.163735563457107478e-02
-1.213710081304943122e-02
-1.185714197346084825e-02
-1.172561445701343977e-02
-1.164620258357428224e-02
-1.158859301151036678e-02
-1.154509460982588998e-02
-1.152204340909656483e-02
-1.184553631293459863e-02
-1.167579300917518000e-02
-1.178879965760582654e-02
-1.377590401404510737e-02
-1.266308520829737341e-02
-1.225055909386358992e-02
-1.314440090013709733e-02
-1.250671346909684213e-02
-1.221313062170559065e-02
-1.293935938028332316e-02
-1.236326359997745074e-02
-1.231010496371298668e-02
-1.205868379738239335e-02
-1.191748496640465324e-02
-1.181939610191829609e-02
-1.510791648011459119e-02
-1.324077898095034865e-02
-1.263874796956774432e-02
-1.232798736657463208e-02
-1.213303123200655358e-02
-1.220290802473537189e-02
-1.201497601123193738e-02
-1.189814518261789883e-02
-1.192861700564424622e-02
-1.181082542940153739e-02
-1.173407509061963339e-02
-1.213041605089354782e-02
-1.184322962250489858e-02
-1.172740994880961882e-02
-1.165480253532331228e-02
-1.160173098076613257e-02
-1.155943022840669188e-02
-1.180593980052638096e-02
-1.162816896488658158e-02
-1.168263333858438752e-02
-1.192615907319850496e-02
-1.206321697113129678e-02
-1.215706197147480884e-02
-1.185514319305142582e-02
-1.171437784906374617e-02
-1.357160591428082166e-02
-1.249551846689846840e-02
-1.216486163318017573e-02
-1.321588927286354055e-02
-1.242144468173982802e-02
-1.210345594530726210e-02
-1.191968136456660922e-02
-1.268696818253969155e-02
-1.215145138929100109e-02
-1.193210971311820835e-02
-1.180167689204059470e-02
-1.198144046089258397e-02
-1.174713733165159285e-02
-1.180629092102805297e-02
-1.185284903007736458e-02
-1.168450829514241542e-02
-1.260281801337758550e-02
-1.200208590732841987e-02
-1.287889413808896918e-02
-1.371901284465189275e-02
-1.302827708997690917e-02
-1.250694076719531186e-02
-1.222083817536666686e-02
-1.203143464607793998e-02
-1.201517732007139488e-02
-1.222334202762870303e-02
-1.193844575913406529e-02
-1.227967093993992224e-02
-1.247168651225706235e-02
-1.208111585319476648e-02
-1.227590022014565102e-02
-1.197416334907484489e-02
-1.228842455511582922e-02
-1.207654764186801705e-02
-1.185123121973803706e-02
-1.208133279451330949e-02
-1.182839749710050230e-02
-1.168632659978841373e-02
-1.160614873942004618e-02
-1.179276663067758794e-02
-1.165332200906758937e-02
-1.176581722129011950e-02
-1.235294022177393057e-02
-1.192201721963175205e-02
-1.195586923369546146e-02
-1.175865590317535375e-02
-1.165517487600121506e-02
-1.158380820229254309e-02
-1.152966515602759159e-02
-1.148609637596030054e-02
-1.144965857804361963e-02
-1.141923930132821355e-02
-1.139280565992165963e-02
-1.136948876179380216e-02
-1.134890558884124254e-02
-1.132959897562394250e-02
-1.131157927263598019e-02
-1.156410665356940801e-02
-1.177573204943685621e-02
-1.151176486579520708e-02
-1.203353547943636186e-02
-1.163413782835727439e-02
-1.149340915738861213e-02
-1.141484544390768650e-02
-1.136256187295826836e-02
-1.200958900190909548e-02
-1.161219952643271526e-02
-1.147409652865377140e-02
-1.200416544972330614e-02
-1.171087973678081734e-02
-1.157111564311908564e-02
-1.172653974333777091e-02
-1.151407957567409171e-02
-1.143086323197244937e-02
-1.405065208380344016e-02
-1.297060251558974225e-02
-1.270453420141211438e-02
-1.255342688800029430e-02
-1.218837929530803069e-02
-1.299634793273342012e-02
-1.316421568900028906e-02
-1.224175533419297017e-02
-1.196378994079761934e-02
-1.348330404512340132e-02
-1.260247667766111780e-02
-1.528627927287742362e-02
-1.374972405933316648e-02
-1.341897063540691860e-02
-1.279353867835828461e-02
-1.246705432586727585e-02
-1.239185174143284107e-02
-1.227431041159519377e-02
-1.205608082866405951e-02
-1.208801960894811262e-02
-1.192251391082763817e-02
-1.181445263094950057e-02
-1.173274263705056594e-02
-1.167124028383837060e-02
-1.188148502616682284e-02
-1.168183312073427065e-02
-1.161042681661530150e-02
-1.221789567390442824e-02
-1.242367079715012146e-02
-1.204658425795772023e-02
-1.175560045727097429e-02
-1.168435303980834734e-02
-1.334637533625322031e-02
-1.247976324692965169e-02
-1.208508853830430642e-02
-1.188832738648768449e-02
-1.175778163114685713e-02
-1.231360103207267652e-02
-1.291227847701120236e-02
-1.220429996320580510e-02
-1.193792755429289899e-02
-1.178402354761611676e-02
-1.167977190546180301e-02
-1.160256371112806592e-02
-1.193265425509616381e-02
-1.171197200029088469e-02
-1.196230858440516971e-02
-1.162091988632053818e-02
-1.150927914555848960e-02
-1.157595300109185397e-02
-1.156491720006980368e-02
-1.144025469018306908e-02
-1.140197960189252326e-02
-1.130899229613297093e-02
-1.349424852679088384e-02
-1.259377161146254739e-02
-1.219196089056462373e-02
-1.196057175482025461e-02
-1.197975235769982612e-02
-1.178987821441562778e-02
-1.709557533287764039e-02
-1.458762629673847518e-02
-1.503496533276671432e-02
-1.373808154540442396e-02
-1.381746277810317475e-02
-1.307519220868389245e-02
-1.276215596107578738e-02
-1.249106809640188574e-02
-1.229675232513521149e-02
-1.211714367696038394e-02
-1.209747660582112701e-02
-1.191155094366865182e-02
-1.184279625518669041e-02
-1.310768966632063978e-02
-1.382044207621035276e-02
-1.274761708359481611e-02
-1.230183386172158631e-02
-1.207369273030377624e-02
-1.189650214241733638e-02
-1.180359087908582245e-02
-1.173346247069517213e-02
-1.164541386193583029e-02
-1.159408748826245422e-02
-1.184704781281391457e-02
-1.165867589986117545e-02
-1.157278344772791692e-02
-1.151583895026755087e-02
-1.147249873862648054e-02
-1.143953156425947700e-02
-1.141117725460048977e-02
-1.190210377554980388e-02
-1.183853463701121933e-02
-1.176054440705028188e-02
-1.171857530727895419e-02
-1.212299330312741237e-02
-1.236349384355039244e-02
-1.177295258047613043e-02
-1.159039239054232388e-02
-1.149082746372712474e-02
-1.162576457549232244e-02
-1.154384186888676549e-02
-1.173794840935407646e-02
-1.154808206198786914e-02
-1.167508703858119445e-02
-1.172382907303408731e-02
-1.305537073580007902e-02
-1.214226619626058122e-02
-1.215825090226325955e-02
-1.183576662995902522e-02
-1.235872461236780379e-02
-1.225203759618892496e-02
-1.259257288804016030e-02
-1.251669812590205412e-02
-1.198620950809487808e-02
-1.175468849502983061e-02
-1.162492401836284599e-02
-1.154080088522051878e-02
-1.147849357363240654e-02
-1.143130509324634045e-02
-1.139605047112783945e-02
-1.170442495530675878e-02
-1.152652530155390612e-02
-1.144191891139442231e-02
-1.138797295241039675e-02
-1.134857168825290953e-02
-1.173017987152597322e-02
-1.268749304286037778e-02
-1.212137739625104675e-02
-1.187267375669162281e-02
-1.169076063450667433e-02
-1.157506538863687338e-02
-1.149302848868373993e-02
-1.143174484992143421e-02
-1.138284221634807900e-02
-1.149615609734767202e-02
-1.141955695131132223e-02
-1.137058410794788282e-02
-1.133269434801510191e-02
-1.130188836816997666e-02
-1.170281723803474547e-02
-1.174422273455509591e-02
-1.151939483613192289e-02
-1.165257579614602766e-02
-1.330782376633580719e-02
-1.261192856233761712e-02
-1.208436920605276445e-02
-1.182532598277388075e-02
-1.178404057464387499e-02
-1.170021873361961132e-02
-1.155039840528819702e-02
-1.145704299036704940e-02
-1.139838696803401573e-02
-1.190462367400222342e-02
-1.143243207856139455e-02
-1.131727015559807516e-02
-1.159727989245163196e-02
-1.244920523917478726e-02
-1.235816290408425604e-02
-1.206289512400739693e-02
-1.171521877022476711e-02
-1.332460614823976520e-02
-2.029057823824567328e-02
-1.553965045867857289e-02
-1.476122993221509402e-02
-1.579532608307709224e-02
-1.490768962386945611e-02
-1.394207266337071406e-02
-1.516499769891446053e-02
-1.395022670014331445e-02
-1.334523179674528166e-02
-1.295426951320062872e-02
-1.338040063829413866e-02
-1.267661576092654445e-02
-1.235956209250564826e-02
-1.499931593628089053e-02
-1.526409952530560603e-02
-1.395312423816418880e-02
-1.379030159633313005e-02
-1.357051430816348658e-02
-1.303734045014503032e-02
-1.272298802100404330e-02
-1.250388942771687821e-02
-1.272478171678687042e-02
-1.277290843860351237e-02
-1.297359726507778949e-02
-1.247904101213191674e-02
-1.225852558181735920e-02
-1.261578652414849927e-02
-1.227619671371649700e-02
-1.209961281231831769e-02
-1.197904411513198500e-02
-1.202975226345279203e-02
-1.342276498555129184e-02
-1.253709056710450645e-02
-1.236453031333694351e-02
-1.210763849662976725e-02
-1.195127551532233073e-02
-1.184119028140425377e-02
-1.175837330584060363e-02
-1.169242138046324223e-02
-1.163724094957905957e-02
-1.196237920006587574e-02
-1.173890324590903290e-02
-1.198497148687872708e-02
-1.177316841534109537e-02
-1.166472993087243337e-02
-1.159338878815089485e-02
-1.181585691572731300e-02
-1.163683024573138047e-02
-1.154875399908824804e-02
-1.149129154875126561e-02
-1.144762623433404763e-02
-1.162074634917055135e-02
-1.177041296453826442e-02
-1.233337959459655797e-02
-2.210051458985031261e-02
-1.621601266172864597e-02
-1.438877812081612063e-02
-1.373412680392169759e-02
-1.543201756376958410e-02
-1.402378327496153591e-02
-1.346646804777908678e-02
-1.389414516360726846e-02
-1.839315383409089941e-02
-1.595773263198740216e-02
-1.476271285047793536e-02
-1.423574041722401769e-02
-1.364910774742910879e-02
-1.327153484755613962e-02
-1.299352662441716731e-02
-1.277495880700901115e-02
-1.285657582945406649e-02
-1.258814895854233791e-02
-1.240750161414119063e-02
-1.227181018148565741e-02
-1.215975717563114178e-02
-1.206531040825414153e-02
-1.198422275784615486e-02
-1.191240415842751386e-02
-1.184964155607303241e-02
-1.310899587916859559e-02
-1.247899306091543488e-02
-1.242958556825435150e-02
-1.216145909607111233e-02
-1.200570125547669939e-02
-1.189637497751014697e-02
-1.194779457137567537e-02
-1.278901608497958094e-02
-1.219228855179952699e-02
-1.364002288301310699e-02
-1.417309643371876364e-02
-1.315257621355482402e-02
-1.294013078673621892e-02
-1.276573012340562023e-02
-1.238334583429096837e-02
-1.216190709349048923e-02
-1.220693874619376527e-02
-1.200707245999948179e-02
-1.200304517393051794e-02
-1.221644955745920108e-02
-1.202517324145859975e-02
-1.183407851837088576e-02
-1.174336523501276139e-02
-1.167450131271090090e-02
-1.176712830741465099e-02
-1.228491121766112602e-02
-1.192127780962947553e-02
-1.258886292431333001e-02
-1.209378556608095914e-02
-1.187506017571386685e-02
-1.199921026021500033e-02
-1.193817188004429181e-02
-1.188634875739839371e-02
-1.171994291188691896e-02
-1.185085240844967712e-02
-1.163841615598475848e-02
-1.154356163830140385e-02
-1.167620659281218623e-02
-1.174722455729689842e-02
-1.158488479152548246e-02
-1.189710131250586167e-02
-1.185217132539587506e-02
-1.160198711469807333e-02
-1.186430543469650482e-02
-1.159262514327438591e-02
-1.147784057863384007e-02
-1.140610249470829299e-02
-1.135629516914530429e-02
-1.143038257389697790e-02
-1.148598039744938917e-02
-1.136947753090097185e-02
-1.130746238846089095e-02
-1.126486718412200889e-02
-1.123270545360030223e-02
-1.203910718303302825e-02
-1.153347046889769377e-02
-1.138317638408964036e-02
-1.172447047989206778e-02
-1.148863720453450164e-02
-1.137750038139001899e-02
-1.130880128643651714e-02
-1.188128046279597443e-02
-1.201075839050081556e-02
-1.265178772443499751e-02
-1.199098529558621264e-02
-1.174704371414610031e-02
-1.253224781942145587e-02
-1.189606536764183618e-02
-1.166294988231851570e-02
-1.152844140209982084e-02
-1.143600723772654482e-02
-1.136738308821024987e-02
-1.131434599697491404e-02
-1.174914927951930740e-02
-1.149126689133448190e-02
-1.137967159722315554e-02
-1.131120790850430671e-02
-1.126091830688556901e-02
-1.153940328381316757e-02
-1.135775672569293987e-02
-1.156260503632648533e-02
-1.200848636545837067e-02
-1.204958221243801302e-02
-1.159043755212892969e-02
-1.169639301107308453e-02
-1.144857314291739848e-02
-1.132569794553913399e-02
-1.124955090827215072e-02
-1.119488542526228363e-02
-1.115327797144142000e-02
-2.312340008559614357e-02
-1.804948511861784871e-02
-1.581581583922157114e-02
-1.464299790719688840e-02
-1.447708683518770384e-02
-1.365208589094065415e-02
-1.370799839611145515e-02
-1.328559498541636436e-02
-1.287596278558382663e-02
-1.261379674031827026e-02
-1.252074555489360308e-02
-1.405623563638732677e-02
-1.306300962693959615e-02
-1.256746094995135968e-02
-1.230971437146318077e-02
-1.213845227323454533e-02
-1.200983579241584817e-02
-1.190912560271349327e-02
-1.182511323723412985e-02
-1.175593931608286298e-02
-1.169638149864083050e-02
-1.164392214897967508e-02
-1.159663165875410122e-02
-1.155416224970371407e-02
-1.151551329880671007e-02
-1.148025480514580643e-02
-1.144887852983049632e-02
-1.830446609253400317e-02
-1.420989302303378443e-02
-1.313058830530562313e-02
-1.261672652626116310e-02
-1.246965638583639319e-02
-1.241679470769380643e-02
-1.210635432156431483e-02
-1.194437478539136892e-02
-1.182984083490016061e-02
-1.174197628786336628e-02
-1.201188009920904458e-02
-1.296751568682738033e-02
-1.471256257151965473e-02
-1.297454939757265377e-02
-2.119967364218705921e-02
-1.572216065691227002e-02
-1.437370775362837791e-02
-1.356338864921043975e-02
-1.308165986043643980e-02
-1.275796116514628376e-02
-1.252372005943988911e-02
-1.264520248421236760e-02
-1.233011747186949815e-02
-1.277424212752864552e-02
-1.395595501504897848e-02
-1.324803529823995012e-02
-1.409971098250265183e-02
-1.314222532320330483e-02
-1.736890634049786941e-02
-1.526015569520748801e-02
-1.449681743806948038e-02
-1.371104255422039668e-02
-1.324929736247399889e-02
-1.321279764796311033e-02
-2.205983679012344864e-02
-1.810407503774153631e-02
-1.662160928228687343e-02
-1.593780706386548063e-02
-1.495346504619674347e-02
-1.529188185530924726e-02
-1.455589171604685858e-02
-1.390892136277675946e-02
-1.386677374159536562e-02
-1.346508986482815654e-02
-1.348068922516226092e-02
-1.400748582421004751e-02
-1.328087034715129747e-02
-1.297746827796359033e-02
-1.277705064734710287e-02
-1.262676453106894615e-02
-1.251170947481885544e-02
-1.240880661928914393e-02
-1.232005811989339734e-02
-1.224294213475180491e-02
-1.254227604248115552e-02
-1.242605929948715007e-02
-1.223891630164199509e-02
-1.232107368209650090e-02
-1.240449433635624175e-02
-1.218590580111220643e-02
-1.206164651873422970e-02
-1.197387104084190849e-02
-1.190504427093838462e-02
-1.201520113717016204e-02
-1.189537909985840733e-02
-1.194427239826919077e-02
-1.183255375347252135e-02
-1.208239437054362854e-02
-1.222857328548916482e-02
-1.197265043589420229e-02
-1.184520386462941874e-02
-1.176251063600783353e-02
-1.189247323677621732e-02
-1.209541038345475668e-02
-1.185469096739977767e-02
-1.232615088925617317e-02
-1.278773568209661850e-02
-1.252826667870021726e-02
-1.217251769489312296e-02
-1.199485934445716599e-02
-1.239924897240333133e-02
-1.202831528944412094e-02
-1.186808115994945206e-02
-1.307846634989544982e-02
-1.228018496252625963e-02
-1.201541612204320118e-02
-1.186736744807338241e-02
-1.176713980642356099e-02
-1.169347124749623573e-02
-1.163307753897835188e-02
-1.158402665434990660e-02
-1.170219276118933567e-02
-1.157677758498172962e-02
-1.219278512191538169e-02
-1.174588915257222810e-02
-1.184038295760636572e-02
-1.165024425570349020e-02
-1.155368529953373045e-02
-1.148920468192227845e-02
-1.162915241645249252e-02
-1.151743390200161976e-02
-1.205443543659054373e-02
-1.181749755993731672e-02
-1.194971095157855781e-02
-1.223257129863423998e-02
-1.193916304518967929e-02
-1.174465017414550068e-02
-1.277765602594435612e-02
-1.210393853613051310e-02
-1.183872383673521822e-02
-1.203598602506077836e-02
-1.180388375448242731e-02
-1.195774764071913174e-02
-1.172481850800073840e-02
-1.160695066401832252e-02
-1.152818401238317296e-02
-1.168659814058519396e-02
-1.152419153440083395e-02
-1.144887195497637684e-02
-1.139741797250845394e-02
-1.135758228729282296e-02
-1.132745251871608572e-02
-1.130057348625431932e-02
-1.127598651576911144e-02
-1.146846270270810049e-02
-1.135071902694967209e-02
-1.129304592393240263e-02
-1.150914554744885548e-02
-1.140498053225164933e-02
-1.130736680916718910e-02
-1.126846492937460913e-02
-1.123306637598337626e-02
-1.120532671540746747e-02
-1.118258487856072826e-02
-1.116408920294688356e-02
-1.195739392289244842e-02
-1.472210412442291790e-02
-1.300751892201787614e-02
-1.234612905582682489e-02
-1.201197146175606370e-02
-1.180670126372468549e-02
-1.166648483672516438e-02
-1.156408989703095261e-02
-1.148514572460431621e-02
-1.177639245366675358e-02
-2.477400139836618762e-02
-1.830234188727800776e-02
-1.612704365765373765e-02
-1.480723925726952321e-02
-1.402598637423076167e-02
-1.350655457438943233e-02
-1.337539414810043001e-02
-1.316392147803385065e-02
-1.276326662171749053e-02
-1.252780220745212773e-02
-1.253812324332908429e-02
-1.230627092723607895e-02
-1.215920265898444604e-02
-1.228502672638491673e-02
-1.840247209330849593e-02
-1.671176756020714346e-02
-1.528779159667652959e-02
-1.373901465978764370e-02
-1.358336650311368562e-02
-1.342204740337571076e-02
-1.348299836642543811e-02
-1.351253620616475401e-02
-1.335610474405426844e-02
-1.301526982196872344e-02
-1.313830066162310385e-02
-1.337841874997913738e-02
-1.304683027194567663e-02
-1.286113065525678126e-02
-1.272871037615822681e-02
-1.374697683220351893e-02
-1.301126208454029751e-02
-1.274145598613093261e-02
-1.257979241239783920e-02
-1.266740032661524927e-02
-1.249988741550465791e-02
-1.239279192206214908e-02
-1.231072644605197934e-02
-1.238889307922398826e-02
-1.239118923076582349e-02
-1.227894054112977328e-02
-1.214957611479124122e-02
-1.207923696619787532e-02
-1.234161658227200635e-02
-1.232889080210741728e-02
-1.214545573795378433e-02
-1.204488898933058980e-02
-1.197565558489386943e-02
-1.217887913273567151e-02
-1.202462177680952218e-02
-1.194149634386954331e-02
-1.183423562817369906e-02
-1.179457776994952481e-02
-1.326562894083914944e-02
-1.254923159185169362e-02
-1.244994433515339213e-02
-1.220105439743879479e-02
-1.205318619544838016e-02
-1.292562744492157384e-02
-1.233724561503257364e-02
-1.211100590865770397e-02
-1.267471160695248997e-02
-1.348973894746922572e-02
-1.258604685842321450e-02
-1.225855139896985489e-02
-1.207407471410142964e-02
-1.195022573214694385e-02
-1.203819003690480456e-02
-1.264593792332079775e-02
-1.215262883279130679e-02
-1.195648520022266764e-02
-1.184034553159193578e-02
-1.175837126240726616e-02
-1.214999838700317122e-02
-1.284660723263812178e-02
-1.224535909105545564e-02
-1.253957661763881355e-02
-1.289480916620185623e-02
-1.275280779765679620e-02
-1.219053530483211849e-02
-1.196200367550146783e-02
-1.194665670268475755e-02
-1.324619265191900180e-02
-1.235950852796055890e-02
-1.204662130160381699e-02
-1.187291239642779446e-02
-1.222812836835390424e-02
-1.224617856751027307e-02
-1.196303618441976226e-02
-1.207054122795633150e-02
-1.182647936161261223e-02
-1.276626690251433417e-02
-1.248218037115451755e-02
-1.210277372483540073e-02
-1.189885647562741525e-02
-1.176515786056541758e-02
-1.166877404019292519e-02
-1.181296785391709216e-02
-1.172262788836306475e-02
-1.167151917359322139e-02
-1.153221909287928740e-02
-1.248062143562477661e-02
-1.186777116673430783e-02
-1.165294785353612056e-02
-1.168453960196120731e-02
-1.207343173841307453e-02
-1.191302169736584669e-02
-1.187631635457606430e-02
-1.163068942673667859e-02
-1.192093177394024615e-02
-1.158618120954036865e-02
-1.216673179611408272e-02
-1.317318216480356172e-02
-1.234289366619336498e-02
-1.180934393934471825e-02
-1.145457255791055597e-02
-1.233669052141838501e-02
-1.185361966885992852e-02
-1.162920242992637049e-02
-1.149492921464017985e-02
-1.140418562070192980e-02
-1.159970770526798367e-02
-1.144363063138000187e-02
-1.135673636870218779e-02
-1.235932633412695214e-02
-1.178206286486281791e-02
-1.156330883742143559e-02
-1.144037281406746175e-02
-1.190399448893719563e-02
-1.181790896626413664e-02
-1.156601072930583084e-02
-1.164513617631269572e-02
-1.155991353477136066e-02
-1.140487617823458810e-02
-1.168968795119259413e-02
-1.148520827537968109e-02
-1.259591808876443786e-02
-1.206113365447777572e-02
-1.201314135904253851e-02
-1.185132053655087170e-02
-1.160873697014035144e-02
-1.189656753249739886e-02
-1.160442628456813223e-02
-1.147027627806950986e-02
-1.137705767777577072e-02
-1.130926123298924696e-02
-1.167783677448170666e-02
-1.143131195313957030e-02
-1.154231364595547510e-02
-1.135839203517228016e-02
-1.126821302295710411e-02
-1.138841192216437891e-02
-1.124163420208491165e-02
-1.117371361049421426e-02
-1.293633831510834775e-02
-1.231425786482901602e-02
-1.178233870953353073e-02
-1.283714191015807374e-02
-1.212954579209907582e-02
-1.181147190987772398e-02
-1.220289817119166696e-02
-1.176061889716936010e-02
-1.157313109976329350e-02
-1.145524099668288401e-02
-1.169055569329522683e-02
-1.147429920236122357e-02
-1.136404493133014344e-02
-1.129301070193143054e-02
-1.123844460258393435e-02
-1.194544505143560476e-02
-1.178003983987542351e-02
-1.149944119775825856e-02
-1.136302912811256935e-02
-1.127633657881755430e-02
-1.121404848056510237e-02
-1.116747754412853420e-02
-1.148661172871501615e-02
-1.284144956364834979e-02
-1.226523769576314329e-02
-1.182435470302917874e-02
-1.160047415266433554e-02
-1.146017437719302687e-02
-1.136357762755533553e-02
-1.129462776199906086e-02
-1.137204235034308328e-02
-1.208008498622978148e-02
-1.174582829780349870e-02
-1.175611742898346676e-02
-1.152216524029033712e-02
-1.152335461881368386e-02
-1.137017475534045884e-02
-1.127895543439583377e-02
-1.121238293269957546e-02
-1.177531568277423966e-02
-1.138628330339049033e-02
-1.142861576095688045e-02
-1.126104360071306619e-02
-1.118117300785122920e-02
-1.112800170051511314e-02
-1.165059388872187636e-02
-1.157993168691907188e-02
-1.132184635068815386e-02
-1.296829295811831838e-02
-1.219442036485173311e-02
-1.236357370246330203e-02
-1.191904600616189649e-02
-1.168867358757776954e-02
-1.173135486347416830e-02
-1.152740712641688731e-02
-1.141236006065713543e-02
-1.133169445360492598e-02
-1.126893605841551571e-02
-1.321630952000540059e-02
-1.209616546529899452e-02
-1.211400820503056967e-02
-1.173079986387876028e-02
-1.154278845765373436e-02
-1.189319851989736193e-02
-1.154682971127635703e-02
-1.140604687862828426e-02
-1.131718772186997984e-02
-1.172375574820111802e-02
-1.143105554080497618e-02
-1.130837649098398977e-02
-1.123280270303327749e-02
-1.117815141324260061e-02
-1.113586530271999664e-02
-1.110345744873118476e-02
-1.107535510982991973e-02
-1.104983564547376215e-02
-1.102799866619286022e-02
-1.100781620082246989e-02
-1.098952598037591932e-02
-1.097284655184639982e-02
-1.192130086911543339e-02
-1.165026104061026198e-02
-1.157209669498352085e-02
-1.170137962595305635e-02
-1.140826654800573131e-02
-1.126481043260398919e-02
-1.229972920386484571e-02
-1.257821395846371246e-02
-1.207227882840576118e-02
-1.322702140529428451e-02
-1.208414929091991379e-02
-1.171928921161155546e-02
-1.174443025898132438e-02
-1.169230548466061205e-02
-1.143341946838203824e-02
-1.129352071413560962e-02
-1.142389438948384663e-02
-1.126633586374535534e-02
-1.118234473997143340e-02
-1.126520092518670454e-02
-1.114038359276577420e-02
-1.108128525878439297e-02
-1.104166409718550755e-02
-1.101073851461476308e-02
-1.098443942161046738e-02
-1.126642468017006668e-02
-1.112711394665872981e-02
-1.182621505930890951e-02
-1.153127435851821272e-02
-1.137320417503654042e-02
-1.141788596074098765e-02
-1.152339985700668971e-02
-1.191498349081722766e-02
-1.153639066858813851e-02
-1.155939640786372673e-02
-1.134212711905012091e-02
-1.123367434673211603e-02
-1.193517583004957347e-02
-1.155028301245767525e-02
-1.613386683065022933e-02
-1.333567448155320925e-02
-1.250170164996016083e-02
-1.233163520925095735e-02
-1.193632047657906814e-02
-1.172022375569520269e-02
-1.157182523514397113e-02
-1.183578114481405839e-02
-1.231523731572415487e-02
-1.179109795445595563e-02
-1.157725329739877837e-02
-1.144434327861979135e-02
-1.134959495446499420e-02
-1.127662963299707471e-02
-1.133325142713498095e-02
-1.160837206200817512e-02
-1.138364902524152678e-02
-1.126884340615535648e-02
-1.641500274792877939e-02
-1.352434586986048411e-02
-1.298820411752130317e-02
-1.234194093883400449e-02
-1.152753009442164696e-02
-1.098378252456960399e-02
-1.182087157034478545e-02
-1.268955222702817728e-02
-1.234707310680727491e-02
-1.174348400271283364e-02
-1.166454345423465974e-02
-1.144685671726245607e-02
-1.142588017625825736e-02
-1.284937067829720718e-02
-1.301392463628007340e-02
-1.228063676466769651e-02
-1.192706779921398272e-02
-1.170711764655509891e-02
-1.155594301889094691e-02
-1.154360401142665894e-02
-1.141882985132334355e-02
-1.133117141127296806e-02
-1.126238517682253554e-02
-1.137082840559772504e-02
-1.138354601647695481e-02
-1.125805714810941896e-02
-1.200985311879782490e-02
-1.176456558856970973e-02
-1.207195907322792389e-02
-1.188623560234769103e-02
-1.152387174494554772e-02
-1.146927511457590011e-02
-1.131242914139378962e-02
-1.121111291947331397e-02
-1.351768764240683304e-02
-1.237786276554061343e-02
-1.191677474793326023e-02
-1.216816980928159958e-02
-1.179967224033548652e-02
-1.158940686145742104e-02
-1.144626609126517952e-02
-1.147054459283857603e-02
-1.134083328443123186e-02
-1.162579304150544376e-02
-1.224805978416313758e-02
-1.165219534864516543e-02
-1.165581897400515439e-02
-1.139513106373242490e-02
-1.292995852800787708e-02
-1.215090727791892124e-02
-1.179761705801078871e-02
-1.158675173082450958e-02
-1.144409778632134861e-02
-1.181982452385428942e-02
-1.185160268299816945e-02
-1.253148573249528511e-02
-1.192336418730087153e-02
-1.164435468721427766e-02
-1.147572964718138362e-02
-1.135752365498194673e-02
-1.150752500974938468e-02
-1.144906112230098527e-02
-1.129577089480624311e-02
-1.120369437060626111e-02
-1.114068621990515519e-02
-1.108823344366734361e-02
-1.136644016320991803e-02
-1.119498029151972177e-02
-1.110703081887295419e-02
-1.104819111824939006e-02
-1.100342859466946557e-02
-1.106772793053091390e-02
-1.161922127303217575e-02
-1.129635896902701775e-02
-1.115247368149041574e-02
-1.106552007137045351e-02
-1.146758040807736856e-02
-1.121992683382010483e-02
-1.110151408032048620e-02
-1.102655014838057473e-02
-1.097343659039854390e-02
-1.093489279108891821e-02
-1.090120555093525463e-02
-1.087285320282722033e-02
-1.142165287910241328e-02
-1.168151523571729807e-02
-1.123186316736831183e-02
-1.179455269427906114e-02
-1.131790488065654611e-02
-1.114005764244282819e-02
-1.131036493396835561e-02
-1.128137461768193191e-02
-1.109612837768298582e-02
-1.100199930041491012e-02
-1.093809658787101013e-02
-1.115357393706158627e-02
-1.174192772977776002e-02
-1.145942586450507047e-02
-1.373312116899434200e-02
-1.278466253658151579e-02
-1.294379768275738529e-02
-1.215955402361895352e-02
-1.179637351384985912e-02
-1.157290909595523089e-02
-1.141780420272531585e-02
-1.142868986973866186e-02
-1.128542781821497039e-02
-1.119014350968705954e-02
-1.111802287020973064e-02
-1.105971023049248485e-02
-1.101102747768223193e-02
-1.445264179575859315e-02
-1.610323463061519647e-02
-1.407160680837630552e-02
-1.314070959190829016e-02
-1.259988025001804873e-02
-1.224498218294570694e-02
-1.199372141272718462e-02
-1.180489075037964575e-02
-1.165820435662693298e-02
-1.169195504645230421e-02
-1.151852234580982674e-02
-1.568011911991653781e-02
-1.485894277339705818e-02
-1.414797331797282808e-02
-1.365577594591750252e-02
-1.413808149309637822e-02
-1.343610500354548362e-02
-1.305309809165183625e-02
-1.455201453071740085e-02
-1.343960649498084428e-02
-1.296667292614764842e-02
-1.267277789226486755e-02
-1.245873287676935517e-02
-1.229089651468043103e-02
-1.286663372774828236e-02
-1.301195244575886062e-02
-1.255584342170561196e-02
-1.253447833865056066e-02
-1.295387929632356785e-02
-1.249863618476263274e-02
-1.224587921635370003e-02
-1.207237361705249153e-02
-1.219607249896557249e-02
-1.228941407462016272e-02
-1.201326632608128685e-02
-1.186096870536131227e-02
-1.195635169719659607e-02
-1.174986561398902625e-02
-1.164368422161986272e-02
-1.156570106331566636e-02
-1.463010720091707621e-02
-1.312751991898266149e-02
-1.379043049039668269e-02
-1.296181686309977842e-02
-1.252942797759840077e-02
-1.266156785755995391e-02
-1.230405156310672085e-02
-1.233079642401916677e-02
-1.235372797045504283e-02
-1.202015199769189586e-02
-1.184957279691031644e-02
-1.220425996524573953e-02
-1.184547838152388149e-02
-1.168819043431799931e-02
-1.159232788379860150e-02
-1.151288302861091378e-02
-1.144713395857747951e-02
-1.139111683095462256e-02
-1.161678145949753341e-02
-1.140644700114176215e-02
-1.132445236140949656e-02
-1.126970910086407159e-02
-1.238096209460431626e-02
-1.169476012019326182e-02
-1.147261995604355669e-02
-1.135245024131088104e-02
-1.140250883652501462e-02
-1.128516323699042118e-02
-1.121525874084367165e-02
-1.116437273268872446e-02
-1.112303361676752166e-02
-1.231621497185939745e-02
-1.161281562174288316e-02
-1.138414651369355421e-02
-1.126419285769704980e-02
-1.118623593682681328e-02
-1.112857437111465682e-02
-1.108375653855558571e-02
-1.104647505613039378e-02
-1.101470423406118379e-02
-1.166752584260760152e-02
-1.128095824734175016e-02
-1.114710256675770401e-02
-1.158509874706471592e-02
-1.131955150890640374e-02
-1.139038007324109925e-02
-1.134779476666678173e-02
-1.120473425825502765e-02
-1.112020953000158324e-02
-1.106055707391439234e-02
-1.101579344503886802e-02
-1.134547978436290482e-02
-1.108156947027755419e-02
