0.000000000000000000e+00
0.000000000000000000e+00
0.000000000000000000e+00
0.000000000000000000e+00
0.000000000000000000e+00
0.000000000000000000e+00
0.000000000000000000e+00
0.000000000000000000e+00
0.000000000000000000e+00
0.000000000000000000e+00
4.178436263306192444e+00
3.394456121303790930e+00
2.761178850403704033e+00
2.248978654145735945e+00
1.834080143627543791e+00
1.497423883631839647e+00
1.223732333348154455e+00
1.000807714112907920e+00
8.188948282356104391e-01
6.702093738128825917e-01
5.485340996066356833e-01
4.488866898930575222e-01
4.631943157749867646e-01
3.063762673976778705e-01
4.223026468499831432e-01
7.682767452420478094e-01
6.913890266574034271e-01
6.384698554641290436e-01
4.460186420828300413e-01
4.200505410946738793e-01
2.437306291744514297e-01
1.779004011213249914e-01
8.450023760340094614e-02
7.615788840841095086e-02
4.813603021029136397e-02
2.279511383712142306e-02
1.960110108106222562e-02
1.540441667518293797e-02
2.774056859957926141e-02
2.420152446053806111e-02
8.458668771295460576e-03
0.000000000000000000e+00
0.000000000000000000e+00
0.000000000000000000e+00
0.000000000000000000e+00
0.000000000000000000e+00
0.000000000000000000e+00
0.000000000000000000e+00
0.000000000000000000e+00
0.000000000000000000e+00
0.000000000000000000e+00
