4.546107149607080816e-03
4.276996564066732481e-03
5.043040570351113062e-03
5.242944352292560825e-03
4.349050058262583264e-03
4.211838323967731848e-03
3.968385220172085046e-03
3.815367136702358265e-03
4.960437423783217552e-03
4.334861384336575335e-03
4.005839176709789784e-03
3.787510775957709554e-03
3.646221947268737679e-03
3.540291730510704542e-03
4.660084173094935188e-03
3.795456719310069411e-03
3.670818285807524520e-03
3.512660452990109747e-03
3.412045585044724307e-03
4.166170746611890657e-03
3.646352878171646786e-03
1.622894904666982718e-02
9.350074966549326572e-03
7.441181911327574873e-03
6.166953696191453636e-03
5.443541386039023322e-03
4.967820307066673699e-03
4.627285871896528145e-03
5.544889156876184680e-03
5.280245057609918823e-03
4.585246320340518288e-03
4.537970188441859017e-03
4.405128088212576475e-03
4.195267538792194807e-03
3.908598037125628200e-03
3.861133516674306303e-03
3.678445937066304999e-03
3.661218522384448570e-03
3.530886169930016680e-03
3.441254993065951881e-03
3.491127644773777457e-03
3.358136948743559256e-03
3.283361424641764292e-03
3.225224483933994066e-03
3.573352925040687838e-03
3.287930658862754391e-03
3.185772428386686277e-03
3.119982141405487890e-03
3.069222514567762888e-03
3.427413927397215260e-03
3.239756875512474904e-03
3.108966421195328515e-03
3.034682425921181922e-03
2.981642851079087907e-03
2.938754085049494376e-03
3.238272202872656547e-03
3.005260813749896943e-03
3.290893133892618810e-03
3.358541683798091978e-03
3.083369311599809190e-03
2.969667297494805319e-03
3.628771275008494963e-03
3.115469376827949537e-03
3.286554344691559708e-03
3.099353099626812446e-03
3.010689229778610622e-03
3.160386168656032554e-03
2.926207215359794347e-03
2.844059243252029107e-03
2.791279159154534846e-03
2.751499282334066415e-03
2.717323645121061827e-03
3.442644473585636331e-03
3.294694452051257459e-03
3.179611204580256537e-03
3.805729273901472566e-03
3.551879787799002222e-03
2.982654565719148991e-03
2.896613797870843318e-03
2.790650218567916358e-03
3.210751791048909506e-03
2.882880381184148907e-03
2.768800244392936091e-03
4.951528109028973529e-03
3.618027407205893359e-03
3.406363450655538853e-03
3.021710694962896626e-03
3.021876749655122863e-03
2.841733745965382280e-03
2.753209669180886002e-03
2.692945324776313456e-03
2.877171962634491199e-03
2.707622475532881542e-03
2.640063117030025212e-03
2.596003848324651784e-03
2.987884675910180803e-03
2.640325104160762271e-03
2.755329661904094840e-03
2.831292613274588674e-03
2.616486716203783244e-03
2.825850043514849252e-03
2.607763110889439913e-03
2.539936707449964946e-03
2.649098207343548918e-03
2.534489483579568329e-03
3.240857101765906231e-03
2.786670226740694135e-03
3.069793294545842058e-03
3.094003858762438448e-03
2.827307647434535495e-03
2.673473195969715277e-03
3.231733358956608449e-03
2.867983725664412405e-03
2.732139803573382930e-03
2.602918787966169815e-03
2.817456144898267296e-03
6.231469575940311832e-03
3.383719620189112182e-03
3.538809092881854083e-03
2.990967022883026395e-03
2.797758509821032195e-03
2.784202343544745113e-03
2.700143710118799601e-03
2.601237736837343044e-03
2.638373422908922138e-03
2.534146617952495305e-03
2.483261802417915595e-03
2.445992474655681211e-03
2.489164197748920410e-03
2.426922330604443321e-03
2.483394943915809977e-03
2.400656555970582650e-03
2.660711728305065627e-03
2.477718403776904554e-03
2.396861734723693474e-03
2.494416884261861818e-03
8.368626925730669741e-03
5.631883069846990025e-03
4.919330010973062273e-03
4.031532250326752380e-03
3.882368565282325913e-03
3.453418945247689349e-03
3.231983620042211489e-03
3.075954332760913110e-03
3.667050814509041200e-03
3.111573261087130070e-03
3.430187800783770797e-03
3.070362048393331100e-03
3.638280872209724830e-03
3.993928565392315319e-03
3.450040496871852394e-03
6.368745937375049418e-03
7.317074168569835842e-03
4.492854611007647374e-03
5.767479964945943297e-03
5.068710449479501938e-03
3.914708231550819567e-03
3.586910388127629440e-03
3.386290356456767014e-03
3.367061969238357294e-03
3.336348441669698475e-03
3.143836058781999346e-03
8.787278044960652318e-03
4.936358722156633169e-03
4.208137199929114745e-03
6.420936285988188344e-03
4.790368412560036190e-03
4.113292615760722956e-03
3.953537993490008166e-03
3.609414153940168797e-03
3.405788246658076213e-03
3.258760582887631260e-03
3.145571608907159287e-03
3.182814858500480296e-03
3.041234799722062308e-03
5.353489854409015231e-03
3.704086547615535047e-03
3.380911946280494400e-03
4.041595938917662625e-03
3.299295788284969683e-03
3.289639689355567439e-03
3.192976635415952207e-03
3.010675700163052953e-03
2.902304822581313476e-03
2.824953746381544516e-03
2.763951799789591927e-03
2.713097931256383457e-03
2.670080517891114131e-03
2.761298182927595084e-03
3.321908555430445279e-03
2.782834921311726651e-03
2.842503268880130097e-03
2.670459329165100152e-03
2.599530380534368409e-03
2.552378039612878628e-03
2.516026412027375526e-03
2.679256117348148211e-03
2.650409197319582386e-03
2.669172958618781615e-03
3.311515884872962348e-03
2.914079653819803394e-03
2.722765194549018209e-03
3.168156624664747543e-03
2.750806711959312423e-03
2.622173635724268145e-03
2.750969246346945257e-03
2.556375654100630918e-03
2.648595913004407002e-03
2.494364420517332977e-03
2.588677146195160744e-03
2.583366468148047372e-03
2.589637872604658338e-03
2.734988418612724174e-03
4.046057772487831987e-03
2.854283650957544372e-03
2.938118283426363522e-03
2.667362944659952637e-03
2.547936171923453983e-03
2.737809439740515171e-03
2.762134075717444324e-03
2.742207439477631781e-03
2.500039101769914885e-03
2.603672348745766224e-03
2.685039546318121993e-03
2.505977156588762734e-03
2.424536828551080315e-03
2.372975406886863002e-03
4.299676777436767412e-03
3.036375897044091363e-03
3.142784268423902492e-03
5.131271955372189095e-03
3.510113700940891736e-03
3.099227057614697273e-03
2.848400417255353163e-03
2.698318103141312662e-03
3.013458169054098520e-03
4.066145057697224258e-02
2.241756995493952506e-02
1.561671398460830716e-02
1.195305496617842488e-02
9.804115425145356819e-03
2.005917070529951440e-02
1.252170426511642169e-02
9.661449898543826922e-03
9.073841444287810559e-03
7.442022775695370310e-03
7.872076526436096525e-03
7.235816699485320309e-03
6.108180700430025992e-03
5.608087301775135577e-03
5.784956461758187195e-03
5.238234994401447936e-03
4.907397875235364193e-03
5.980381713329032019e-03
4.761193520500883215e-03
4.457013161079347897e-03
4.254135077684413624e-03
4.093863048446425359e-03
4.065061059999828044e-03
3.882422940221755010e-03
3.763013594688620345e-03
3.711332694750185245e-03
3.766036456753766703e-03
3.612431167893093674e-03
3.489955447115201947e-03
3.403432812230941865e-03
3.331441994928121750e-03
3.564247218258994199e-03
3.290475652826241586e-03
3.324639428097255021e-03
3.205844186320387298e-03
3.831548461464523003e-03
3.748115237843597895e-03
3.326065020927569151e-03
3.245315732260444907e-03
3.121935695465139632e-03
3.423565354995952281e-03
3.192552293661433688e-03
3.037301361888737356e-03
3.063317627768408734e-03
3.086186768896942521e-03
3.072849735386273470e-03
2.916072998273855094e-03
2.848503733166009733e-03
2.800589929170317974e-03
2.840632469863506662e-03
2.917470388812215196e-03
3.898502366640034609e-03
3.193216400147681072e-03
2.877033607111138900e-03
2.773085965052575833e-03
3.088171027523831970e-03
2.930299306134094995e-03
2.788960486966046530e-03
2.891067348627450895e-03
2.828609080466613131e-03
2.708655786464780803e-03
4.751520002844894855e-03
3.719318504983336500e-03
3.174790451284779762e-03
2.999767633840366883e-03
3.004156183144683894e-03
2.791980636708617583e-03
2.772186056737697274e-03
2.675551520298462705e-03
2.615775016813885225e-03
2.702390694801460116e-03
4.090582916568572501e-03
3.842216733284631661e-03
3.279615535168623874e-03
3.328886297151567326e-03
3.110256719279316275e-03
2.922322722649071426e-03
2.787869636603036889e-03
4.404139413342093683e-03
3.237124618988786087e-03
3.300915794979847762e-03
2.966662866244957394e-03
2.812103594139917211e-03
2.712875151435679109e-03
3.046010699800103753e-03
2.747892410921729846e-03
2.641120612740419007e-03
3.360640282795652155e-03
2.943603892213822720e-03
2.737284904027276634e-03
2.964583151133743776e-03
2.694257283448762540e-03
3.429697714961519022e-03
5.459655538655840308e-03
3.493867018746230589e-03
4.239331066557532751e-03
3.780599657784555929e-03
3.472258169845580510e-03
3.166868134600330648e-03
2.948024659419247115e-03
2.815611301307821557e-03
2.721535632984519587e-03
2.873128142226152263e-03
2.733879691606757364e-03
2.955667474268652492e-03
3.008552697295576155e-03
2.641858150794299323e-03
2.546188693063498962e-03
2.559098760672847729e-03
2.817517682727365379e-03
2.546420100229988999e-03
2.629865897611064797e-03
2.460861589025015780e-03
3.268164493015352119e-03
2.745770025764036545e-03
2.575142203210497790e-03
2.742693596889212142e-03
2.634926270183109934e-03
3.289715698021833824e-03
3.309177351555789640e-03
2.814821929378997275e-03
2.858197211479145215e-03
2.617540804616203757e-03
4.031232695200595052e-03
2.826772324436851481e-03
2.610152603905726339e-03
2.502325567863226182e-03
2.432408087274896564e-03
2.730187461114444610e-03
2.792707320194608416e-03
2.562123022710731651e-03
2.824041212845331428e-03
2.523164415260519162e-03
3.228427454617086891e-03
2.675800045739570865e-03
3.935051284553046230e-03
3.140402344337738481e-03
2.820402312890915499e-03
2.721072264260169463e-03
2.700016134186124413e-03
2.442477451332574281e-02
6.512061525530188355e-03
4.639312136210741941e-03
4.412166401408320997e-03
3.871344382267959128e-03
3.423082934392405931e-03
3.259987659177599872e-03
3.024991271100394181e-03
3.202852143547060045e-03
3.262046613516172110e-03
3.686209571273957580e-03
3.026555962951583273e-03
3.231495182011008722e-03
2.849407543120502113e-03
2.801163816837270309e-03
2.654610361945916337e-03
2.778387908137249646e-03
3.254879489400509286e-03
2.765643008129572891e-03
2.758931107192157117e-03
2.758011021448638321e-03
2.637870679152578418e-03
2.700051442576117001e-03
2.497449331481164676e-03
2.623161030737503410e-03
2.413566042968808001e-03
2.355492392942994378e-03
2.547682634568361297e-03
6.047192777066105751e-03
3.944578624327356974e-03
3.291044568806633652e-03
3.059549806342085933e-03
3.090108620391925163e-03
2.964246036417346377e-03
2.862885643684903031e-03
2.650221939787156429e-03
2.542599456375826440e-03
3.366578476732438527e-03
2.508944244740568888e-03
2.468775360336232950e-03
2.493391540578814101e-03
2.465410578557320886e-03
2.348659587307150732e-03
2.287588122074742363e-03
2.245656333867709908e-03
2.212834081747675798e-03
2.186454254122413652e-03
2.163527435619135974e-03
2.143541428622697340e-03
2.126462319614178410e-03
2.367382809696682005e-03
2.251281339548888514e-03
2.488164023652461674e-03
2.272480615301796392e-03
2.193709511720024277e-03
2.417327882682225853e-03
2.704185612675642000e-03
2.354128274129185534e-03
2.245035221112013073e-03
2.183778340761664480e-03
2.142184033584834668e-03
2.111657953279155991e-03
2.087047010243327748e-03
2.829306740381246944e-03
2.407699150733961027e-03
2.329650466379676148e-03
2.217690237651039065e-03
3.258352546014609778e-03
2.556876914006242681e-03
2.356051305626028457e-03
2.253746166054791493e-03
2.189464078288158849e-03
2.475654681769300612e-03
6.623998617190570218e-03
5.267313758510788063e-03
3.858227354251380498e-03
3.820847834095606865e-03
3.232266158778152650e-03
2.990137952136806380e-03
2.767979382232732283e-03
4.159981855277542460e-03
2.870656553875850642e-03
2.726593164428086843e-03
3.277984298053515742e-03
2.935577076427285919e-03
2.632025057772829565e-03
2.495987887629327103e-03
2.406404815499690354e-03
2.339763809586853632e-03
2.370003049158023005e-03
2.275250382752498027e-03
2.226975998908703545e-03
2.189349600489735783e-03
7.393356857116294839e-03
3.538487428085325317e-03
3.613278330814569898e-03
4.999741287961275739e-03
3.999001503991398386e-03
3.302075359487214971e-03
3.522137893120427712e-03
3.208997831231120285e-03
2.865909043673172535e-03
3.077207462695955974e-03
2.721725800915721690e-03
4.933629448258466076e-03
4.262502057498431841e-03
3.418451271662262432e-03
3.177854823488536398e-03
3.715721628597885937e-03
3.071983941669571665e-03
2.767764716506990273e-03
2.934784200534725288e-03
2.666077901477710392e-03
2.605853356542068427e-03
2.490763545473218682e-03
2.632976302826954898e-03
2.766450033722503681e-03
2.592900953771128895e-03
4.546247870372006894e-03
4.542634477925705343e-03
3.444223566514100984e-03
2.846666977644508618e-03
2.855978668871634197e-03
2.559443128632742266e-03
2.449354667813857106e-03
2.374259940939123150e-03
2.467879330508860377e-03
2.326511082034930355e-03
2.417840082030864399e-03
2.274570545609515965e-03
2.218819329417607688e-03
2.179222440317190885e-03
2.375887466104383526e-03
2.325385171738283876e-03
2.218776951511934777e-03
2.248067804157717706e-03
2.155478682455943054e-03
2.114802725347671945e-03
2.085738884672595772e-03
3.561383087537513693e-03
2.497421193242611252e-03
2.288002380930071258e-03
2.238605492455669407e-03
2.157049681411201195e-03
4.183161946160705684e-03
2.554862930753107591e-03
2.367956426561279408e-03
2.391170201647088104e-03
2.503094315314939502e-03
2.440860433530375653e-03
3.667904199961811718e-01
1.832188041994030070e-01
1.203794961237318467e-01
9.014051603382906841e-02
7.203938511559708491e-02
5.949304754790817745e-02
5.110337337947442465e-02
4.568826465442397955e-02
4.097967555587796878e-02
3.639611218335816328e-02
3.230011219147989332e-02
2.980002672739752792e-02
2.680472380008023375e-02
2.460786992281261895e-02
2.279201465242247301e-02
2.124533543350801482e-02
2.035638623386852239e-02
1.879807682984750705e-02
1.788031167369865185e-02
2.708042550788640132e-02
2.066211840516555057e-02
1.821394015322556556e-02
1.694401926613083031e-02
1.594301169537097607e-02
1.501034613583429080e-02
1.437040339900912296e-02
1.357596767387370638e-02
1.295222245901348802e-02
1.240915959814442408e-02
1.221289115107919432e-02
1.157789503854059557e-02
1.114893440058726919e-02
1.125299629835686648e-02
1.055813165068010540e-02
1.018029451265574196e-02
9.864771480046358176e-03
9.579548344676672850e-03
9.316851402750063460e-03
9.072596195375863537e-03
9.056763889735319067e-03
1.009248615581813738e-02
9.268096870836253776e-03
8.717492681265641419e-03
8.462868633086970127e-03
8.377625518818305680e-03
7.992440366637298607e-03
8.052263962005123607e-03
8.277635466586285434e-03
7.843272473459755867e-03
7.546013435810563705e-03
7.329598936409820013e-03
7.150717923205054082e-03
6.992814186303282671e-03
6.952415449876397403e-03
6.757600762702455771e-03
6.619634549408643688e-03
6.496069822783319923e-03
7.037607421716798178e-03
6.492505798463365715e-03
6.431539601758433887e-03
6.408532475883222355e-03
6.273667255278427869e-03
6.074561153809316001e-03
6.173386206629393608e-03
5.960203242794560353e-03
5.823882826980736338e-03
5.715414676799494310e-03
5.620308401154614809e-03
5.534257934939471220e-03
5.453761416962058309e-03
6.417712280519904076e-03
5.592317421693306437e-03
5.402443826721508788e-03
5.286422651576972755e-03
5.346425392298657236e-03
5.177346019248985423e-03
5.136918875407041861e-03
5.038038081698481205e-03
5.111769974561947150e-03
4.940078905562016523e-03
4.861084943269981980e-03
5.417409123092233221e-03
5.358837303118908421e-03
5.101088072691037367e-03
1.014782199640822981e-02
6.032534365962686357e-03
5.407102670208448203e-03
5.231539872202596066e-03
4.984015090212451718e-03
4.836998402751146141e-03
4.726054309277084343e-03
4.636445132893326875e-03
4.559592986349128574e-03
5.169508991154158489e-03
4.850491677861146732e-03
4.885270031224577328e-03
4.700604605285743989e-03
4.580083574867545478e-03
4.446450268011098786e-03
5.021484023633278164e-03
4.432350451494829202e-03
4.305989909617669031e-03
4.227637200273728392e-03
4.166327623734059245e-03
4.114163858076105504e-03
4.067393036735126102e-03
4.024260130808469081e-03
5.124901168465223825e-03
4.317638434671869190e-03
4.715700181253791243e-03
4.314043845915840024e-03
4.189852613120356555e-03
4.125546797812239784e-03
4.129293175483815873e-03
4.149502336677517687e-03
4.380476390377726140e-03
3.942926976629720914e-03
8.451487040725432290e-03
5.483221946853171318e-03
4.813656450734384203e-03
4.699387045127343017e-03
4.992235731365876963e-03
4.663116046291022367e-03
4.510311833535148376e-03
4.285650321421257888e-03
4.293366965409567242e-03
4.020553158732862419e-03
4.531224354830356432e-03
4.158172897396311685e-03
4.239591799260099096e-03
3.922019111340293435e-03
3.799459466925915289e-03
4.196728528404734294e-03
3.886404825767351620e-03
3.831562536485730568e-03
3.686736148306865406e-03
4.129699228296379761e-03
3.724098414762573150e-03
3.611965819007857161e-03
3.542971436143158709e-03
3.850483642189611849e-03
3.894074902906475254e-03
3.552517756750668901e-03
3.562659999750465278e-03
3.506583135719775878e-03
3.418616499256236368e-03
3.529617807004040934e-03
3.369923383011921153e-03
3.511067060574718079e-03
3.367940709276183615e-03
3.641030659379609902e-03
3.641537654790894928e-03
3.538551166568718476e-03
3.350855205761744254e-03
3.277603112848152724e-03
3.433158692284667916e-03
3.257895484243582534e-03
3.201599590957742662e-03
3.756487399620119742e-03
3.392785684513505498e-03
4.318309577895720203e-03
3.662223281250179870e-03
4.225367833864256996e-03
3.824121375013660520e-03
4.198985776168906621e-03
3.636118453259956727e-03
3.562581717357380523e-03
8.124038960294162337e-02
3.771058815144542886e-02
2.575181965750321031e-02
1.911446382650102555e-02
1.543158066344987693e-02
1.457780150876549115e-02
1.183536366135506598e-02
1.056283614476214404e-02
9.727775039856402170e-03
8.776810011925238048e-03
8.333493725943002736e-03
8.233091871252854257e-03
7.332482866538462055e-03
6.889688622969862911e-03
7.468115828704457483e-03
6.936716671457447692e-03
7.073389570735550205e-03
6.265597793458775600e-03
5.992414448335759737e-03
5.856273308302120326e-03
5.536698644946098750e-03
6.094523845235177983e-03
5.866111465434126378e-03
5.290851451518602082e-03
5.203155428486557973e-03
4.943722694940708498e-03
4.788268142576159250e-03
4.722197109434020032e-03
4.586464549722930537e-03
4.543541615020698331e-03
4.420221164049727147e-03
4.604859504025041531e-03
4.669598384228505414e-03
5.019111059337359390e-03
5.322166256699177242e-03
9.247049616575395148e-03
5.664778533803148039e-03
4.982456859653242379e-03
5.623158221520254893e-03
4.876860661460438728e-03
4.535889934792681176e-03
5.306823807431482361e-03
5.057710881121562849e-03
4.991391247742391242e-03
4.491218028922105976e-03
4.265252414976336906e-03
4.179164907282055877e-03
4.078130053434794906e-03
4.200629577707119984e-03
4.340794484651547443e-03
4.509071006276925073e-03
4.885483107360311973e-03
4.150453074189520107e-03
4.102791429934979708e-03
4.007819208040786993e-03
3.830110442900590186e-03
5.304357250939843553e-03
4.257958777556955510e-03
4.589422136907574806e-03
3.947722952228094849e-03
3.775084264109140105e-03
3.665469362473848872e-03
4.041999795896505064e-03
3.698648336560087218e-03
3.573008860927172348e-03
3.574284407418804044e-03
3.678659659806644139e-03
4.411261246299668683e-03
3.893599013486923142e-03
3.996969872951509212e-03
3.644171579858236816e-03
3.609206763530501197e-03
4.946674999393574704e-03
1.238521483352747130e-02
1.354182958320339879e-02
1.363274964567346738e-02
9.575390960448484229e-03
8.650890346953349352e-03
7.782798243333333144e-03
7.198375336403502189e-03
7.698417094327441625e-03
8.354925893987417973e-03
7.127524752900068344e-03
7.239269030300211558e-03
5.836936939541087326e-03
6.746918846929794711e-03
5.399931074271259457e-03
5.026613487231258032e-03
6.473125810464446135e-03
6.389796430838626598e-03
5.811062778916276615e-03
5.366086174738113682e-03
4.798760620220186845e-03
4.792415533054726617e-03
4.474753125437820438e-03
4.418294559826010763e-03
4.163358969140138616e-03
4.500932409664071786e-03
4.023901373088120161e-03
3.884996650999887613e-03
3.783941997878668018e-03
3.755293606659688456e-03
6.970649036790316222e-03
4.963583117369012657e-03
5.233938048980032315e-03
4.656935853029857755e-03
4.412526356786732919e-03
4.070656579705365929e-03
6.571444649653090941e-03
4.820072977283383457e-03
4.583382987241874616e-03
4.073489331697453808e-03
5.163160246517226742e-03
4.747909596113032878e-03
4.190433661531462774e-03
3.916067407071484666e-03
3.842094670740991286e-03
4.487656854677032729e-03
3.958607240957685500e-03
3.709822018229438564e-03
3.570713247368735837e-03
3.717000278592191669e-03
4.882357963743488155e-03
4.176124484021759981e-03
3.792759982013373544e-03
3.603633367073313769e-03
3.478950668180175870e-03
3.755098423200891114e-03
5.670025344740089318e-03
3.837023588987044636e-03
3.822867545687202648e-03
3.534340107793347997e-03
3.546206392453788315e-03
6.872257344706656119e-03
5.869577847823930807e-03
4.855386158364451490e-03
4.255756898491476828e-03
4.079067503076580850e-03
3.751821586664406960e-03
3.916134939684074411e-03
3.527872893585049744e-03
3.397985749070146257e-03
4.346280872299726483e-03
5.229625863258358792e-03
4.157478352458755799e-03
3.913780403293405132e-03
3.599884358542146737e-03
3.849210863251228357e-03
3.555490225491690116e-03
6.427205895105124640e-03
4.362065793603048768e-03
6.597776227757369029e-03
4.864880831540960467e-03
4.244062415944941519e-03
4.175588249979452979e-03
3.788274788267550954e-03
3.902598701163737058e-03
9.375309417808545820e-02
3.033330622119947279e-02
1.774834691018915486e-02
1.349277634789901835e-02
1.062683779931532582e-02
9.041760771106221659e-03
7.925982032197782454e-03
7.327678839833156807e-03
6.617930658528180937e-03
6.120085135761125367e-03
5.900363999658276778e-03
5.752756636185301850e-03
5.482035636032691478e-03
5.091741553627768951e-03
4.845185806004825499e-03
4.777243945436750183e-03
4.531530738544346099e-03
7.747285576784048930e-03
6.001135943650104561e-03
5.783152652307978203e-03
5.106094411044590983e-03
4.751309625864257556e-03
4.507136927727111407e-03
4.623054791297282612e-03
4.472609748798415420e-03
4.391048285877224497e-03
4.178296865751466790e-03
4.300730175654542131e-03
3.923184724645125722e-03
4.493634481295796443e-03
4.174678378800576219e-03
3.986985560070346185e-03
3.797909055595165978e-03
3.677370608410822275e-03
4.537704738873902209e-03
3.986616192223147240e-03
3.712687354196636536e-03
3.554381749550860736e-03
3.467506253340700822e-03
3.483369624356547848e-03
3.374168889784110847e-03
4.003203147716058452e-03
3.583411234381314158e-03
3.423843022493728433e-03
3.327698022138668096e-03
3.380697667670150720e-03
3.253535325023328671e-03
3.185967291746500708e-03
3.540719466393324466e-03
3.294038130497971804e-03
3.186929867109605276e-03
3.118294926950029508e-03
3.066701402787772989e-03
3.241929990831663409e-03
3.033437444626856539e-03
3.183366281377469909e-03
3.045420034998768712e-03
3.115769502445551748e-03
4.684370350677264337e-03
3.599778464885535975e-03
3.299843455906854156e-03
3.897561096246660289e-03
3.392971482573458458e-03
3.201161077911745308e-03
3.807074686906319286e-03
3.283604398109141436e-03
3.246243335372656948e-03
3.072400148395416485e-03
2.985898247015307799e-03
2.925485773320594864e-03
7.168988572362884788e-03
4.135625447885630038e-03
3.560562110649535296e-03
3.300559406657189044e-03
3.148126513818222567e-03
3.158739750958705194e-03
3.025491050326165055e-03
2.945991642985971992e-03
2.951324633023700694e-03
2.872066182312432887e-03
2.821196965726221854e-03
3.136756673818038351e-03
2.901928397952113336e-03
2.805677631521637412e-03
2.751670142047541595e-03
2.713666637301511472e-03
2.682033475492931821e-03
2.850128460282407190e-03
2.701860321482721025e-03
2.726821184787265283e-03
2.858303935188745860e-03
3.042450046084432640e-03
3.011836128778877259e-03
2.782004660888443611e-03
2.693944566190868261e-03
4.268794981213767589e-03
3.098286156467952752e-03
2.974334635217807960e-03
3.843041496795132541e-03
3.120421127760310536e-03
2.904904297825786422e-03
2.897643439552059341e-03
3.408423763434401468e-03
2.921186270006829924e-03
2.775157071794520300e-03
2.694516720737628965e-03
3.012859751174963487e-03
2.648940283552716699e-03
2.703727660926801956e-03
2.727617601042153436e-03
2.613121153195579853e-03
3.534304304455533098e-03
2.820875678457070504e-03
3.550639634892208650e-03
4.023401913100174698e-03
3.471462055044604537e-03
3.097323663129014724e-03
2.916498237744933122e-03
4.455703693928781718e-03
3.508289265626603551e-03
3.506601667288950040e-03
3.107306893196073311e-03
3.215983933517978146e-03
3.283715466166205015e-03
2.961530429459162221e-03
3.228310771296252855e-03
2.919594476513917049e-03
3.155261652880497845e-03
2.970021667414990234e-03
2.792118722100051745e-03
2.914896275841314787e-03
2.728540563371061392e-03
2.652251072208995728e-03
2.596622479020183581e-03
2.687073275662435912e-03
2.643735474743238133e-03
2.640932395543010153e-03
3.115092277375787564e-03
2.696778540071216850e-03
2.716250610255582960e-03
2.578323772456249559e-03
2.516453364965276843e-03
2.474874518431759932e-03
2.442305368369064936e-03
2.414538055026560492e-03
2.392281297134073864e-03
2.371036673450082136e-03
2.353473230977851452e-03
2.336083326714863146e-03
2.321156898296878723e-03
2.306490862027525332e-03
2.293430391182374635e-03
2.431978306373966132e-03
2.671870461588176336e-03
2.380549597423433240e-03
2.849529431658378263e-03
2.443475192817090060e-03
2.357593286287749425e-03
2.313418204419602150e-03
2.284259797579031755e-03
2.813872806476809194e-03
2.413138779035091646e-03
2.326508094849553693e-03
2.641144102818163922e-03
2.438360224660916700e-03
2.354776562788270678e-03
2.632406752917334711e-03
2.318876305388751710e-03
2.272725347465755566e-03
5.774580103868735305e-03
4.151518733807850296e-03
3.603985919572435213e-03
3.537577450068867240e-03
3.253446035329620855e-03
3.752577680456132408e-03
4.688494248069483873e-03
3.404725262331341051e-03
3.034939935058498465e-03
4.071279643979413762e-03
3.265760073918952920e-03
5.611352778400757052e-03
4.116536012598583268e-03
4.080608960423648922e-03
3.364970037949641807e-03
3.115833449174505027e-03
3.691249568408812819e-03
3.286424641861743472e-03
2.964379997678782096e-03
2.902969042667408271e-03
2.762847018469400187e-03
2.672825543111121815e-03
2.605680704274384446e-03
2.551969295481597809e-03
2.785988978006565583e-03
2.558185950425889178e-03
2.604319188635343361e-03
3.162577455108244243e-03
3.132785410967667359e-03
3.099292922339209368e-03
2.864715683725227793e-03
2.756919130529513016e-03
3.931750073625062125e-03
3.241918796204688435e-03
2.970427142838607572e-03
2.715532503957598411e-03
2.601693545275991001e-03
2.966112718612886560e-03
3.427503556624029567e-03
2.810340629740156870e-03
2.631296306342636570e-03
2.533756373531491617e-03
2.467029328542324779e-03
2.416390470136074633e-03
2.681942635417397611e-03
2.484853230689567684e-03
3.296149096787597422e-03
2.575099309687074126e-03
2.445174038264682267e-03
2.491240580129669164e-03
2.506885759785534330e-03
2.387303319603856742e-03
2.464731417058920772e-03
2.317262961274008798e-03
3.966147435230794709e-03
3.166446015510229230e-03
2.915399714770967616e-03
2.685304203177697226e-03
2.707617792221798415e-03
2.536736920804818184e-03
7.081898096793773183e-03
4.257622717308588364e-03
4.583090626070830328e-03
3.497301365281612652e-03
3.698466332675420278e-03
3.049623744113021638e-03
3.106571751093187023e-03
2.789302849089783307e-03
2.934463011865365897e-03
2.634847165695074472e-03
2.814550672740934872e-03
2.522265808120070091e-03
2.900855709634517308e-03
3.630147355301019309e-03
4.546443465811503791e-03
3.359656597405898549e-03
2.948857717852664071e-03
2.895183893936705433e-03
2.660991371477346417e-03
2.611398708969064463e-03
2.769868969566010360e-03
2.542804402495580339e-03
2.451241572290608836e-03
2.591482679543772802e-03
2.423998994720402526e-03
2.355901092801593755e-03
2.309643839409827350e-03
2.273925457496192397e-03
2.413919465536634463e-03
2.260479882654408898e-03
2.654162679110822539e-03
2.557402006137196072e-03
2.441847885070136566e-03
2.421397193462285300e-03
2.873233101362196625e-03
3.453350557385870961e-03
2.474331465178202568e-03
2.335154992634563397e-03
2.263608984736686577e-03
2.340865701247808652e-03
2.384117513723698397e-03
2.427312058022101059e-03
2.261035226118287070e-03
2.507615496106271446e-03
2.422986453328897661e-03
3.690948282460924327e-03
2.648554873442221340e-03
2.619099929232740834e-03
2.456852069649431442e-03
3.740798472799143626e-03
3.186995915027017890e-03
3.567561530124586499e-03
3.058166312400619445e-03
2.599454034542435059e-03
2.437345703834942201e-03
2.340480166098235677e-03
2.266944313108641782e-03
2.222323508969202728e-03
2.181711794312204793e-03
2.148546612016885831e-03
3.519023315347416612e-03
2.596158886034955360e-03
2.373894032897626554e-03
2.266393082505944144e-03
2.199314446295807558e-03
2.384414048155229868e-03
3.875267095161837125e-03
3.354032582300041365e-03
2.919301991994778002e-03
2.592837965926503892e-03
2.442758825125571336e-03
2.346126112075030707e-03
2.442273181874598728e-03
2.263672143539597302e-03
2.422644463171329254e-03
2.266407624888051690e-03
2.197060943560269659e-03
2.151160948800903781e-03
2.115976676368782478e-03
2.620634160085399521e-03
2.330128795427085196e-03
2.177272588453195955e-03
2.604793503933598622e-03
3.636850421261350521e-03
3.008538259303705515e-03
2.556189250939711229e-03
2.373954782155550565e-03
2.425178942461297862e-03
2.325696543573322565e-03
2.218212779330399481e-03
2.207763573648377671e-03
2.137836620496566184e-03
2.614041375120757047e-03
2.152094780818495159e-03
2.073372129384119713e-03
2.217569436930607978e-03
2.917531480641581340e-03
3.030350382741625950e-03
2.515613213720172513e-03
2.275731280071838572e-03
3.481826772156254232e-03
1.215509802242125195e-02
5.487176488369910343e-03
5.158930829639645117e-03
6.053617880194467511e-03
5.206131318777808097e-03
8.892823567122277312e-03
7.401740941763072443e-03
5.497594479291796968e-03
4.594685803215414581e-03
5.610408729140228118e-03
5.905195801183610142e-03
4.391321864301748340e-03
3.856619172884948044e-03
5.811840320392644248e-03
5.654722545979611395e-03
4.375884545717400112e-03
4.138655753804631326e-03
3.858891485206285017e-03
3.511667978486526613e-03
3.258442158688999724e-03
3.086038240608155511e-03
3.511061488146553344e-03
3.295670562429350598e-03
3.472072826099705661e-03
2.964598158207020981e-03
2.884920787455060379e-03
3.143925582833217991e-03
2.943996593701403951e-03
2.731733142148607633e-03
2.623105187529918385e-03
2.628417334297047589e-03
3.787956418805424677e-03
2.923883253881865568e-03
2.783396065334604961e-03
2.614514404507637963e-03
2.514945224993695317e-03
2.443843209094966832e-03
2.388993956450405701e-03
2.342632214191025467e-03
2.304553045573509359e-03
2.624862684438063892e-03
2.376995642262912795e-03
2.496866338239069928e-03
2.343127623619630298e-03
2.272261886548786018e-03
2.226563136617109532e-03
2.445715271187875323e-03
2.287587494046788503e-03
2.219125872891492338e-03
2.174615204652422147e-03
2.653700699085225628e-03
2.509867980104309605e-03
2.504956276603402098e-03
3.220264893158047981e-03
2.305718014775486741e-02
6.404988053042793596e-03
4.426364303262520471e-03
3.773033746446684700e-03
5.022539397151611421e-03
3.767338708837040563e-03
3.403524585356026456e-03
4.094191801110603698e-03
7.187584486142782614e-03
5.270452443227682977e-03
4.334965698321383010e-03
3.967207654348576563e-03
3.545135987785632409e-03
3.296181284501727756e-03
3.250724837505904446e-03
3.109719521928178132e-03
3.085379287848943539e-03
2.890347929730402617e-03
2.769899883631693569e-03
2.681001800332574649e-03
2.609504410696421219e-03
2.548591153035178938e-03
2.496098221363215498e-03
2.449414636681933755e-03
2.408512905394904688e-03
3.390506457420147928e-03
2.809060189818138580e-03
2.741337760054919116e-03
2.558121892500324953e-03
2.461238100539036005e-03
2.394732238512465965e-03
2.502125257776961244e-03
3.314984774107892357e-03
2.696534431389798880e-03
4.063295773810188423e-03
3.970449335649895058e-03
3.515332707617628040e-03
3.095446205706828269e-03
2.975295175875680969e-03
2.705250681807887681e-03
2.564761176780881637e-03
2.585349185261179902e-03
2.451845403240773477e-03
2.437791203866371183e-03
2.569912121594465550e-03
2.578921006098184969e-03
2.397845767174938605e-03
2.316671483998412277e-03
2.262032611192743743e-03
2.356040095726391007e-03
2.650890191412474343e-03
2.371437632719222612e-03
2.832160015385065850e-03
2.449029889237976793e-03
2.318522118081981637e-03
2.399297861290754751e-03
2.339392936251035067e-03
2.313111264832659348e-03
2.218604045943246058e-03
2.378264587291015458e-03
2.178716573853941175e-03
2.126366815434467539e-03
2.465084496470446550e-03
2.230251507923269785e-03
2.133522828063581355e-03
2.533337502144855299e-03
2.434256006409766474e-03
2.158594089340694789e-03
2.378781870767543091e-03
2.145136882553860900e-03
2.079675038721045047e-03
2.040713908300164671e-03
2.012832690964355166e-03
2.067767272903339986e-03
2.093631523951145369e-03
2.019241910447691808e-03
1.984093922476744872e-03
1.960182211544373582e-03
1.941545379882520656e-03
2.886651990486947730e-03
2.154463034451149957e-03
2.034842587240823057e-03
2.234880226154588399e-03
2.065461354310557662e-03
1.999885646231034254e-03
1.960914205542781379e-03
2.321414872220770812e-03
2.394444308876478560e-03
3.012603386721894073e-03
2.367785804296878519e-03
2.246008766467584572e-03
3.077373844155226624e-03
2.288428920539343006e-03
2.144430575829328785e-03
2.068286560145162368e-03
2.017704051270543739e-03
1.980937882974221406e-03
1.952173555305702435e-03
2.234772848730985553e-03
2.031595142933501595e-03
1.968868151106108015e-03
8.418355505776915770e-03
3.343718924563737933e-03
2.889797168424669549e-03
2.510290412479449992e-03
2.689010041655851436e-03
2.942382262698272754e-03
2.952889008492406639e-03
2.379554082115149186e-03
2.413986276588674183e-03
2.214705254827635528e-03
2.124941305528344794e-03
2.066440940251732493e-03
2.023045624440989159e-03
1.988655767605833260e-03
1.335353760927151384e-02
7.175629523022521335e-03
5.185790015690115891e-03
4.261081382730757573e-03
4.252502027337157729e-03
3.556838671949653571e-03
3.585315761186160920e-03
3.218412128313013348e-03
2.940627478432058205e-03
2.818180537769585797e-03
2.734156622559508025e-03
4.450609072103456354e-03
3.063775612570237943e-03
2.709404630154777643e-03
2.554178120363692368e-03
2.452914246295543905e-03
2.377218701202825791e-03
2.317170981779212956e-03
2.266873534459762449e-03
2.223819982092116974e-03
2.185532374596566019e-03
2.684174998936485722e-03
2.305944470181419282e-03
2.204207867107665746e-03
2.146857773479583613e-03
2.106761606581289935e-03
2.074285695804135160e-03
1.829821752758020725e-02
4.780525373183718181e-03
3.802457581688001124e-03
3.058795425143334169e-03
2.860890751679891555e-03
2.845653620688122498e-03
2.523704913772900540e-03
2.403482965395669409e-03
2.319161593408463132e-03
2.254173017296480595e-03
2.403010628620583233e-03
3.291357554459960113e-03
7.413230601008430343e-03
3.572853243364804837e-03
1.647095958500332386e-02
5.108357293605089895e-03
4.179561842831447036e-03
3.388050883200875371e-03
3.042043517551242231e-03
2.821710808988248196e-03
2.666817485527476009e-03
2.800377345230849278e-03
2.526768652854201672e-03
2.861123817624235816e-03
3.771324041120423416e-03
3.226399998312416695e-03
3.660827842291596024e-03
2.904349930951352111e-03
8.352966925444642657e-03
5.437394450542006388e-03
4.592408055418068652e-03
3.826214561035792133e-03
3.417842461422536393e-03
3.330659084959503545e-03
1.003904384886324108e-02
6.419177298451431840e-03
5.251116491286766594e-03
5.444393485592748799e-03
4.482266853655788794e-03
4.680625161489156139e-03
4.618765443023919136e-03
3.676317227149676365e-03
3.552949932453302630e-03
3.261363640378335191e-03
3.447125745034270057e-03
3.896157743736835058e-03
3.091424581920216609e-03
2.955574205762689314e-03
2.797300575593318194e-03
2.694289386191806718e-03
2.614055168760871708e-03
2.547383487343810558e-03
2.490193709062761985e-03
2.440139660901078679e-03
2.640659286671571959e-03
2.532435335283145846e-03
2.507570558646768800e-03
2.515115237663405074e-03
2.535130460810014735e-03
2.832310005946605831e-03
2.609765695103370697e-03
2.482476437759254147e-03
2.397578435883279593e-03
2.430357581132291771e-03
2.334365292826455496e-03
2.342270334713513879e-03
2.261281750052417713e-03
2.456110890264786000e-03
2.599608186416514383e-03
2.327433122145602939e-03
2.175404141515069334e-03
2.229469244790830383e-03
2.272975746646464269e-03
2.461376336050900143e-03
2.234582035841412451e-03
2.468571123509758977e-03
2.210486329374910380e-03
2.134195255369363432e-03
2.088381986141746218e-03
2.237697667518865133e-03
2.221634397055639778e-03
5.324647238385722681e-03
5.727722120255087333e-03
4.854086933747605789e-03
4.019495321351431241e-03
3.331182130053058840e-03
3.603829226438739087e-03
3.218452124401433717e-03
2.800793141848328428e-03
2.630519486134386218e-03
3.002563844784523778e-03
2.603178948193287604e-03
2.461203456935586072e-03
3.749219127917651113e-03
2.616588360301016439e-03
2.429808680408819012e-03
2.329615736217328578e-03
2.260561241614404606e-03
2.207738623733597211e-03
2.165023420489230535e-03
2.128999435356317312e-03
2.202418393834868621e-03
2.132688246666068418e-03
2.808479334497904645e-03
2.221694890079875008e-03
2.269445395820439935e-03
2.139344917391378630e-03
2.082420217893434389e-03
2.044060614940324677e-03
2.114490115010634382e-03
2.044402354792180295e-03
2.006648082319548512e-03
2.753346835481818109e-03
2.331716437360310899e-03
2.180881698186453929e-03
2.302685415809568262e-03
3.080069876281670439e-03
2.445403209076678352e-03
2.252166270774534629e-03
2.697537338070102146e-03
2.307393067037162744e-03
2.175420020453580627e-03
3.055743460856491511e-03
2.435516673828880263e-03
2.246915501752388706e-03
2.339000942698583625e-03
2.184904846458559594e-03
2.291285824587742381e-03
2.123351350216193170e-03
2.054221987962492370e-03
2.050852728538241163e-03
2.222125778636012145e-03
2.041779291023685695e-03
1.983004294631542704e-03
1.946508878983210225e-03
1.919011897297931901e-03
1.897256754706680123e-03
1.939940623379323228e-03
1.889878820596372754e-03
1.992544060102708139e-03
1.906946466352810177e-03
1.870449571275864444e-03
1.992990481028802333e-03
1.992809154516813307e-03
1.897236862369254626e-03
1.907401117284128131e-03
1.858006168342570289e-03
1.830686705815301159e-03
1.975887604994477648e-03
1.890987456026141985e-03
2.358381526351919621e-03
4.967590679815878964e-03
2.948871648134424647e-03
2.621858601526731117e-03
2.306855816248060045e-03
2.162996207852829929e-03
2.071539912470893828e-03
2.007874936073861423e-03
1.957626352818421685e-03
2.208928982340244932e-03
1.437114468100569517e-02
6.734954414951701065e-03
4.761835751359301885e-03
3.900459576911854010e-03
3.370417661683727459e-03
3.196793320015649687e-03
3.070378186354853767e-03
2.953849908837347105e-03
2.622478104010024253e-03
2.486335523665679503e-03
2.506502881253172294e-03
2.355819319536104489e-03
2.274036378943820012e-03
2.356514731680621130e-03
8.481458118194538931e-02
3.982566420004082786e-02
1.205835079302816637e-02
9.591554521198919492e-03
7.386737942970082217e-03
5.597692455762249587e-03
5.264616387390739886e-03
5.012835617463723588e-03
4.800355564576436022e-03
4.731012868317523504e-03
4.980437145176631018e-03
4.615901288524720987e-03
4.188761446504901675e-03
4.228068047090536956e-03
4.252418313365571335e-03
3.985381390693768650e-03
3.827534046204263997e-03
3.706960327492491054e-03
4.642670442747226685e-03
3.825948093465066438e-03
3.614501921900017695e-03
3.486655964049110469e-03
3.498456195930906530e-03
3.362441810151011248e-03
3.272650405900321378e-03
3.694392818019228645e-03
3.311551875563009065e-03
3.308388485793038389e-03
3.337933338782634717e-03
3.250127387521989982e-03
3.193051256327181838e-03
3.044563490172310424e-03
3.161072427287039098e-03
3.107937772932703804e-03
2.961539041896269885e-03
2.881362756506560246e-03
2.822385276175658469e-03
2.918976079936370233e-03
3.050076069727766185e-03
2.783953609607982618e-03
2.668538629853139943e-03
2.629037228245537355e-03
3.836217481406658733e-03
3.058139833280377508e-03
2.959907013964945856e-03
2.794552712251908121e-03
2.700491903811225690e-03
3.368979524085670939e-03
2.824401380145258843e-03
2.747203845286368389e-03
3.259114020667068772e-03
3.910666176544915981e-03
2.946675068831930335e-03
2.736038425074784064e-03
2.675714154859197991e-03
4.074915458219395721e-03
3.069343620945433077e-03
3.362736695589704609e-03
2.832684215575333436e-03
2.666909273187902715e-03
2.571148736759677669e-03
2.503626677607507980e-03
2.758546147544282522e-03
3.213915254069382634e-03
2.713998136702836135e-03
3.020961896418376119e-03
3.368827622307490714e-03
3.221244448930796894e-03
2.664641176075634686e-03
2.523958777299056908e-03
2.512735764082565330e-03
4.550974809155807627e-03
3.265286394574912297e-03
2.761643276497009140e-03
2.584188841657230305e-03
2.780128155123828045e-03
2.728944499519680902e-03
2.612378202534175031e-03
2.653280763268569490e-03
2.520565884768722047e-03
3.253449653753660419e-03
2.878198387841441035e-03
2.606065356341641815e-03
2.475357016642137833e-03
2.392110261619158872e-03
2.332769320364048386e-03
2.489842584066474362e-03
2.358105710150271584e-03
2.441388060541969506e-03
2.310932405864782671e-03
2.248378542690523691e-03
2.361548784034620853e-03
2.249886838868183671e-03
2.890069680453587458e-03
2.531896277347692615e-03
2.540677901893729704e-03
2.312021995993215895e-03
3.070140937869519308e-03
2.397465039782425717e-03
2.262753535963204100e-03
2.312040776548165196e-03
2.192829266272339119e-03
2.315457338611064900e-03
2.707360723663735941e-03
2.449008419676593738e-03
2.381720973727032963e-03
2.216778756420557678e-03
2.604389111341406503e-03
2.192250650604696607e-03
2.662080814085947787e-03
3.378340536527005191e-03
2.652136932256556057e-03
2.480977695252939517e-03
2.556707827146773460e-03
2.316284622052926147e-03
2.219594294015654352e-03
2.964271396956749249e-03
2.408384471821816385e-03
2.520039082326591684e-03
2.228538921904874015e-03
2.150001423708329182e-03
2.100511595263303277e-03
2.063748282556075991e-03
2.121911709804894745e-03
2.043246681262917037e-03
2.495934427334770001e-03
2.248969099045857421e-03
2.782793143186995232e-03
2.377641857887963141e-03
2.220539271130987560e-03
2.133406789100835907e-03
2.075925261876621249e-03
2.176073625968316400e-03
2.075633151077439526e-03
2.024116392946515020e-03
2.946919707951870838e-03
2.316666188659830591e-03
2.153335288997887398e-03
2.071267726820998686e-03
2.432620070068339507e-03
2.263433335327456365e-03
2.105200991439844065e-03
2.186416749611039094e-03
2.108244250813267728e-03
2.018217073404541661e-03
2.175434743032689158e-03
2.049995684605619792e-03
3.341828797189770606e-03
2.581220515030927583e-03
2.543325646461505347e-03
2.378609514118988112e-03
2.194880750570778454e-03
2.369419278751361616e-03
2.148530417599211779e-03
2.060406934576861950e-03
2.005615154663380716e-03
1.966409713560200202e-03
2.200824719811007336e-03
2.021679585307543069e-03
2.160406166528622187e-03
2.002064792109764513e-03
1.942818091803141280e-03
2.045087624825797559e-03
1.922140501325381948e-03
1.883019260469423689e-03
3.753660934711179360e-03
2.594674935263945222e-03
2.197824624693327147e-03
3.651337678101934138e-03
2.702788215470816342e-03
2.388658784662368601e-03
2.702473220251676647e-03
2.261397951332872348e-03
2.132614988943731717e-03
2.055748733795703491e-03
2.192028204367119527e-03
2.042336661903265769e-03
1.978484266817866384e-03
1.936163625353611419e-03
1.904315724118597506e-03
2.391919860911718380e-03
2.595691618722839687e-03
2.264890432422492651e-03
2.102960382603050443e-03
2.015598064718195168e-03
1.958983569328033147e-03
1.917380126392463115e-03
2.115332837622380894e-03
3.090945479642938972e-03
2.499691952851222469e-03
2.204503859897789710e-03
2.075326794647131684e-03
1.997544418954326929e-03
1.944822620190437765e-03
1.904474568682301304e-03
1.938825461823951617e-03
2.832678085520035430e-03
2.220516375045718076e-03
2.174060938621860586e-03
9.753891132301640773e-03
5.794285786316254010e-03
4.420639049361158035e-03
3.722000729212532853e-03
3.297287615036025021e-03
3.587761932598814221e-03
2.944032818574835158e-03
3.035383191411005540e-03
2.664511668608240871e-03
2.635298427217536415e-03
2.468337474292828671e-03
2.862288682321843716e-03
2.611163384191962211e-03
2.366558456056087802e-03
3.372155816427310684e-03
2.760623220160763128e-03
2.981855430455810155e-03
2.586281155243947642e-03
2.413144194618811397e-03
2.428078653008742746e-03
2.274257042449354810e-03
2.194982032865607207e-03
2.136274657038133174e-03
2.090928839332465219e-03
3.860175583078365950e-03
2.546608269252398273e-03
2.715961134517207078e-03
2.322232230317944433e-03
2.189328098114860354e-03
2.497231186271146007e-03
2.164167218069507157e-03
2.074618396084851411e-03
2.020523618799370449e-03
2.316712158019704378e-03
2.154767488074088230e-03
2.156405696866126129e-03
2.006368692673332881e-03
1.952758966381739573e-03
1.916438891370088543e-03
1.889238861482617562e-03
1.866112973208746513e-03
1.846463190582292363e-03
1.829132990420428203e-03
1.813564657753626887e-03
1.799448720283831644e-03
1.786800653177813116e-03
2.748657671823273065e-03
2.191854685546667635e-03
2.243404031671175723e-03
2.224214649173735566e-03
2.013344797144844735e-03
1.923731786796912266e-03
2.883637471396525206e-03
2.851557337469703014e-03
2.500324418005542889e-03
4.353708040774713871e-03
2.408429228385062723e-03
2.157029720636641917e-03
2.235040221896433289e-03
2.185223324704539758e-03
2.018849789780544860e-03
1.941755782064247433e-03
2.020456560831299705e-03
1.917921049401878370e-03
1.866365810641528768e-03
1.940127002612438084e-03
1.843044391660350048e-03
1.805251559045567555e-03
1.779323177973196049e-03
1.759483125083171522e-03
1.742574292690584215e-03
1.896112655534736664e-03
1.858351881699699852e-03
2.617430839671584884e-03
2.126974830589025735e-03
1.974742175154378231e-03
3.801482316910527893e-03
2.182421683444066458e-03
2.072621499609290756e-03
1.932945075507306069e-03
1.957206665355679803e-03
2.053016637223114508e-03
2.354937054653627199e-03
2.025860080128257749e-03
2.057529946308922497e-03
1.893369115322824205e-03
1.832066790795498779e-03
2.278130639990956236e-03
1.995529731265175809e-03
6.978716359461244016e-03
3.061808991327479804e-03
2.485905247103016059e-03
2.435862440706458316e-03
2.149973009358715527e-03
2.033666830457493951e-03
1.957862150870011680e-03
2.225384645321418654e-03
2.657935183938166506e-03
2.079363912978571087e-03
1.958508697041130408e-03
1.890322085423827569e-03
1.843514425411056082e-03
1.868284116207001274e-03
1.970700274690557335e-03
2.089910167939322983e-03
1.917097615976112333e-03
1.842206533707633955e-03
7.115908482855573883e-03
3.301362960164080582e-03
3.307003425677889838e-03
2.842441500920867524e-03
2.040096498946557604e-03
2.265429479947473051e-03
1.965072212820885914e-03
1.903354152930136116e-03
1.861024207877535032e-03
1.827270203398270428e-03
1.799089932864443705e-03
1.775101303740812732e-03
1.753864443889803764e-03
2.177052042097562048e-03
1.845628938728484250e-03
1.777648607956994588e-03
1.867370662699152205e-03
1.776652389003435459e-03
1.735539688075905416e-03
1.752314182603038201e-03
1.712381967830748936e-03
2.793163553690249882e-03
4.739290426732095142e-03
3.325543372659617389e-03
2.488149128185508478e-03
2.312010677592592472e-03
2.116952799336658999e-03
2.058538599909853078e-03
2.978685616124660419e-03
2.976051386167023229e-03
2.452663478257732788e-03
2.228808565779876599e-03
2.096982282812949114e-03
2.087308348400134222e-03
2.083325268980292921e-03
1.965546780207229859e-03
1.900362064771734909e-03
1.853559141082045418e-03
1.905243598802079793e-03
1.902441137130446479e-03
1.826253845933835688e-03
2.322992065380988236e-03
2.287853912759343650e-03
2.397707763657652529e-03
2.407475100969625522e-03
2.973260497465636965e-03
2.353573688800479624e-03
2.228342930968836653e-03
2.017279966486873900e-03
3.787215713848578365e-03
2.665624089512666928e-03
2.321016464135234984e-03
6.827199104719581906e-03
3.511091465741513103e-03
2.826629591701864796e-03
2.507589046482908406e-03
2.383006546272655596e-03
2.225135522256213149e-03
2.352765660266408973e-03
2.903602772082187599e-03
2.264672227546624898e-03
2.293589716812479556e-03
2.066520344488675075e-03
3.140397108780597878e-03
2.493395573420072956e-03
2.251156152568250818e-03
2.116345239464301631e-03
2.111017150936305310e-03
2.423743256955840624e-03
2.272849442994448813e-03
2.723318377138892344e-03
2.257685261348512870e-03
2.200968577594495865e-03
2.037065219457512288e-03
1.953823487516613815e-03
2.075061909258905588e-03
1.978163394719262714e-03
1.994723470975467722e-03
1.870326083050388678e-03
1.819302224720710211e-03
1.784522751478370825e-03
1.939053258099409077e-03
1.822016604095607391e-03
1.771425367595987586e-03
1.738832435984683520e-03
1.714127608420131302e-03
1.777994395148372328e-03
2.093833081390810130e-03
1.862618590848966020e-03
1.779785892622013721e-03
1.732586318039428929e-03
1.965949286103821879e-03
1.801360208954566871e-03
1.737410643913391136e-03
1.699655806270091276e-03
1.736823899194096972e-03
1.681584561779988921e-03
1.653795697532339619e-03
1.634266243254849527e-03
2.667606098290417789e-03
2.456307871719891171e-03
1.907532113363361861e-03
2.372445793800896478e-03
1.900872797051012062e-03
1.784749875954490771e-03
1.944967338587134595e-03
1.898503278697930138e-03
1.762183347953988604e-03
1.704991882158965553e-03
1.668849812014605756e-03
1.808727540109845077e-03
2.282712454135902604e-03
1.943241463873597585e-03
3.551824035654637529e-03
2.833921828088356229e-03
2.900861648686662349e-03
2.303361920068114441e-03
2.092286669653455142e-03
1.970479837261838226e-03
1.888166678328089378e-03
1.894872360716516472e-03
1.927638687090039559e-03
1.803011953309666864e-03
1.751553562147183931e-03
1.715884390202687855e-03
1.687799216122922753e-03
4.685810599482797059e-03
5.128032521950751967e-03
3.500409763259426047e-03
3.046852528050820585e-03
2.604955668975582339e-03
2.373359423541868043e-03
2.219493134238452285e-03
2.108962977626801811e-03
2.025272351231545420e-03
2.054884284855963347e-03
1.941934403937993709e-03
2.003596971041935945e-03
1.900784507916859160e-03
1.843235384749488922e-03
3.028001306353046707e-02
1.004687523643872302e-02
6.870903510466525206e-03
5.174845223295795014e-03
4.508060248958309195e-03
3.940150908535648526e-03
3.477632812662780418e-03
3.172834736375399270e-03
3.527360067587680462e-03
3.003859369969988889e-03
2.776618615417108995e-03
3.969791170205463730e-03
2.973151451199842078e-03
2.685838673189243787e-03
2.522579324083266787e-03
2.457685580169892414e-03
2.343255131641398120e-03
2.743064342643719306e-03
2.733265764695640056e-03
2.442834959033273433e-03
2.461559811933179426e-03
2.692060127331371601e-03
2.398740808184070348e-03
2.258135987524487187e-03
2.214397547019238393e-03
2.281687174770317700e-03
2.434176986478875718e-03
2.186338002801556206e-03
2.086256609873376501e-03
2.192577280042289946e-03
2.019664232851531033e-03
2.121346489230652600e-03
1.139278759241227866e-02
5.812161031279371171e-03
3.693535217519553545e-03
3.886853139233490632e-03
3.128819781171574173e-03
2.769230799301063400e-03
3.687291353739102339e-03
2.954529706982737987e-03
2.794552390818910281e-03
2.912347783044434441e-03
2.488796053871843335e-03
2.338995592997254562e-03
2.757647822299441002e-03
2.313334766785810417e-03
2.187961931367398555e-03
2.109953532317126058e-03
2.107949808680142836e-03
2.031990409950196631e-03
1.982569864679417041e-03
2.245269150383631587e-03
1.967066205220081333e-03
1.912953984707586310e-03
1.970822096436311739e-03
3.048299315810521371e-03
2.174468552608538070e-03
2.009008522552908991e-03
1.928535659888211884e-03
1.947482515921709163e-03
1.977567772241124733e-03
1.871492061615671757e-03
1.824217668495576759e-03
1.791914786970160182e-03
2.787817810927916123e-03
2.053186277194878843e-03
1.905668817495619278e-03
1.834571550159665122e-03
1.790178364500635312e-03
1.757351148092798753e-03
1.732237992648603909e-03
1.711387936038882233e-03
1.692926681387359926e-03
2.216629344842791817e-03
1.830922703549225624e-03
1.748460665877213252e-03
1.994191673723366351e-03
1.901470495143395409e-03
1.891863126600082769e-03
1.844810165310609281e-03
1.816500910613347503e-03
1.741462930152624889e-03
1.700962638267770324e-03
1.673148469440221241e-03
2.170790451385923563e-03
1.710732770356022860e-03
