0.000000000000000000e+00
0.000000000000000000e+00
0.000000000000000000e+00
0.000000000000000000e+00
0.000000000000000000e+00
0.000000000000000000e+00
0.000000000000000000e+00
0.000000000000000000e+00
0.000000000000000000e+00
0.000000000000000000e+00
1.846055462115564705e+00
1.466366093712800023e+00
1.164767845355544340e+00
9.252141988825441921e-01
7.349192868645023635e-01
5.837759447033179505e-01
4.637038769859138099e-01
3.683333716576404071e-01
2.925785973897596093e-01
2.324028009471265921e-01
1.846055499652401177e-01
1.466365968557268029e-01
1.164767709328475287e-01
9.252142082598836803e-02
7.349192253182829093e-02
5.837758427003598288e-02
4.637038771326688208e-02
3.683333329562604730e-02
2.925785939467528268e-02
2.324027867662827734e-02
1.846055495912850286e-02
1.466366027757868944e-02
1.164767882847471056e-02
9.252142203392772768e-03
7.349192216962897352e-03
5.837758551571464033e-03
4.637038579372827936e-03
3.683333556287759786e-03
2.925786147857234367e-03
2.324027906656872186e-03
1.846055472278253055e-03
1.466359669103392896e-03
1.164772742984337799e-03
9.252194501470034594e-04
7.349158761688751301e-04
5.837758424686294995e-04
4.637009479023781132e-04
3.683351150940508429e-04
2.925797809897184854e-04
2.324017041847897976e-04
8.262702530460684083e-04
