-4.546107149607025305e-03
-4.276996564066692583e-03
-5.043040570351089644e-03
-5.242944352292499242e-03
-4.349050058262559845e-03
-4.211838323967669398e-03
-3.968385220172061627e-03
-3.815367136702318366e-03
-4.960437423783158571e-03
-4.334861384336557120e-03
-4.005839176709779376e-03
-3.787510775957670089e-03
-3.646221947268724235e-03
-3.540291730510685027e-03
-4.660084173094867534e-03
-3.795456719310068543e-03
-3.670818285807500234e-03
-3.512660452990111482e-03
-3.412045585044726475e-03
-4.166170746611872443e-03
-1.941830914597275992e+01
-1.622894904667009433e-02
-9.350074966549146160e-03
-7.441181911327452575e-03
-6.166953696191387717e-03
-5.443541386038940923e-03
-4.967820307066612116e-03
-4.627285871896478706e-03
-5.544889156876176874e-03
-5.280245057609865046e-03
-4.585246320340440225e-03
-4.537970188441862486e-03
-4.405128088212527035e-03
-4.195267538792055162e-03
-3.908598037125602179e-03
-3.861133516674237348e-03
-3.678445937066254258e-03
-3.661218522384382650e-03
-3.530886169929984587e-03
-3.441254993065938437e-03
-3.491127644773756207e-03
-3.358136948743548848e-03
-3.283361424641759521e-03
-3.225224483933974116e-03
-3.573352925040663552e-03
-3.287930658862735309e-03
-3.185772428386673266e-03
-3.119982141405490926e-03
-3.069222514567763321e-03
-3.427413927397200515e-03
-3.239756875512423730e-03
-3.108966421195330683e-03
-3.034682425921157202e-03
-2.981642851079118264e-03
-2.938754085049502182e-03
-3.238272202872645705e-03
-3.005260813749897810e-03
-3.290893133892612305e-03
-3.358541683798053814e-03
-3.083369311599794445e-03
-2.969667297494827871e-03
-3.628771275008450727e-03
-3.115469376827963415e-03
-3.286554344691514605e-03
-3.099353099626821553e-03
-3.010689229778599780e-03
-3.160386168656004365e-03
-2.926207215359811695e-03
-2.844059243252013928e-03
-2.791279159154531377e-03
-2.751499282334064680e-03
-2.717323645121057490e-03
-3.442644473585613346e-03
-3.294694452051218862e-03
-3.179611204580221843e-03
-3.805729273901414886e-03
-3.551879787798981405e-03
-2.982654565719143353e-03
-2.896613797870806889e-03
-2.790650218567879495e-03
-3.210751791048851393e-03
-2.882880381184107707e-03
-2.768800244392917009e-03
-4.951528109028931028e-03
-3.618027407205859098e-03
-3.406363450655478138e-03
-3.021710694962881447e-03
-3.021876749655131537e-03
-2.841733745965358861e-03
-2.753209669180882099e-03
-2.692945324776300012e-03
-2.877171962634485127e-03
-2.707622475532870266e-03
-2.640063117029998758e-03
-2.596003848324632268e-03
-2.987884675910156083e-03
-2.640325104160745791e-03
-2.755329661904081396e-03
-2.831292613274572628e-03
-2.616486716203767198e-03
-2.825850043514808053e-03
-2.607763110889426035e-03
-2.539936707449930685e-03
-2.649098207343515091e-03
-2.534489483579532767e-03
-3.240857101765853322e-03
-2.786670226740675486e-03
-3.069793294545814302e-03
-3.094003858762436714e-03
-2.827307647434539398e-03
-2.673473195969685787e-03
-3.231733358956583296e-03
-2.867983725664408068e-03
-2.732139803573360812e-03
-2.602918787966177622e-03
-2.817456144898242143e-03
-6.231469575940253719e-03
-3.383719620189128661e-03
-3.538809092881815485e-03
-2.990967022883053716e-03
-2.797758509821036098e-03
-2.784202343544741210e-03
-2.700143710118780085e-03
-2.601237736837321360e-03
-2.638373422908901322e-03
-2.534146617952486198e-03
-2.483261802417890875e-03
-2.445992474655667333e-03
-2.489164197748901762e-03
-2.426922330604443321e-03
-2.483394943915797400e-03
-2.400656555970554894e-03
-2.660711728305085576e-03
-2.477718403776885906e-03
-2.396861734723686535e-03
-2.138431286080369276e+01
-8.368626925730638516e-03
-5.631883069846878136e-03
-4.919330010973005027e-03
-4.031532250326736767e-03
-3.882368565282299459e-03
-3.453418945247647715e-03
-3.231983620042172024e-03
-3.075954332760875813e-03
-3.667050814509016047e-03
-3.111573261087126601e-03
-3.430187800783772965e-03
-3.070362048393308983e-03
-3.638280872209688835e-03
-3.993928565392298839e-03
-3.450040496871845021e-03
-6.368745937374906303e-03
-7.317074168569822831e-03
-4.492854611007617016e-03
-5.767479964945783702e-03
-5.068710449479461172e-03
-3.914708231550721555e-03
-3.586910388127611225e-03
-3.386290356456721044e-03
-3.367061969238319130e-03
-3.336348441669670720e-03
-3.143836058782004551e-03
-8.787278044960494458e-03
-4.936358722156538627e-03
-4.208137199929063571e-03
-6.420936285988019208e-03
-4.790368412559962465e-03
-4.113292615760667445e-03
-3.953537993490000360e-03
-3.609414153940159690e-03
-3.405788246658115678e-03
-3.258760582887654245e-03
-3.145571608907133266e-03
-3.182814858500457311e-03
-3.041234799722021976e-03
-5.353489854408895535e-03
-3.704086547615495582e-03
-3.380911946280480522e-03
-4.041595938917662625e-03
-3.299295788284961877e-03
-3.289639689355608205e-03
-3.192976635415948304e-03
-3.010675700163037340e-03
-2.902304822581288756e-03
-2.824953746381524133e-03
-2.763951799789552896e-03
-2.713097931256344426e-03
-2.670080517891093314e-03
-2.761298182927613733e-03
-3.321908555430404513e-03
-2.782834921311698028e-03
-2.842503268880109280e-03
-2.670459329165064156e-03
-2.599530380534335449e-03
-2.552378039612865183e-03
-2.516026412027365985e-03
-2.679256117348136935e-03
-2.650409197319556799e-03
-2.669172958618766869e-03
-3.311515884872956710e-03
-2.914079653819784746e-03
-2.722765194548992622e-03
-3.168156624664744507e-03
-2.750806711959286836e-03
-2.622173635724241690e-03
-2.750969246346952196e-03
-2.556375654100619208e-03
-2.648595913004397895e-03
-2.494364420517323870e-03
-2.588677146195146432e-03
-2.583366468148021785e-03
-2.589637872604656603e-03
-2.734988418612727644e-03
-4.046057772487771272e-03
-2.854283650957540469e-03
-2.938118283426377399e-03
-2.667362944659963046e-03
-2.547936171923444876e-03
-2.737809439740515171e-03
-2.762134075717432181e-03
-2.742207439477655634e-03
-2.500039101769923125e-03
-2.603672348745796582e-03
-2.685039546318149749e-03
-2.505977156588782683e-03
-2.424536828551082050e-03
-2.372975406886846522e-03
-4.299676777436786494e-03
-3.036375897044061006e-03
-3.142784268423888614e-03
-5.131271955372113634e-03
-3.510113700940892170e-03
-3.099227057614712018e-03
-2.848400417255355331e-03
-2.698318103141343887e-03
-2.096086302042003524e+01
-4.066145057697156950e-02
-2.241756995494012528e-02
-1.561671398460822736e-02
-1.195305496617836243e-02
-9.804115425145226714e-03
-2.005917070529884827e-02
-1.252170426511646679e-02
-9.661449898544036824e-03
-9.073841444287708211e-03
-7.442022775695215919e-03
-7.872076526436105198e-03
-7.235816699485166786e-03
-6.108180700429932317e-03
-5.608087301775084403e-03
-5.784956461758012855e-03
-5.238234994401386353e-03
-4.907397875235314753e-03
-5.980381713328860281e-03
-4.761193520500813826e-03
-4.457013161079301927e-03
-4.254135077684426634e-03
-4.093863048446328215e-03
-4.065061059999836718e-03
-3.882422940221765852e-03
-3.763013594688651136e-03
-3.711332694750187414e-03
-3.766036456753772341e-03
-3.612431167893095409e-03
-3.489955447115227535e-03
-3.403432812230985233e-03
-3.331441994928162949e-03
-3.564247218259025424e-03
-3.290475652826298832e-03
-3.324639428097265863e-03
-3.205844186320456687e-03
-3.831548461464580682e-03
-3.748115237843614809e-03
-3.326065020927605580e-03
-3.245315732260400238e-03
-3.121935695465165653e-03
-3.423565354995956617e-03
-3.192552293661484429e-03
-3.037301361888768581e-03
-3.063317627768429117e-03
-3.086186768896977215e-03
-3.072849735386270435e-03
-2.916072998273851625e-03
-2.848503733165985447e-03
-2.800589929170325346e-03
-2.840632469863539188e-03
-2.917470388812197415e-03
-3.898502366640018563e-03
-3.193216400147674567e-03
-2.877033607111149742e-03
-2.773085965052591445e-03
-3.088171027523804214e-03
-2.930299306134102801e-03
-2.788960486966063444e-03
-2.891067348627449161e-03
-2.828609080466591447e-03
-2.708655786464783406e-03
-4.751520002844819394e-03
-3.719318504983299203e-03
-3.174790451284780629e-03
-2.999767633840395506e-03
-3.004156183144669583e-03
-2.791980636708637099e-03
-2.772186056737675156e-03
-2.675551520298469210e-03
-2.615775016813924689e-03
-2.702390694801474428e-03
-4.090582916568569032e-03
-3.842216733284653778e-03
-3.279615535168612598e-03
-3.328886297151530029e-03
-3.110256719279293723e-03
-2.922322722649057982e-03
-2.787869636603080691e-03
-4.404139413342080672e-03
-3.237124618988799531e-03
-3.300915794979853400e-03
-2.966662866244968669e-03
-2.812103594139933691e-03
-2.712875151435666966e-03
-3.046010699800076865e-03
-2.747892410921721606e-03
-2.641120612740405996e-03
-3.360640282795665599e-03
-2.943603892213820985e-03
-2.737284904027260588e-03
-2.964583151133750715e-03
-2.694257283448756903e-03
-3.429697714961500374e-03
-5.459655538655734490e-03
-3.493867018746227987e-03
-4.239331066557472036e-03
-3.780599657784598864e-03
-3.472258169845598291e-03
-3.166868134600343658e-03
-2.948024659419273569e-03
-2.815611301307804643e-03
-2.721535632984506577e-03
-2.873128142226124507e-03
-2.733879691606715730e-03
-2.955667474268657696e-03
-3.008552697295611717e-03
-2.641858150794267231e-03
-2.546188693063500697e-03
-2.559098760672850765e-03
-2.817517682727341093e-03
-2.546420100230001142e-03
-2.629865897611063496e-03
-2.460861589024998866e-03
-3.268164493015377706e-03
-2.745770025764036112e-03
-2.575142203210477407e-03
-2.742693596889227755e-03
-2.634926270183128149e-03
-3.289715698021813441e-03
-3.309177351555784002e-03
-2.814821929378986433e-03
-2.858197211479096642e-03
-2.617540804616219369e-03
-4.031232695200534337e-03
-2.826772324436865793e-03
-2.610152603905753228e-03
-2.502325567863231386e-03
-2.432408087274885288e-03
-2.730187461114396471e-03
-2.792707320194583696e-03
-2.562123022710686548e-03
-2.824041212845318852e-03
-2.523164415260503550e-03
-3.228427454617068676e-03
-2.675800045739576503e-03
-3.935051284553031485e-03
-3.140402344337711159e-03
-2.820402312890874300e-03
-2.721072264260167295e-03
-2.700016134186090586e-03
-2.442477451332545832e-02
-6.512061525530108558e-03
-4.639312136210702910e-03
-4.412166401408320129e-03
-3.871344382267944383e-03
-3.423082934392397258e-03
-3.259987659177622423e-03
-3.024991271100432779e-03
-3.202852143547062647e-03
-3.262046613516135247e-03
-3.686209571273965386e-03
-3.026555962951578069e-03
-3.231495182011095459e-03
-2.849407543120512087e-03
-2.801163816837257733e-03
-2.654610361945940189e-03
-2.778387908137248345e-03
-3.254879489400511455e-03
-2.765643008129586335e-03
-2.758931107192145842e-03
-2.758011021448656536e-03
-2.637870679152590561e-03
-2.700051442576100087e-03
-2.497449331481155135e-03
-2.623161030737465680e-03
-2.413566042968782847e-03
-2.355492392942976163e-03
-2.547682634568321832e-03
-6.047192777066083200e-03
-3.944578624327393403e-03
-3.291044568806611535e-03
-3.059549806342098943e-03
-3.090108620391935571e-03
-2.964246036417346811e-03
-2.862885643684936424e-03
-2.650221939787184618e-03
-2.542599456375853762e-03
-3.366578476732386485e-03
-2.508944244740604450e-03
-2.468775360336246828e-03
-2.493391540578790248e-03
-2.465410578557294865e-03
-2.348659587307139456e-03
-2.287588122074695959e-03
-2.245656333867699934e-03
-2.212834081747666690e-03
-2.186454254122363779e-03
-2.163527435619129035e-03
-2.143541428622683463e-03
-2.126462319614180578e-03
-2.367382809696670729e-03
-2.251281339548895019e-03
-2.488164023652497669e-03
-2.272480615301776877e-03
-2.193709511720017338e-03
-2.417327882682188556e-03
-2.704185612675630290e-03
-2.354128274129180763e-03
-2.245035221112004400e-03
-2.183778340761618510e-03
-2.142184033584835969e-03
-2.111657953279149052e-03
-2.087047010243276574e-03
-2.829306740381240873e-03
-2.407699150733948450e-03
-2.329650466379672678e-03
-2.217690237651037764e-03
-3.258352546014585925e-03
-2.556876914006224900e-03
-2.356051305626057947e-03
-2.253746166054760268e-03
-2.189464078288105072e-03
-2.475654681769284566e-03
-6.623998617190581494e-03
-5.267313758510769849e-03
-3.858227354251407819e-03
-3.820847834095604696e-03
-3.232266158778136170e-03
-2.990137952136831968e-03
-2.767979382232718406e-03
-4.159981855277475674e-03
-2.870656553875830692e-03
-2.726593164428050848e-03
-3.277984298053474542e-03
-2.935577076427316277e-03
-2.632025057772833469e-03
-2.495987887629317128e-03
-2.406404815499679946e-03
-2.339763809586833682e-03
-2.370003049158024740e-03
-2.275250382752506267e-03
-2.226975998908691835e-03
-2.189349600489730145e-03
-7.393356857116269686e-03
-3.538487428085252025e-03
-3.613278330814618036e-03
-4.999741287961297423e-03
-3.999001503991392314e-03
-3.302075359487224946e-03
-3.522137893120447661e-03
-3.208997831231124188e-03
-2.865909043673157790e-03
-3.077207462695992404e-03
-2.721725800915714318e-03
-4.933629448258518985e-03
-4.262502057498375463e-03
-3.418451271662269805e-03
-3.177854823488535964e-03
-3.715721628597887238e-03
-3.071983941669584241e-03
-2.767764716506995477e-03
-2.934784200534720517e-03
-2.666077901477677866e-03
-2.605853356542088810e-03
-2.490763545473213911e-03
-2.632976302826947525e-03
-2.766450033722486334e-03
-2.592900953771120655e-03
-4.546247870371947913e-03
-4.542634477925648097e-03
-3.444223566514113127e-03
-2.846666977644544613e-03
-2.855978668871682769e-03
-2.559443128632745302e-03
-2.449354667813834121e-03
-2.374259940939147870e-03
-2.467879330508892036e-03
-2.326511082034934258e-03
-2.417840082030823200e-03
-2.274570545609532445e-03
-2.218819329417589040e-03
-2.179222440317198257e-03
-2.375887466104366179e-03
-2.325385171738276937e-03
-2.218776951511930440e-03
-2.248067804157677808e-03
-2.155478682455919202e-03
-2.114802725347642021e-03
-2.085738884672584496e-03
-3.561383087537467722e-03
-2.497421193242598241e-03
-2.288002380930043503e-03
-2.238605492455668540e-03
-2.157049681411171271e-03
-4.183161946160679663e-03
-2.554862930753069427e-03
-2.367956426561229968e-03
-2.391170201647062083e-03
-2.503094315314891797e-03
-3.673924143010817289e+01
-3.667904199961705136e-01
-1.832188041993977612e-01
-1.203794961237326516e-01
-9.014051603382965128e-02
-7.203938511559644653e-02
-5.949304754790737948e-02
-5.110337337947353648e-02
-4.568826465442295953e-02
-4.097967555587685856e-02
-3.639611218335813553e-02
-3.230011219147944923e-02
-2.980002672739732669e-02
-2.680472380008005681e-02
-2.460786992281200833e-02
-2.279201465242219893e-02
-2.124533543350834094e-02
-2.035638623386769666e-02
-1.879807682984621989e-02
-1.972121640056887770e+01
-2.708042550788615152e-02
-2.066211840516541179e-02
-1.821394015322582577e-02
-1.694401926613104195e-02
-1.594301169537088933e-02
-1.501034613583417630e-02
-1.437040339900900500e-02
-1.357596767387347567e-02
-1.295222245901329200e-02
-1.240915959814430439e-02
-1.221289115107908156e-02
-1.157789503854022607e-02
-1.114893440058701939e-02
-1.125299629835667566e-02
-1.055813165067972549e-02
-1.018029451265548696e-02
-9.864771480046380728e-03
-9.579548344676544480e-03
-9.316851402750089481e-03
-9.072596195375775066e-03
-9.056763889735124778e-03
-1.009248615581788584e-02
-9.268096870836399492e-03
-8.717492681265492233e-03
-8.462868633086817471e-03
-8.377625518818283129e-03
-7.992440366637125135e-03
-8.052263962004955339e-03
-8.277635466586262883e-03
-7.843272473459533822e-03
-7.546013435810446611e-03
-7.329598936409834758e-03
-7.150717923204868466e-03
-6.992814186303303488e-03
-6.952415449876589958e-03
-6.757600762702343014e-03
-6.619634549408577769e-03
-6.496069822783316454e-03
-7.037607421716709707e-03
-6.492505798463417757e-03
-6.431539601758243935e-03
-6.408532475883270060e-03
-6.273667255278305571e-03
-6.074561153809158141e-03
-6.173386206629444782e-03
-5.960203242794429382e-03
-5.823882826980665214e-03
-5.715414676799392829e-03
-5.620308401154647769e-03
-5.534257934939519792e-03
-5.453761416962103412e-03
-6.417712280519890199e-03
-5.592317421693262201e-03
-5.402443826721359602e-03
-5.286422651576926784e-03
-5.346425392298628614e-03
-5.177346019248920371e-03
-5.136918875406972472e-03
-5.038038081698461255e-03
-5.111769974561876026e-03
-4.940078905561967083e-03
-4.861084943269942081e-03
-5.417409123092049340e-03
-5.358837303118872859e-03
-5.101088072690980989e-03
-1.014782199640799736e-02
-6.032534365962676816e-03
-5.407102670208409172e-03
-5.231539872202493717e-03
-4.984015090212443912e-03
-4.836998402751162621e-03
-4.726054309277093884e-03
-4.636445132893214117e-03
-4.559592986349119033e-03
-5.169508991154101243e-03
-4.850491677861125915e-03
-4.885270031224578195e-03
-4.700604605285782153e-03
-4.580083574867536804e-03
-4.446450268011051948e-03
-5.021484023633255613e-03
-4.432350451494723384e-03
-4.305989909617616990e-03
-4.227637200273690228e-03
-4.166327623734072255e-03
-4.114163858076055197e-03
-4.067393036735108755e-03
-4.024260130808443060e-03
-5.124901168465292346e-03
-4.317638434671847505e-03
-4.715700181253780834e-03
-4.314043845915839157e-03
-4.189852613120366963e-03
-4.125546797812192946e-03
-4.129293175483795923e-03
-4.149502336677518555e-03
-4.380476390377720936e-03
-3.942926976629682750e-03
-8.451487040725387187e-03
-5.483221946853172185e-03
-4.813656450734301803e-03
-4.699387045127315261e-03
-4.992235731365808442e-03
-4.663116046291013693e-03
-4.510311833535081590e-03
-4.285650321421176356e-03
-4.293366965409607140e-03
-4.020553158732845071e-03
-4.531224354830332146e-03
-4.158172897396266582e-03
-4.239591799260066136e-03
-3.922019111340308180e-03
-3.799459466925914856e-03
-4.196728528404656232e-03
-3.886404825767358993e-03
-3.831562536485675491e-03
-3.686736148306819002e-03
-4.129699228296406649e-03
-3.724098414762537588e-03
-3.611965819007820298e-03
-3.542971436143170418e-03
-3.850483642189528148e-03
-3.894074902906432319e-03
-3.552517756750669334e-03
-3.562659999750423211e-03
-3.506583135719712561e-03
-3.418616499256223358e-03
-3.529617807003971545e-03
-3.369923383011935898e-03
-3.511067060574707237e-03
-3.367940709276166268e-03
-3.641030659379603830e-03
-3.641537654790898831e-03
-3.538551166568659929e-03
-3.350855205761760734e-03
-3.277603112848100249e-03
-3.433158692284709549e-03
-3.257895484243557380e-03
-3.201599590957674140e-03
-3.756487399620102828e-03
-3.392785684513495523e-03
-4.318309577895697651e-03
-3.662223281250167727e-03
-4.225367833864222301e-03
-3.824121375013681771e-03
-4.198985776168883202e-03
-3.636118453259899481e-03
-1.744066783300312906e+01
-8.124038960294194256e-02
-3.771058815144485293e-02
-2.575181965750319643e-02
-1.911446382650102208e-02
-1.543158066344977111e-02
-1.457780150876542349e-02
-1.183536366135486823e-02
-1.056283614476178495e-02
-9.727775039856166248e-03
-8.776810011925175598e-03
-8.333493725942909061e-03
-8.233091871252732827e-03
-7.332482866538334552e-03
-6.889688622969752756e-03
-7.468115828704303960e-03
-6.936716671457386976e-03
-7.073389570735434846e-03
-6.265597793458601260e-03
-5.992414448335641776e-03
-5.856273308301991956e-03
-5.536698644946017218e-03
-6.094523845235223086e-03
-5.866111465434102959e-03
-5.290851451518589071e-03
-5.203155428486505932e-03
-4.943722694940702427e-03
-4.788268142576120219e-03
-4.722197109433948041e-03
-4.586464549722923598e-03
-4.543541615020628942e-03
-4.420221164049712402e-03
-4.604859504025046735e-03
-4.669598384228430821e-03
-5.019111059337163366e-03
-5.322166256699143415e-03
-9.247049616575016978e-03
-5.664778533803064772e-03
-4.982456859653271869e-03
-5.623158221520233209e-03
-4.876860661460321635e-03
-4.535889934792671635e-03
-5.306823807431385216e-03
-5.057710881121517746e-03
-4.991391247742262872e-03
-4.491218028922085159e-03
-4.265252414976280528e-03
-4.179164907282026387e-03
-4.078130053434693425e-03
-4.200629577707106106e-03
-4.340794484651498870e-03
-4.509071006276887776e-03
-4.885483107360291156e-03
-4.150453074189482811e-03
-4.102791429934964963e-03
-4.007819208040791330e-03
-3.830110442900615340e-03
-5.304357250939742939e-03
-4.257958777556959847e-03
-4.589422136907610368e-03
-3.947722952228071430e-03
-3.775084264109107145e-03
-3.665469362473803335e-03
-4.041999795896532820e-03
-3.698648336560048187e-03
-3.573008860927151965e-03
-3.574284407418762844e-03
-3.678659659806651078e-03
-4.411261246299706847e-03
-3.893599013486877172e-03
-3.996969872951488395e-03
-3.644171579858207326e-03
-3.609206763530486885e-03
-4.946674999393610266e-03
-1.238521483352746436e-02
-1.354182958320345950e-02
-1.363274964567338585e-02
-9.575390960448527597e-03
-8.650890346953427415e-03
-7.782798243333337480e-03
-7.198375336403572446e-03
-7.698417094327454635e-03
-8.354925893987423177e-03
-7.127524752900077885e-03
-7.239269030300282681e-03
-5.836936939540959823e-03
-6.746918846929762618e-03
-5.399931074271157108e-03
-5.026613487231096702e-03
-6.473125810464434859e-03
-6.389796430838595373e-03
-5.811062778916359882e-03
-5.366086174738029548e-03
-4.798760620220096640e-03
-4.792415533054712740e-03
-4.474753125437823907e-03
-4.418294559826082754e-03
-4.163358969140159432e-03
-4.500932409664072653e-03
-4.023901373088041231e-03
-3.884996650999903225e-03
-3.783941997878611206e-03
-3.755293606659761748e-03
-6.970649036790316222e-03
-4.963583117368988371e-03
-5.233938048980000222e-03
-4.656935853029806581e-03
-4.412526356786743327e-03
-4.070656579705364195e-03
-6.571444649653021552e-03
-4.820072977283334885e-03
-4.583382987241799156e-03
-4.073489331697442532e-03
-5.163160246517195517e-03
-4.747909596112937468e-03
-4.190433661531427212e-03
-3.916067407071443032e-03
-3.842094670740956158e-03
-4.487656854677015382e-03
-3.958607240957610907e-03
-3.709822018229416447e-03
-3.570713247368671218e-03
-3.717000278592176923e-03
-4.882357963743532391e-03
-4.176124484021724419e-03
-3.792759982013375712e-03
-3.603633367073283411e-03
-3.478950668180117323e-03
-3.755098423200859889e-03
-5.670025344740044215e-03
-3.837023588987017314e-03
-3.822867545687157111e-03
-3.534340107793278174e-03
-3.546206392453712854e-03
-6.872257344706497392e-03
-5.869577847823862285e-03
-4.855386158364314447e-03
-4.255756898491425654e-03
-4.079067503076547023e-03
-3.751821586664367061e-03
-3.916134939684046655e-03
-3.527872893585049310e-03
-3.397985749070117200e-03
-4.346280872299670972e-03
-5.229625863258261648e-03
-4.157478352458734115e-03
-3.913780403293395591e-03
-3.599884358542148038e-03
-3.849210863251204939e-03
-3.555490225491678841e-03
-6.427205895105126375e-03
-4.362065793603008869e-03
-6.597776227757383774e-03
-4.864880831540871128e-03
-4.244062415944932845e-03
-4.175588249979499816e-03
-3.788274788267537510e-03
-1.281694336605570150e+01
-9.375309417808333490e-02
-3.033330622119905298e-02
-1.774834691018903343e-02
-1.349277634789896978e-02
-1.062683779931552705e-02
-9.041760771105961450e-03
-7.925982032197678370e-03
-7.327678839833060530e-03
-6.617930658527965831e-03
-6.120085135760975313e-03
-5.900363999658233410e-03
-5.752756636185285370e-03
-5.482035636032647243e-03
-5.091741553627700430e-03
-4.845185806004821162e-03
-4.777243945436758857e-03
-4.531530738544372119e-03
-7.747285576783949183e-03
-6.001135943650173082e-03
-5.783152652307942641e-03
-5.106094411044490369e-03
-4.751309625864233270e-03
-4.507136927727023804e-03
-4.623054791297225366e-03
-4.472609748798416288e-03
-4.391048285877167251e-03
-4.178296865751403473e-03
-4.300730175654469273e-03
-3.923184724645040720e-03
-4.493634481295709707e-03
-4.174678378800501626e-03
-3.986985560070276796e-03
-3.797909055595080109e-03
-3.677370608410824877e-03
-4.537704738873873586e-03
-3.986616192223117749e-03
-3.712687354196624392e-03
-3.554381749550809561e-03
-3.467506253340684776e-03
-3.483369624356476291e-03
-3.374168889784034085e-03
-4.003203147716017686e-03
-3.583411234381237830e-03
-3.423843022493690703e-03
-3.327698022138602611e-03
-3.380697667670090004e-03
-3.253535325023248440e-03
-3.185967291746443029e-03
-3.540719466393198699e-03
-3.294038130497951421e-03
-3.186929867109519841e-03
-3.118294926949953614e-03
-3.066701402787759979e-03
-3.241929990831555856e-03
-3.033437444626775874e-03
-3.183366281377384907e-03
-3.045420034998698022e-03
-3.115769502445532666e-03
-4.684370350677181938e-03
-3.599778464885448805e-03
-3.299843455906788237e-03
-3.897561096246584394e-03
-3.392971482573369554e-03
-3.201161077911665511e-03
-3.807074686906245994e-03
-3.283604398109097634e-03
-3.246243335372575416e-03
-3.072400148395366178e-03
-2.985898247015304763e-03
-2.925485773320526343e-03
-7.168988572362818869e-03
-4.135625447885578863e-03
-3.560562110649488892e-03
-3.300559406657145676e-03
-3.148126513818234277e-03
-3.158739750958671801e-03
-3.025491050326136865e-03
-2.945991642985956380e-03
-2.951324633023713270e-03
-2.872066182312414673e-03
-2.821196965726204941e-03
-3.136756673817955084e-03
-2.901928397952084279e-03
-2.805677631521602284e-03
-2.751670142047493457e-03
-2.713666637301511038e-03
-2.682033475492928351e-03
-2.850128460282341271e-03
-2.701860321482678524e-03
-2.726821184787205435e-03
-2.858303935188631802e-03
-3.042450046084353710e-03
-3.011836128778779247e-03
-2.782004660888382896e-03
-2.693944566190800607e-03
-4.268794981213638352e-03
-3.098286156467946247e-03
-2.974334635217747245e-03
-3.843041496795109990e-03
-3.120421127760328317e-03
-2.904904297825736115e-03
-2.897643439552020309e-03
-3.408423763434351161e-03
-2.921186270006790025e-03
-2.775157071794460886e-03
-2.694516720737590802e-03
-3.012859751174924022e-03
-2.648940283552685473e-03
-2.703727660926766394e-03
-2.727617601042114405e-03
-2.613121153195547761e-03
-3.534304304455499271e-03
-2.820875678457031473e-03
-3.550639634892164848e-03
-4.023401913100088829e-03
-3.471462055044555531e-03
-3.097323663129004749e-03
-2.916498237744916643e-03
-4.455703693928623858e-03
-3.508289265626560616e-03
-3.506601667288913177e-03
-3.107306893196016932e-03
-3.215983933517966437e-03
-3.283715466166162514e-03
-2.961530429459125358e-03
-3.228310771296251987e-03
-2.919594476513885824e-03
-3.155261652880460982e-03
-2.970021667414925615e-03
-2.792118722099994933e-03
-2.914896275841288333e-03
-2.728540563371028432e-03
-2.652251072208957564e-03
-2.596622479020159729e-03
-2.687073275662410325e-03
-2.643735474743223388e-03
-2.640932395543045281e-03
-3.115092277375673072e-03
-2.696778540071238968e-03
-2.716250610255551302e-03
-2.578323772456268207e-03
-2.516453364965275975e-03
-2.474874518431766871e-03
-2.442305368369018098e-03
-2.414538055026530568e-03
-2.392281297134035700e-03
-2.371036673450081268e-03
-2.353473230977806349e-03
-2.336083326714821513e-03
-2.321156898296871350e-03
-2.306490862027502347e-03
-2.293430391182369864e-03
-2.431978306373921463e-03
-2.671870461588169397e-03
-2.380549597423428903e-03
-2.849529431658339666e-03
-2.443475192817057100e-03
-2.357593286287712996e-03
-2.313418204419604319e-03
-2.284259797578992723e-03
-2.813872806476777535e-03
-2.413138779035086442e-03
-2.326508094849551525e-03
-2.641144102818122723e-03
-2.438360224660886776e-03
-2.354776562788242489e-03
-2.632406752917294812e-03
-2.318876305388751276e-03
-2.272725347465714800e-03
-5.774580103868733570e-03
-4.151518733807746213e-03
-3.603985919572383172e-03
-3.537577450068735401e-03
-3.253446035329554935e-03
-3.752577680456033963e-03
-4.688494248069443975e-03
-3.404725262331279902e-03
-3.034939935058404356e-03
-4.071279643979361720e-03
-3.265760073918907817e-03
-5.611352778400864605e-03
-4.116536012598508674e-03
-4.080608960423530961e-03
-3.364970037949588464e-03
-3.115833449174462959e-03
-3.691249568408764246e-03
-3.286424641861714849e-03
-2.964379997678732222e-03
-2.902969042667432123e-03
-2.762847018469379370e-03
-2.672825543111045921e-03
-2.605680704274391385e-03
-2.551969295481585232e-03
-2.785988978006500097e-03
-2.558185950425864025e-03
-2.604319188635348566e-03
-3.162577455108219956e-03
-3.132785410967632231e-03
-3.099292922339201128e-03
-2.864715683725157103e-03
-2.756919130529491332e-03
-3.931750073625027431e-03
-3.241918796204655909e-03
-2.970427142838551193e-03
-2.715532503957579329e-03
-2.601693545275885183e-03
-2.966112718612803293e-03
-3.427503556623972755e-03
-2.810340629740082277e-03
-2.631296306342581492e-03
-2.533756373531495954e-03
-2.467029328542323045e-03
-2.416390470136098052e-03
-2.681942635417374626e-03
-2.484853230689571587e-03
-3.296149096787529334e-03
-2.575099309687062417e-03
-2.445174038264656246e-03
-2.491240580129669164e-03
-2.506885759785494432e-03
-2.387303319603866717e-03
-2.464731417058893016e-03
-2.317262961274010966e-03
-3.966147435230737463e-03
-3.166446015510200173e-03
-2.915399714770929452e-03
-2.685304203177647352e-03
-2.707617792221765889e-03
-2.536736920804773081e-03
-7.081898096793755835e-03
-4.257622717308464332e-03
-4.583090626070754001e-03
-3.497301365281583595e-03
-3.698466332675399027e-03
-3.049623744112954418e-03
-3.106571751093179217e-03
-2.789302849089744709e-03
-2.934463011865330335e-03
-2.634847165695048451e-03
-2.814550672740938776e-03
-2.522265808120028457e-03
-2.900855709634493455e-03
-3.630147355300981146e-03
-4.546443465811398840e-03
-3.359656597405895513e-03
-2.948857717852673178e-03
-2.895183893936704566e-03
-2.660991371477322998e-03
-2.611398708969031070e-03
-2.769868969565988243e-03
-2.542804402495530899e-03
-2.451241572290596259e-03
-2.591482679543777139e-03
-2.423998994720389082e-03
-2.355901092801577709e-03
-2.309643839409803931e-03
-2.273925457496175917e-03
-2.413919465536597600e-03
-2.260479882654409765e-03
-2.654162679110778304e-03
-2.557402006137167016e-03
-2.441847885070095800e-03
-2.421397193462255810e-03
-2.873233101362220043e-03
-3.453350557385720908e-03
-2.474331465178201701e-03
-2.335154992634544749e-03
-2.263608984736674434e-03
-2.340865701247818627e-03
-2.384117513723699264e-03
-2.427312058022066364e-03
-2.261035226118265819e-03
-2.507615496106281854e-03
-2.422986453328888120e-03
-3.690948282460896138e-03
-2.648554873442202692e-03
-2.619099929232688792e-03
-2.456852069649423202e-03
-3.740798472799123243e-03
-3.186995915026954573e-03
-3.567561530124570019e-03
-3.058166312400606001e-03
-2.599454034542406870e-03
-2.437345703834936997e-03
-2.340480166098227437e-03
-2.266944313108628338e-03
-2.222323508969226580e-03
-2.181711794312185277e-03
-2.148546612016861111e-03
-3.519023315347411408e-03
-2.596158886034952325e-03
-2.373894032897596196e-03
-2.266393082505954986e-03
-2.199314446295811028e-03
-2.384414048155249384e-03
-3.875267095161737813e-03
-3.354032582299965905e-03
-2.919301991994721190e-03
-2.592837965926459657e-03
-2.442758825125535774e-03
-2.346126112074988206e-03
-2.442273181874539314e-03
-2.263672143539582123e-03
-2.422644463171271575e-03
-2.266407624888024802e-03
-2.197060943560248843e-03
-2.151160948800895541e-03
-2.115976676368743880e-03
-2.620634160085378271e-03
-2.330128795427070017e-03
-2.177272588453181643e-03
-2.604793503933550483e-03
-3.636850421261336209e-03
-3.008538259303679060e-03
-2.556189250939692147e-03
-2.373954782155537121e-03
-2.425178942461273142e-03
-2.325696543573304784e-03
-2.218212779330391241e-03
-2.207763573648376804e-03
-2.137836620496531056e-03
-2.614041375120759216e-03
-2.152094780818492557e-03
-2.073372129384098896e-03
-2.217569436930597136e-03
-2.917531480641548814e-03
-3.030350382741582149e-03
-2.515613213720128277e-03
-2.275731280071806046e-03
-3.481826772156187012e-03
-1.215509802242109756e-02
-5.487176488369885190e-03
-5.158930829639646852e-03
-6.053617880194427613e-03
-5.206131318777698809e-03
-8.892823567122053532e-03
-7.401740941762970094e-03
-5.497594479291726711e-03
-4.594685803215367743e-03
-5.610408729140276690e-03
-5.905195801183584121e-03
-4.391321864301697166e-03
-3.856619172884942406e-03
-5.811840320392602614e-03
-5.654722545979509046e-03
-4.375884545717349805e-03
-4.138655753804600101e-03
-3.858891485206229072e-03
-3.511667978486520108e-03
-3.258442158689001892e-03
-3.086038240608121683e-03
-3.511061488146544236e-03
-3.295670562429301158e-03
-3.472072826099735585e-03
-2.964598158207011440e-03
-2.884920787455033057e-03
-3.143925582833170720e-03
-2.943996593701367522e-03
-2.731733142148600694e-03
-2.623105187529870680e-03
-2.628417334297035012e-03
-3.787956418805416003e-03
-2.923883253881856895e-03
-2.783396065334598456e-03
-2.614514404507624519e-03
-2.514945224993676235e-03
-2.443843209094933005e-03
-2.388993956450399629e-03
-2.342632214191026768e-03
-2.304553045573489844e-03
-2.624862684438048713e-03
-2.376995642262861187e-03
-2.496866338239078602e-03
-2.343127623619616854e-03
-2.272261886548798161e-03
-2.226563136617101292e-03
-2.445715271187880527e-03
-2.287587494046771155e-03
-2.219125872891468051e-03
-2.174615204652396126e-03
-2.653700699085175755e-03
-2.509867980104315676e-03
-2.504956276603373909e-03
-3.220264893157992470e-03
-2.305718014775480149e-02
-6.404988053042733748e-03
-4.426364303262503991e-03
-3.773033746446653042e-03
-5.022539397151604482e-03
-3.767338708837017144e-03
-3.403524585356032962e-03
-4.094191801110562932e-03
-7.187584486142788685e-03
-5.270452443227518179e-03
-4.334965698321304947e-03
-3.967207654348541869e-03
-3.545135987785589474e-03
-3.296181284501726889e-03
-3.250724837505884930e-03
-3.109719521928139968e-03
-3.085379287848940937e-03
-2.890347929730393943e-03
-2.769899883631681860e-03
-2.681001800332566409e-03
-2.609504410696407775e-03
-2.548591153035180672e-03
-2.496098221363186875e-03
-2.449414636681914240e-03
-2.408512905394840937e-03
-3.390506457420113234e-03
-2.809060189818149856e-03
-2.741337760054889626e-03
-2.558121892500282019e-03
-2.461238100539033836e-03
-2.394732238512444714e-03
-2.502125257776947366e-03
-3.314984774107890622e-03
-2.696534431389837911e-03
-4.063295773810153728e-03
-3.970449335649830006e-03
-3.515332707617675745e-03
-3.095446205706815692e-03
-2.975295175875655816e-03
-2.705250681807856022e-03
-2.564761176780857351e-03
-2.585349185261191177e-03
-2.451845403240730109e-03
-2.437791203866378556e-03
-2.569912121594496775e-03
-2.578921006098184969e-03
-2.397845767174921257e-03
-2.316671483998398832e-03
-2.262032611192739406e-03
-2.356040095726346338e-03
-2.650890191412478680e-03
-2.371437632719224781e-03
-2.832160015385124831e-03
-2.449029889237996742e-03
-2.318522118081986841e-03
-2.399297861290710081e-03
-2.339392936251013383e-03
-2.313111264832621618e-03
-2.218604045943240854e-03
-2.378264587291012422e-03
-2.178716573853931634e-03
-2.126366815434472309e-03
-2.465084496470437442e-03
-2.230251507923249402e-03
-2.133522828063569212e-03
-2.533337502144842723e-03
-2.434256006409766474e-03
-2.158594089340653589e-03
-2.378781870767495820e-03
-2.145136882553866971e-03
-2.079675038721010352e-03
-2.040713908300107859e-03
-2.012832690964346059e-03
-2.067767272903316134e-03
-2.093631523951126287e-03
-2.019241910447657547e-03
-1.984093922476710178e-03
-1.960182211544346260e-03
-1.941545379882502007e-03
-2.886651990486924745e-03
-2.154463034451152992e-03
-2.034842587240779689e-03
-2.234880226154555005e-03
-2.065461354310536846e-03
-1.999885646231020376e-03
-1.960914205542774874e-03
-2.321414872220751296e-03
-2.394444308876429121e-03
-3.012603386721860246e-03
-2.367785804296827345e-03
-2.246008766467558551e-03
-3.077373844155233129e-03
-2.288428920539341705e-03
-2.144430575829319244e-03
-2.068286560145145888e-03
-2.017704051270532897e-03
-1.980937882974201456e-03
-1.952173555305677065e-03
-2.234772848730985553e-03
-2.031595142933500728e-03
-1.968868151106075923e-03
-8.418355505776803013e-03
-3.343718924563740535e-03
-2.889797168424716820e-03
-2.510290412479466039e-03
-2.689010041655882661e-03
-2.942382262698352985e-03
-2.952889008492424854e-03
-2.379554082115162630e-03
-2.413986276588664208e-03
-2.214705254827635961e-03
-2.124941305528334819e-03
-2.066440940251691727e-03
-2.023045624440979618e-03
-1.507663228745485995e+01
-1.335353760927152425e-02
-7.175629523022475365e-03
-5.185790015690030889e-03
-4.261081382730692521e-03
-4.252502027337136913e-03
-3.556838671949644030e-03
-3.585315761186152680e-03
-3.218412128313005976e-03
-2.940627478432053868e-03
-2.818180537769591001e-03
-2.734156622559481570e-03
-4.450609072103442476e-03
-3.063775612570210187e-03
-2.709404630154745985e-03
-2.554178120363701475e-03
-2.452914246295527425e-03
-2.377218701202821888e-03
-2.317170981779194741e-03
-2.266873534459755511e-03
-2.223819982092092688e-03
-2.185532374596549105e-03
-2.684174998936493962e-03
-2.305944470181434895e-03
-2.204207867107673552e-03
-2.146857773479561061e-03
-2.106761606581268251e-03
-2.074285695804102200e-03
-1.829821752757979439e-02
-4.780525373183683487e-03
-3.802457581687992017e-03
-3.058795425143282561e-03
-2.860890751679875509e-03
-2.845653620688120763e-03
-2.523704913772878856e-03
-2.403482965395672879e-03
-2.319161593408437978e-03
-2.254173017296503580e-03
-2.403010628620584101e-03
-3.291357554459979195e-03
-7.413230601008242125e-03
-3.572853243364801801e-03
-1.647095958500349733e-02
-5.108357293604990149e-03
-4.179561842831440964e-03
-3.388050883200892718e-03
-3.042043517551284298e-03
-2.821710808988324957e-03
-2.666817485527487718e-03
-2.800377345230849278e-03
-2.526768652854191263e-03
-2.861123817624241887e-03
-3.771324041120442498e-03
-3.226399998312418863e-03
-3.660827842291575641e-03
-2.904349930951364255e-03
-8.352966925444635718e-03
-5.437394450542006388e-03
-4.592408055418035692e-03
-3.826214561035746163e-03
-3.417842461422517311e-03
-1.861577740835815931e+01
-1.003904384886318557e-02
-6.419177298451355512e-03
-5.251116491286635622e-03
-5.444393485592600480e-03
-4.482266853655786192e-03
-4.680625161489073739e-03
-4.618765443023874033e-03
-3.676317227149732310e-03
-3.552949932453352937e-03
-3.261363640378379426e-03
-3.447125745034360263e-03
-3.896157743736884064e-03
-3.091424581920251737e-03
-2.955574205762773882e-03
-2.797300575593384547e-03
-2.694289386191861795e-03
-2.614055168760917678e-03
-2.547383487343857396e-03
-2.490193709062787572e-03
-2.440139660901115108e-03
-2.640659286671596245e-03
-2.532435335283135004e-03
-2.507570558646768800e-03
-2.515115237663394232e-03
-2.535130460809993484e-03
-2.832310005946638790e-03
-2.609765695103385009e-03
-2.482476437759288408e-03
-2.397578435883268751e-03
-2.430357581132306082e-03
-2.334365292826467639e-03
-2.342270334713538165e-03
-2.261281750052420748e-03
-2.456110890264804215e-03
-2.599608186416504842e-03
-2.327433122145627659e-03
-2.175404141515073237e-03
-2.229469244790874619e-03
-2.272975746646451259e-03
-2.461376336050927899e-03
-2.234582035841405079e-03
-2.468571123509735558e-03
-2.210486329374881324e-03
-2.134195255369356926e-03
-2.088381986141741014e-03
-2.237697667518880745e-03
-2.221634397055639344e-03
-5.324647238385704466e-03
-5.727722120255038761e-03
-4.854086933747600585e-03
-4.019495321351437313e-03
-3.331182130053044962e-03
-3.603829226438763807e-03
-3.218452124401425911e-03
-2.800793141848314551e-03
-2.630519486134357161e-03
-3.002563844784492987e-03
-2.603178948193287170e-03
-2.461203456935566990e-03
-3.749219127917625093e-03
-2.616588360301029016e-03
-2.429808680408787353e-03
-2.329615736217302557e-03
-2.260561241614382055e-03
-2.207738623733589405e-03
-2.165023420489207116e-03
-2.128999435356325985e-03
-2.202418393834865151e-03
-2.132688246666075357e-03
-2.808479334497856507e-03
-2.221694890079848120e-03
-2.269445395820469426e-03
-2.139344917391386870e-03
-2.082420217893440461e-03
-2.044060614940320340e-03
-2.114490115010591014e-03
-2.044402354792159478e-03
-2.006648082319520323e-03
-2.753346835481837191e-03
-2.331716437360312200e-03
-2.180881698186430944e-03
-2.302685415809557854e-03
-3.080069876281627938e-03
-2.445403209076669679e-03
-2.252166270774479118e-03
-2.697537338070112554e-03
-2.307393067037154070e-03
-2.175420020453578893e-03
-3.055743460856491511e-03
-2.435516673828876360e-03
-2.246915501752370058e-03
-2.339000942698613549e-03
-2.184904846458524032e-03
-2.291285824587768836e-03
-2.123351350216175389e-03
-2.054221987962465048e-03
-2.050852728538243765e-03
-2.222125778635985257e-03
-2.041779291023637123e-03
-1.983004294631528393e-03
-1.946508878983202852e-03
-1.919011897297902627e-03
-1.897256754706685110e-03
-1.939940623379287233e-03
-1.889878820596349335e-03
-1.992544060102673011e-03
-1.906946466352765508e-03
-1.870449571275845796e-03
-1.992990481028748557e-03
-1.992809154516773408e-03
-1.897236862369218414e-03
-1.907401117284133335e-03
-1.858006168342530608e-03
-1.830686705815313519e-03
-1.975887604994449893e-03
-1.890987456026110977e-03
-2.358381526351901840e-03
-4.967590679815791360e-03
-2.948871648134392554e-03
-2.621858601526764511e-03
-2.306855816248071320e-03
-2.162996207852849011e-03
-2.071539912470886889e-03
-2.007874936073845810e-03
-1.957626352818397832e-03
-1.327888880976893127e+01
-1.437114468100549394e-02
-6.734954414951739229e-03
-4.761835751359202139e-03
-3.900459576911830158e-03
-3.370417661683741337e-03
-3.196793320015636243e-03
-3.070378186354853333e-03
-2.953849908837350574e-03
-2.622478104010017314e-03
-2.486335523665686442e-03
-2.506502881253157983e-03
-2.355819319536082805e-03
-2.274036378943823482e-03
-4.432009228979511306e+01
-8.481458118194606932e-02
-3.982566420004060581e-02
-1.205835079302827045e-02
-9.591554521199032249e-03
-7.386737942970071809e-03
-5.597692455762228771e-03
-5.264616387390728611e-03
-5.012835617463719251e-03
-4.800355564576357092e-03
-4.731012868317515697e-03
-4.980437145176561629e-03
-4.615901288524611699e-03
-4.188761446504844430e-03
-4.228068047090487516e-03
-4.252418313365466385e-03
-3.985381390693690587e-03
-3.827534046204227568e-03
-3.706960327492427737e-03
-4.642670442747063621e-03
-3.825948093465009192e-03
-3.614501921899954812e-03
-3.486655964049066234e-03
-3.498456195930880943e-03
-3.362441810150967013e-03
-3.272650405900248086e-03
-3.694392818019131934e-03
-3.311551875562962662e-03
-3.308388485793022343e-03
-3.337933338782599155e-03
-3.250127387522019472e-03
-3.193051256327149312e-03
-3.044563490172248841e-03
-3.161072427287023485e-03
-3.107937772932646992e-03
-2.961539041896243431e-03
-2.881362756506491724e-03
-2.822385276175635050e-03
-2.918976079936359391e-03
-3.050076069727697663e-03
-2.783953609607970909e-03
-2.668538629853130836e-03
-2.629037228245519140e-03
-3.836217481406613197e-03
-3.058139833280343681e-03
-2.959907013964924605e-03
-2.794552712251894243e-03
-2.700491903811203572e-03
-3.368979524085739027e-03
-2.824401380145232388e-03
-2.747203845286332827e-03
-3.259114020667001552e-03
-3.910666176544805826e-03
-2.946675068831955055e-03
-2.736038425074748502e-03
-2.675714154859161129e-03
-4.074915458219379241e-03
-3.069343620945400985e-03
-3.362736695589713283e-03
-2.832684215575318257e-03
-2.666909273187898378e-03
-2.571148736759635602e-03
-2.503626677607470249e-03
-2.758546147544222674e-03
-3.213915254069326256e-03
-2.713998136702796670e-03
-3.020961896418373083e-03
-3.368827622307413519e-03
-3.221244448930738781e-03
-2.664641176075586114e-03
-2.523958777299034791e-03
-2.512735764082531936e-03
-4.550974809155756452e-03
-3.265286394574881505e-03
-2.761643276496955363e-03
-2.584188841657214259e-03
-2.780128155123790315e-03
-2.728944499519671361e-03
-2.612378202534125157e-03
-2.653280763268545638e-03
-2.520565884768663067e-03
-3.253449653753672562e-03
-2.878198387841426724e-03
-2.606065356341629672e-03
-2.475357016642058469e-03
-2.392110261619160173e-03
-2.332769320364008921e-03
-2.489842584066470892e-03
-2.358105710150252502e-03
-2.441388060541958664e-03
-2.310932405864749278e-03
-2.248378542690479889e-03
-2.361548784034590929e-03
-2.249886838868145073e-03
-2.890069680453593529e-03
-2.531896277347706059e-03
-2.540677901893746617e-03
-2.312021995993201150e-03
-3.070140937869464664e-03
-2.397465039782359364e-03
-2.262753535963200630e-03
-2.312040776548109685e-03
-2.192829266272325675e-03
-2.315457338611025435e-03
-2.707360723663724666e-03
-2.449008419676580294e-03
-2.381720973727038601e-03
-2.216778756420522117e-03
-2.604389111341415177e-03
-2.192250650604656275e-03
-2.662080814085923935e-03
-3.378340536526905878e-03
-2.652136932256548684e-03
-2.480977695252894414e-03
-2.556707827146753511e-03
-2.316284622052921377e-03
-2.219594294015607514e-03
-2.964271396956743611e-03
-2.408384471821795134e-03
-2.520039082326596454e-03
-2.228538921904854499e-03
-2.150001423708327881e-03
-2.100511595263263812e-03
-2.063748282556062547e-03
-2.121911709804863086e-03
-2.043246681262867164e-03
-2.495934427334751352e-03
-2.248969099045815788e-03
-2.782793143187009977e-03
-2.377641857887971381e-03
-2.220539271130940288e-03
-2.133406789100783432e-03
-2.075925261876606503e-03
-2.176073625968284308e-03
-2.075633151077432587e-03
-2.024116392946493335e-03
-2.946919707951879946e-03
-2.316666188659791993e-03
-2.153335288997867882e-03
-2.071267726820999119e-03
-2.432620070068310016e-03
-2.263433335327455932e-03
-2.105200991439830620e-03
-2.186416749611020012e-03
-2.108244250813244309e-03
-2.018217073404526048e-03
-2.175434743032668775e-03
-2.049995684605578159e-03
-3.341828797189751957e-03
-2.581220515030943196e-03
-2.543325646461500576e-03
-2.378609514118943877e-03
-2.194880750570753301e-03
-2.369419278751327355e-03
-2.148530417599183156e-03
-2.060406934576836796e-03
-2.005615154663368573e-03
-1.966409713560164640e-03
-2.200824719811010372e-03
-2.021679585307525721e-03
-2.160406166528592263e-03
-2.002064792109742829e-03
-1.942818091803113090e-03
-2.045087624825778477e-03
-1.922140501325377828e-03
-1.883019260469374900e-03
-3.753660934711064000e-03
-2.594674935263936982e-03
-2.197824624693274238e-03
-3.651337678101842631e-03
-2.702788215470774275e-03
-2.388658784662320896e-03
-2.702473220251622003e-03
-2.261397951332853266e-03
-2.132614988943729115e-03
-2.055748733795716068e-03
-2.192028204367130369e-03
-2.042336661903225437e-03
-1.978484266817845134e-03
-1.936163625353595806e-03
-1.904315724118579509e-03
-2.391919860911666338e-03
-2.595691618722823207e-03
-2.264890432422471834e-03
-2.102960382603033963e-03
-2.015598064718188229e-03
-1.958983569328026208e-03
-1.917380126392458995e-03
-2.115332837622357909e-03
-3.090945479642940707e-03
-2.499691952851236347e-03
-2.204503859897770195e-03
-2.075326794647126914e-03
-1.997544418954305678e-03
-1.944822620190435379e-03
-1.904474568682317567e-03
-1.938825461823943811e-03
-2.832678085520021118e-03
-2.220516375045696392e-03
-1.269698320027972116e+01
-9.753891132301566180e-03
-5.794285786316155998e-03
-4.420639049361137218e-03
-3.722000729212509001e-03
-3.297287615035990327e-03
-3.587761932598773022e-03
-2.944032818574792223e-03
-3.035383191410956100e-03
-2.664511668608260386e-03
-2.635298427217565038e-03
-2.468337474292815661e-03
-2.862288682321871038e-03
-2.611163384191982594e-03
-2.366558456056086935e-03
-3.372155816427258642e-03
-2.760623220160773102e-03
-2.981855430455795843e-03
-2.586281155243921621e-03
-2.413144194618801423e-03
-2.428078653008721929e-03
-2.274257042449332258e-03
-2.194982032865566441e-03
-2.136274657038122332e-03
-2.090928839332418816e-03
-3.860175583078323883e-03
-2.546608269252385696e-03
-2.715961134517231798e-03
-2.322232230317925351e-03
-2.189328098114835201e-03
-2.497231186271139068e-03
-2.164167218069454248e-03
-2.074618396084840135e-03
-2.020523618799371750e-03
-2.316712158019718689e-03
-2.154767488074043561e-03
-2.156405696866080593e-03
-2.006368692673312932e-03
-1.952758966381735019e-03
-1.916438891370087893e-03
-1.889238861482614527e-03
-1.866112973208731334e-03
-1.846463190582279135e-03
-1.829132990420399580e-03
-1.813564657753634476e-03
-1.799448720283814080e-03
-1.786800653177797720e-03
-2.748657671823246176e-03
-2.191854685546679345e-03
-2.243404031671173988e-03
-2.224214649173688729e-03
-2.013344797144826955e-03
-1.923731786796876704e-03
-2.883637471396485307e-03
-2.851557337469695207e-03
-2.500324418005532047e-03
-4.353708040774632339e-03
-2.408429228385067494e-03
-2.157029720636615029e-03
-2.235040221896389054e-03
-2.185223324704493354e-03
-2.018849789780485446e-03
-1.941755782064229002e-03
-2.020456560831267179e-03
-1.917921049401848013e-03
-1.866365810641521395e-03
-1.940127002612430061e-03
-1.843044391660336387e-03
-1.805251559045583818e-03
-1.779323177973177400e-03
-1.759483125083168703e-03
-1.742574292690567085e-03
-1.896112655534711077e-03
-1.858351881699693781e-03
-2.617430839671583149e-03
-2.126974830589006219e-03
-1.974742175154395579e-03
-3.801482316910461106e-03
-2.182421683444049111e-03
-2.072621499609282516e-03
-1.932945075507285469e-03
-1.957206665355676767e-03
-2.053016637223105834e-03
-2.354937054653617225e-03
-2.025860080128265121e-03
-2.057529946308896043e-03
-1.893369115322822253e-03
-1.832066790795476227e-03
-2.278130639990950165e-03
-1.995529731265146319e-03
-6.978716359461242282e-03
-3.061808991327428630e-03
-2.485905247103000447e-03
-2.435862440706455280e-03
-2.149973009358712057e-03
-2.033666830457514767e-03
-1.957862150869986526e-03
-2.225384645321400873e-03
-2.657935183938094081e-03
-2.079363912978554607e-03
-1.958508697041121301e-03
-1.890322085423806536e-03
-1.843514425411035048e-03
-1.868284116207005177e-03
-1.970700274690567310e-03
-2.089910167939309539e-03
-1.917097615976089131e-03
-1.842206533707638075e-03
-7.115908482855577352e-03
-3.301362960164031142e-03
-3.307003425677890272e-03
-2.842441500920888774e-03
-2.040096498946555002e-03
-2.265429479947478689e-03
-1.965072212820881577e-03
-1.903354152930136767e-03
-1.861024207877551729e-03
-1.827270203398251129e-03
-1.799089932864417251e-03
-1.775101303740787362e-03
-1.753864443889768636e-03
-2.177052042097555977e-03
-1.845628938728462350e-03
-1.777648607956964664e-03
-1.867370662699132907e-03
-1.776652389003430905e-03
-1.735539688075910187e-03
-1.752314182603050777e-03
-1.712381967830726168e-03
-2.793163553690285010e-03
-4.739290426732062182e-03
-3.325543372659624762e-03
-2.488149128185505009e-03
-2.312010677592576426e-03
-2.116952799336664637e-03
-2.058538599909844405e-03
-2.978685616124636133e-03
-2.976051386167042744e-03
-2.452663478257788299e-03
-2.228808565779881370e-03
-2.096982282812966895e-03
-2.087308348400166748e-03
-2.083325268980269502e-03
-1.965546780207207741e-03
-1.900362064771723633e-03
-1.853559141082023300e-03
-1.905243598802068734e-03
-1.902441137130402677e-03
-1.826253845933822895e-03
-2.322992065381038109e-03
-2.287853912759384416e-03
-2.397707763657636049e-03
-2.407475100969657181e-03
-2.973260497465676864e-03
-2.353573688800464879e-03
-2.228342930968867010e-03
-2.017279966486843542e-03
-3.787215713848546272e-03
-2.665624089512687745e-03
-2.321016464135204627e-03
-6.827199104719326034e-03
-3.511091465741511802e-03
-2.826629591701872602e-03
-2.507589046482845089e-03
-2.383006546272681617e-03
-2.225135522256239604e-03
-2.352765660266433259e-03
-2.903602772082168517e-03
-2.264672227546608418e-03
-2.293589716812490832e-03
-2.066520344488658595e-03
-3.140397108780625200e-03
-2.493395573420079895e-03
-2.251156152568256023e-03
-2.116345239464284718e-03
-2.111017150936301840e-03
-2.423743256955861007e-03
-2.272849442994388965e-03
-2.723318377138864155e-03
-2.257685261348512003e-03
-2.200968577594478517e-03
-2.037065219457507952e-03
-1.953823487516594300e-03
-2.075061909258872194e-03
-1.978163394719216310e-03
-1.994723470975455579e-03
-1.870326083050355068e-03
-1.819302224720708910e-03
-1.784522751478366922e-03
-1.939053258099379803e-03
-1.822016604095575950e-03
-1.771425367595979997e-03
-1.738832435984687423e-03
-1.714127608420079477e-03
-1.777994395148372112e-03
-2.093833081390782374e-03
-1.862618590848920267e-03
-1.779785892622002879e-03
-1.732586318039407896e-03
-1.965949286103795858e-03
-1.801360208954532393e-03
-1.737410643913364465e-03
-1.699655806270071760e-03
-1.736823899194075722e-03
-1.681584561779971574e-03
-1.653795697532328777e-03
-1.634266243254815050e-03
-2.667606098290413019e-03
-2.456307871719878595e-03
-1.907532113363345381e-03
-2.372445793800891708e-03
-1.900872797051014014e-03
-1.784749875954478411e-03
-1.944967338587142401e-03
-1.898503278697953340e-03
-1.762183347953996410e-03
-1.704991882158943218e-03
-1.668849812014594480e-03
-1.808727540109822309e-03
-2.282712454135878751e-03
-1.943241463873609945e-03
-3.551824035654566839e-03
-2.833921828088351892e-03
-2.900861648686633293e-03
-2.303361920068124416e-03
-2.092286669653440397e-03
-1.970479837261821746e-03
-1.888166678328100220e-03
-1.894872360716490451e-03
-1.927638687090014406e-03
-1.803011953309627833e-03
-1.751553562147177643e-03
-1.715884390202666605e-03
-1.687799216122940751e-03
-4.685810599482746752e-03
-5.128032521950620128e-03
-3.500409763259388317e-03
-3.046852528050819717e-03
-2.604955668975584074e-03
-2.373359423541889293e-03
-2.219493134238502158e-03
-2.108962977626826531e-03
-2.025272351231569706e-03
-2.054884284855989802e-03
-1.941934403938041414e-03
-2.003596971041952425e-03
-1.900784507916884747e-03
9.981567646152604834e-01
-3.028001306353033176e-02
-1.004687523643877159e-02
-6.870903510466515665e-03
-5.174845223295767259e-03
-4.508060248958202509e-03
-3.940150908535589545e-03
-3.477632812662776515e-03
-3.172834736375343325e-03
-3.527360067587640997e-03
-3.003859369969988889e-03
-2.776618615417092081e-03
-3.969791170205479343e-03
-2.973151451199822562e-03
-2.685838673189208225e-03
-2.522579324083224720e-03
-2.457685580169874200e-03
-2.343255131641390748e-03
-2.743064342643711066e-03
-2.733265764695637888e-03
-2.442834959033299887e-03
-2.461559811933156008e-03
-2.692060127331359458e-03
-2.398740808184062108e-03
-2.258135987524490223e-03
-2.214397547019234056e-03
-2.281687174770292981e-03
-2.434176986478892198e-03
-2.186338002801557073e-03
-2.086256609873367394e-03
-2.192577280042289512e-03
-2.019664232851528865e-03
-2.121346489230645227e-03
-1.139278759241260826e-02
-5.812161031279297445e-03
-3.693535217519543570e-03
-3.886853139233434687e-03
-3.128819781171567668e-03
-2.769230799301092890e-03
-3.687291353739135732e-03
-2.954529706982771814e-03
-2.794552390818917220e-03
-2.912347783044436610e-03
-2.488796053871884534e-03
-2.338995592997268873e-03
-2.757647822299467890e-03
-2.313334766785806081e-03
-2.187961931367407662e-03
-2.109953532317101338e-03
-2.107949808680123754e-03
-2.031990409950190993e-03
-1.982569864679393189e-03
-2.245269150383648500e-03
-1.967066205220073093e-03
-1.912953984707600405e-03
-1.970822096436329086e-03
-3.048299315810506192e-03
-2.174468552608512916e-03
-2.009008522552874730e-03
-1.928535659888203210e-03
-1.947482515921721306e-03
-1.977567772241092640e-03
-1.871492061615691056e-03
-1.824217668495562448e-03
-1.791914786970141100e-03
-2.787817810927956889e-03
-2.053186277194873639e-03
-1.905668817495622964e-03
-1.834571550159653413e-03
-1.790178364500626422e-03
-1.757351148092797018e-03
-1.732237992648593284e-03
-1.711387936038851225e-03
-1.692926681387351686e-03
-2.216629344842762327e-03
-1.830922703549214348e-03
-1.748460665877216939e-03
-1.994191673723348570e-03
-1.901470495143381531e-03
-1.891863126600063687e-03
-1.844810165310606462e-03
-1.816500910613328855e-03
-1.741462930152611228e-03
-1.700962638267738665e-03
-1.673148469440210399e-03
-2.170790451385930936e-03
-1.710732770355992719e-03
