3.743777569256009485e+01
2.960951882664001644e+01
2.343862690657004322e+01
1.856691903820998846e+01
1.471590572908000816e+01
1.166911559992997205e+01
9.256200901379987300e+00
7.344238414180003893e+00
5.828702646359998241e+00
4.626702118244997664e+00
3.673079539968000073e+00
2.916378832324003412e+00
2.315763039858003136e+00
1.839002774464996381e+00
1.460465693866997094e+00
1.159935009646998250e+00
9.212710486679999144e-01
7.317318079090007199e-01
5.812304443490996508e-01
4.617053943469000554e-01
3.667787330706001048e-01
2.913873036337003009e-01
2.315184825645001110e-01
1.839718593472998431e-01
1.462102557317999929e-01
1.162325795418003294e-01
9.242818076329988031e-02
7.353425006270000730e-02
5.853539530941999358e-02
4.663561774439994867e-02
3.719419765855002530e-02
2.970593148199998298e-02
2.376494141041003011e-02
1.904735198047997902e-02
1.529226070474002004e-02
1.228690362861999813e-02
9.855860008090012309e-03
7.853640070609988616e-03
6.160038848225999480e-03
4.683420221116999481e-03
3.369822506693999006e-03
2.214711305097000031e-03
1.264310103562999799e-03
5.847831183532012237e-04
1.993269746902997391e-04
4.406370492770995614e-05
5.319940087626997427e-06
2.781757627074997796e-07
4.748367573100990870e-09
1.393850516368103865e-10
7.861491061894548448e-11
