1.214054764387849511e-01
1.179588182471369429e-01
1.354188043383852680e-01
1.577827471550475591e-01
1.264742274390778243e-01
1.224691052858078444e-01
1.156718624938007922e-01
1.136045400102561886e-01
1.473586619497600225e-01
1.229667358399976623e-01
1.159386218107819333e-01
1.175031335434904706e-01
1.116206517860630493e-01
1.144983570240904747e-01
1.373365605511361609e-01
1.191899971734285968e-01
1.130555903112477334e-01
1.138761811258538204e-01
1.084666252984231166e-01
1.255787829665996336e-01
1.104947524223259814e-01
2.671455248983908293e-01
1.751890158434572520e-01
1.533150761181694688e-01
1.338508153998247685e-01
1.342585114655731049e-01
1.254558017657695923e-01
1.169056888980560538e-01
1.446765081696804456e-01
1.361263958129962093e-01
1.341448350856879190e-01
1.288323897426251474e-01
1.309957192231538670e-01
1.259969855344695300e-01
1.189277779632937210e-01
1.170461376201568648e-01
1.120669230339228495e-01
1.108228618109433627e-01
1.099107130630078422e-01
1.060074501673964609e-01
1.133325611045927911e-01
1.071364345198077550e-01
1.073844935655040578e-01
1.056067276641506625e-01
1.079978019378116660e-01
1.033420039649328576e-01
1.044635065207565744e-01
1.135752600619816810e-01
1.017669094693259002e-01
1.119600788645279676e-01
1.134358863683709445e-01
1.042153313967630751e-01
1.003624921447719837e-01
1.030602693767448952e-01
1.088644600908849347e-01
1.187331364023286179e-01
1.077418387654258819e-01
1.190938453252232826e-01
1.213699529073088146e-01
1.119567835680276707e-01
1.052649580206610341e-01
1.196838263000895297e-01
1.089681912446670703e-01
1.188412927064840391e-01
1.110089747276338940e-01
1.214652900099856270e-01
1.254402192312605580e-01
1.141701120439375383e-01
1.060326593613288154e-01
1.051795073401889102e-01
1.022937165845023144e-01
1.014087589346454044e-01
1.012606277765555896e-01
1.200033430679220831e-01
1.073996540184385950e-01
1.017447081316224938e-01
1.202008021487467049e-01
1.044933250461777124e-01
1.009531929560760349e-01
9.831702781044156236e-02
1.090440407513975918e-01
1.025225614585354578e-01
1.064378893858322211e-01
1.468061034117713881e-01
1.204208725970865868e-01
1.145364748778414377e-01
1.055006738834157048e-01
1.069673271471106996e-01
1.028673635202999592e-01
1.003853542719190112e-01
1.070825030655098015e-01
1.112719108032733106e-01
1.088446020841480483e-01
9.962268767970015870e-02
1.022467042140130372e-01
1.120804293722039713e-01
9.762714267075357777e-02
9.915436666922426701e-02
1.018147127800490687e-01
1.021761826667978157e-01
1.092882283410108318e-01
1.022848349329684853e-01
9.994813342840987158e-02
1.023025257663854742e-01
9.702888269952530953e-02
1.141968159101677399e-01
1.013402345988205500e-01
1.118310554518297806e-01
1.118716296521894832e-01
1.039897517555169459e-01
1.032797749456334097e-01
1.215917207537474398e-01
1.094612837221389523e-01
1.084254532406029869e-01
1.146913081083980879e-01
1.087601134621336563e-01
2.098426674472497755e-01
1.292794265976266455e-01
1.257205340937074256e-01
1.098078912073288393e-01
1.036884712449812063e-01
1.015309890877388460e-01
1.009429582983789875e-01
9.922162553442306909e-02
1.008801636632113974e-01
9.771824453569498414e-02
1.032049492571987248e-01
9.591485842137388584e-02
1.004017726742722494e-01
9.975559738886193017e-02
9.538413361756505060e-02
9.792436374920299169e-02
9.424884483175960392e-02
9.768452018827902816e-02
9.504588141613688757e-02
9.275843324183030703e-02
1.569045302551708987e-01
1.298023133211179403e-01
1.344634636191746890e-01
1.169479179075458147e-01
1.151604266948623861e-01
1.047164452737452123e-01
1.063698884937105404e-01
1.002184240766391954e-01
9.790061172130544442e-02
1.049767384156036626e-01
1.099410858094142518e-01
1.050402164313041925e-01
1.080965035070565600e-01
1.203625998424726340e-01
1.038510634088369161e-01
1.037806624398312921e-01
1.823507077017878231e-01
1.199489887529747723e-01
1.526354496793465854e-01
1.198738368801497423e-01
1.119574146834627359e-01
1.068683433497884250e-01
1.029060955158383750e-01
1.016683741397349794e-01
1.024396085221726677e-01
1.024856591974650233e-01
2.187896798728732883e-01
1.377938169978084049e-01
1.274821463157889689e-01
1.204762093601328549e-01
1.165249923107674612e-01
1.143769379241697942e-01
1.127534394515283950e-01
1.050718942441908194e-01
1.014250448353973683e-01
1.026342093065119032e-01
1.045933233078929214e-01
1.057971251821071684e-01
1.011140650046924161e-01
1.552030481454718391e-01
1.225090036758759993e-01
1.203944045399753388e-01
1.370463090776532777e-01
1.133227453647794314e-01
1.171766655515396882e-01
1.112663106193760160e-01
1.076325768398577881e-01
1.033337199919561883e-01
1.007959918564947793e-01
1.024560755275750468e-01
9.744461844649443538e-02
1.003827083328536901e-01
1.089079484102795925e-01
1.329172893840421255e-01
1.048017410429397667e-01
1.097819538593831495e-01
1.049668635325096133e-01
1.019513667602301721e-01
1.016168228128052492e-01
1.036261982832392681e-01
1.049015209892167899e-01
9.959321610002222491e-02
1.056612322359069961e-01
1.163432401461678423e-01
1.027937158570480097e-01
1.029184928284960221e-01
1.125815996181085271e-01
1.030933743239104278e-01
1.022658821081764563e-01
1.057588826140339749e-01
9.626490845131145668e-02
1.108966435241743043e-01
9.988054917500302499e-02
1.024676950858232766e-01
1.028354987846299695e-01
1.079509799923296515e-01
1.028955656243556727e-01
1.430789962424531825e-01
1.185439736436219027e-01
1.218933072763186271e-01
1.068535929125162959e-01
1.025294688089600087e-01
1.134539243376510437e-01
1.089728448621821583e-01
1.088705351867594456e-01
1.142710353635637277e-01
1.112509190729491365e-01
1.052186211643655750e-01
1.002446396204972057e-01
9.612215692255286770e-02
9.714317640753040994e-02
1.387597378986890895e-01
1.102567380034993744e-01
1.183856048449123122e-01
1.546199006692318134e-01
1.228086697023992174e-01
1.106408609255542380e-01
1.090902710456304603e-01
1.054264191452067012e-01
1.088823253356530213e-01
6.171046854153078298e-01
3.760590261623079633e-01
2.716327381353825232e-01
2.191777823802816827e-01
1.915886911673593818e-01
3.382419254086809768e-01
2.290367443726404051e-01
1.883782405842272523e-01
1.718341129873585948e-01
1.582471505351959740e-01
1.843670829019626034e-01
1.806996473257304892e-01
1.435726921996900995e-01
1.427159161038895341e-01
1.519302523855067533e-01
1.359566445511199428e-01
1.311900719130161541e-01
1.247806337994267628e-01
1.202948323855454332e-01
1.152710137639850058e-01
1.118389142084961763e-01
1.177578526881958576e-01
1.150350613216555989e-01
1.163950018380714296e-01
1.133621913465008846e-01
1.175409590507192209e-01
1.240116283277212378e-01
1.179670811798566726e-01
1.180779949018920666e-01
1.105435712495236450e-01
1.122648682059021880e-01
1.321502532449252976e-01
1.198658038990279145e-01
1.175563944582195403e-01
1.123187249524936898e-01
1.179431317792088013e-01
1.207199102359761550e-01
1.128480677428484319e-01
1.088101117711871568e-01
1.073550709339386316e-01
1.239573108996733092e-01
1.109062760586681795e-01
1.050473958282489989e-01
1.074755236918717438e-01
1.240011931576347343e-01
1.163340060022452355e-01
1.116667570239667506e-01
1.163047726795539555e-01
1.088339216435698087e-01
1.053068273950411998e-01
1.012837266897247263e-01
1.085882604455796208e-01
1.046499091138304721e-01
1.025623431992573331e-01
1.044304253541895183e-01
1.099837377697922280e-01
1.035392131281284711e-01
1.007433161868757504e-01
1.083689906860872132e-01
1.070424608019441420e-01
1.046577967402500253e-01
1.391791574431922307e-01
1.099066337691227274e-01
1.053031189826592051e-01
1.023541782554015372e-01
1.065012875999424985e-01
1.024182368577658958e-01
1.045725462233488973e-01
1.010846151484459804e-01
9.975031631635518370e-02
9.889126724765548437e-02
1.275913247785719906e-01
1.200036545271112309e-01
1.133470442668441935e-01
1.102044146272091185e-01
1.106395311859336705e-01
1.068833794409371762e-01
1.214267912724325549e-01
1.421441363842710914e-01
1.172248503090331795e-01
1.180913573760431351e-01
1.061993803809031245e-01
1.061186888209162404e-01
1.099724194578114850e-01
1.098832033580089129e-01
1.030388768603125726e-01
1.025857981018851589e-01
1.255365592796225394e-01
1.137053336838087236e-01
1.055968891264951470e-01
1.137221457755237530e-01
1.059581017158481159e-01
1.147595822531765203e-01
1.658803241365829073e-01
1.229229138162739043e-01
1.325237757810777128e-01
1.200500759993062549e-01
1.202937684217794817e-01
1.169149516650348081e-01
1.078706661909503983e-01
1.034184835800926461e-01
1.024105807560536374e-01
9.861014714044102902e-02
1.051786575710589589e-01
1.009826961961920039e-01
1.051816561561529084e-01
9.943435078851224629e-02
9.976403232757770356e-02
1.068683759368658504e-01
1.095789823736347396e-01
1.052303262200396106e-01
1.096748086166864089e-01
1.014771873835081106e-01
1.148683922386656842e-01
1.054454911257053651e-01
1.012681930123539298e-01
1.083422461862453973e-01
1.041357643746161493e-01
1.144481657647993117e-01
1.106486942639947624e-01
1.095110548406195844e-01
1.060590522402110186e-01
1.011219053592227884e-01
1.137154840066714329e-01
9.930469752259814264e-02
9.901153252266928217e-02
9.830933778006122059e-02
1.005456612730473154e-01
1.063372565852400281e-01
1.059379015806878599e-01
1.016006565249065186e-01
1.057727101964229532e-01
1.003599154739530930e-01
9.889335336954752087e-02
1.274629367041604788e-01
1.544804036148762771e-01
1.234722814131240659e-01
1.156325135197111276e-01
1.147955631375046776e-01
1.091353875218188108e-01
4.614098964425913940e-01
1.500944120170534524e-01
1.262306930179859232e-01
1.380099303698367752e-01
1.337747891595371386e-01
1.237877279353929022e-01
1.213348343436752436e-01
1.191452178794840805e-01
1.212513083878970499e-01
1.182047951177484235e-01
1.247713422050289039e-01
1.172229132912664257e-01
1.234224830733628014e-01
1.122518349639397423e-01
1.084961060554473361e-01
1.074848322335248268e-01
1.003748346780991840e-01
1.193592035412562591e-01
1.124444335172700427e-01
1.031354905724319593e-01
1.042165959276184078e-01
1.185679668993059460e-01
1.124249639438051479e-01
1.073684050032767123e-01
1.005761536905721842e-01
9.873190831022100877e-02
1.035930113143998660e-01
1.114866127704124271e-01
1.555072148091514450e-01
1.335901339948839250e-01
1.149061910034459288e-01
1.099063675333709494e-01
1.230330562786913773e-01
1.094271705092119545e-01
1.019465633971341628e-01
9.714015362064638837e-02
9.662457185868081333e-02
9.912844154852006040e-02
1.008372327844452299e-01
1.005105551215762644e-01
1.029341099562508521e-01
1.010685216228096317e-01
9.865550904892828044e-02
1.012875000489578958e-01
9.675406297038131875e-02
9.401531086114864322e-02
9.704164471660771396e-02
9.578821945684447281e-02
9.490935778735228034e-02
9.504230385243676860e-02
1.072535579085877461e-01
9.976253602571853729e-02
1.049341498619182772e-01
1.020701792461150698e-01
9.838384572581847232e-02
1.002297363230381239e-01
1.099139562181954133e-01
1.011352951820918139e-01
1.025616657692265260e-01
9.520393171299133817e-02
9.447304097163289338e-02
1.032805098262067622e-01
9.874243263811290083e-02
9.379906588839678760e-02
1.077496559302558443e-01
1.030331072767806805e-01
1.180990539797470429e-01
1.260574950575424624e-01
1.043472019544462170e-01
9.958197611924390902e-02
1.039959808242555267e-01
9.900182402163155981e-02
1.002498326226298336e-01
1.889996640796186567e-01
1.513129357426536703e-01
1.247561171083096665e-01
1.248053253286803277e-01
1.173947539702522025e-01
1.128380277909235563e-01
1.036852260179474405e-01
1.151220584824503151e-01
1.121366914851561203e-01
1.083760462548068876e-01
1.177100934062089849e-01
1.189426364930730035e-01
1.079919464920563177e-01
1.062712995817408773e-01
1.001363466225608928e-01
9.676401787659907883e-02
1.099627456730689207e-01
1.050224629514202729e-01
1.031385796902525714e-01
1.062579911992709292e-01
1.149733642499638914e-01
9.917062068796543561e-02
1.160286061706705396e-01
1.380853407917947695e-01
1.218380719171569676e-01
1.139414175449240535e-01
1.257805225016127570e-01
1.100025204847969312e-01
1.118366956951930002e-01
1.040975874486747138e-01
1.009234555569423347e-01
1.276344933178358010e-01
1.276862261624563677e-01
1.139089994907817732e-01
1.082606786498242490e-01
1.099942359153701921e-01
1.113457013202504980e-01
1.057914722611162095e-01
1.171353685567543684e-01
1.034857862447355614e-01
1.013574006912748987e-01
9.956785579786112117e-02
1.022117913360531122e-01
1.044517864144916264e-01
1.032642719019719046e-01
1.477507860462796974e-01
1.585230529984226200e-01
1.276772153140540988e-01
1.076439692986186497e-01
1.162717023780005660e-01
1.108048699406122689e-01
1.008063097993919383e-01
1.023630569076274116e-01
1.084448430032596000e-01
1.007567751064077505e-01
1.014768275606804382e-01
9.541882916044394647e-02
1.002529233278058318e-01
9.699856832132632001e-02
9.886201920808711241e-02
9.564282736335506796e-02
9.291343786253736248e-02
1.030552540849658805e-01
1.011036283008697051e-01
9.567075388534024283e-02
9.205139661232575321e-02
1.248733191631295203e-01
9.796534637959534997e-02
9.435558513407280024e-02
1.002717055394001383e-01
9.621464930044612562e-02
1.717299811686579802e-01
1.167654546738431248e-01
1.018795967715060979e-01
1.078130694364764774e-01
1.153836020052586980e-01
1.103038441957188143e-01
1.728620169436441811e+00
8.436165357704604739e-01
5.617069595578857433e-01
4.517079010700261188e-01
3.818099096007550042e-01
3.411484377401464152e-01
3.146837653575865756e-01
2.932869202047225787e-01
2.736115510151750363e-01
2.553777291143927153e-01
2.356300563831381922e-01
2.160316885180089130e-01
1.957110396937912777e-01
1.844455103397239504e-01
1.821336166341814555e-01
1.667025057408563771e-01
1.716013433148884659e-01
1.619309916230763924e-01
1.647597802434221659e-01
3.214205206294347694e-01
2.409118021716851743e-01
1.970138907960402586e-01
1.896456223941309083e-01
1.720349530289926043e-01
1.619941530263011020e-01
1.587618668163222890e-01
1.536886759182876094e-01
1.371049085818850377e-01
1.369945049918069313e-01
1.434085362626872917e-01
1.375857249603434362e-01
1.290071433749691299e-01
1.321714369984789417e-01
1.272573958735109256e-01
1.269401416169742003e-01
1.257872884376134703e-01
1.192919552876422901e-01
1.163412747365232536e-01
1.153755773358536296e-01
1.285831864035788807e-01
1.436097970869006646e-01
1.352410945330325687e-01
1.251287065642011642e-01
1.202828107916642242e-01
1.164394253292733716e-01
1.166784419899204173e-01
1.196002322829247538e-01
1.251660083860936246e-01
1.181966270609572101e-01
1.206981672076262169e-01
1.141992293473743647e-01
1.099271286160828504e-01
1.091392999166991423e-01
1.089269693661163024e-01
1.125028741799944110e-01
1.088796293650139690e-01
1.055386372041121068e-01
1.188221533554423837e-01
1.093363172537935579e-01
1.080763056350143164e-01
1.118784083816589808e-01
1.100578969494463155e-01
1.056788727889626661e-01
1.133651551263755858e-01
1.053662316781183439e-01
1.034523853355911738e-01
1.012423162381841102e-01
1.002269320745794862e-01
1.022038024792980143e-01
1.056132696118131514e-01
1.250015652051585657e-01
1.038784675982993427e-01
1.091366657663874334e-01
1.041277566794418796e-01
1.014279727620939348e-01
1.074114889648935534e-01
9.961724813971803427e-02
1.034745441553440864e-01
1.081079468247529013e-01
1.043988903383024081e-01
9.943873346031274763e-02
1.120144290560265016e-01
1.126779893689235923e-01
1.096787472396451579e-01
1.165833927808345716e-01
1.299393463402319371e-01
1.216381962601345013e-01
1.168584287445464248e-01
1.087190068725252673e-01
1.065957237253391532e-01
1.020448424731533188e-01
1.033226034737196458e-01
1.101383678331877974e-01
1.174116204337499192e-01
1.145443866626977003e-01
1.210528367275615219e-01
1.164800038356135076e-01
1.084798580307034105e-01
1.124709556703558794e-01
1.081841832645294571e-01
1.164317760385022021e-01
1.088822081134408343e-01
1.026395247580487724e-01
1.115843699279146922e-01
1.019174263717535223e-01
9.945249862270683083e-02
9.633692988617920117e-02
1.441756867221691552e-01
1.126535761718293754e-01
1.193993779105945313e-01
1.105093660267936762e-01
1.053291105395092186e-01
1.082769120602480595e-01
1.059803935173986716e-01
1.131145998896617155e-01
1.114326820256799494e-01
1.079561959211468442e-01
1.839843034216979978e-01
1.270836753553721554e-01
1.313634166172943096e-01
1.361669921931420169e-01
1.262149491206726315e-01
1.361146240001496199e-01
1.176827922906894669e-01
1.192952863125144453e-01
1.251418699933274370e-01
1.210389865604097892e-01
1.309205062042144152e-01
1.134045471693273660e-01
1.181890572345469653e-01
1.145827290479570493e-01
1.076278890382462855e-01
1.204272320132261376e-01
1.152060425449235037e-01
1.118095800518578015e-01
1.082192938395735160e-01
1.124958638718634441e-01
1.082117169990707561e-01
1.064673282499347118e-01
1.078246207664569772e-01
1.040620391707711978e-01
1.138672855321917476e-01
1.070773531866318073e-01
1.163270391780076712e-01
1.127870594735336379e-01
1.141722543342253010e-01
1.160719283503259952e-01
1.028127452321354052e-01
1.185237238203490778e-01
1.142448249996059623e-01
1.229921416367026205e-01
1.134955442781065971e-01
1.044621509932445458e-01
1.047204667251306343e-01
1.078420202815694451e-01
1.106485973742338813e-01
1.040364286493649371e-01
1.088662966630944279e-01
1.179556633917580588e-01
1.067363859824877054e-01
1.163996795300976661e-01
1.169939232550372687e-01
1.441062315272184646e-01
1.271584797302117709e-01
1.235750120598819723e-01
1.138991444038074674e-01
1.268028754925416002e-01
6.702494642723025864e-01
3.327227191693520880e-01
2.678797645052052312e-01
2.034870271583208712e-01
1.824185735977660316e-01
2.094837728940853738e-01
1.624490550869146233e-01
1.537918764174263098e-01
1.497841882896832622e-01
1.364071816964807782e-01
1.362406636552959127e-01
1.571807840347492213e-01
1.329755064386660135e-01
1.242756863318367905e-01
1.445031872906046844e-01
1.440130042657219722e-01
1.464319595165660126e-01
1.267082862268566756e-01
1.302600084421790538e-01
1.250699526706602893e-01
1.161965582784212914e-01
1.269585311625219259e-01
1.277993332238542001e-01
1.216632014946041757e-01
1.209799266008840524e-01
1.116771941974434162e-01
1.105692019051094516e-01
1.174996438855135106e-01
1.126174365893164164e-01
1.095064840236039116e-01
1.059247841987307065e-01
1.163795162600436001e-01
1.751157090701974117e-01
1.868846527299733717e-01
1.590794155698646850e-01
1.431613432663739471e-01
1.422180417779369266e-01
1.342537434640687644e-01
1.697061999702842439e-01
1.318223110181238611e-01
1.186626340183228323e-01
1.436835017915825130e-01
1.332222002793095605e-01
1.335260309320757122e-01
1.224217478155840144e-01
1.148330129870090283e-01
1.185059086796252104e-01
1.186565677454091833e-01
1.234384313314018516e-01
1.255897329945997176e-01
1.338447558409317506e-01
1.498689499658723279e-01
1.218950926829831666e-01
1.275254985882980363e-01
1.122285195536893015e-01
1.195647615049873352e-01
1.382461804818667650e-01
1.158293488787018044e-01
1.335346369432419689e-01
1.172008056332328324e-01
1.200376170383871677e-01
1.071573065520924212e-01
1.198131868380984677e-01
1.123867285813922728e-01
1.115945865917198909e-01
1.171786045556788419e-01
1.176366494922684858e-01
1.346074001357888683e-01
1.242576821689078403e-01
1.278967855480134808e-01
1.114037456784754826e-01
1.044002275579511974e-01
1.691834572545497239e-01
3.516544192714535222e-01
4.006969274369949763e-01
3.636190198637861970e-01
2.752716192052565569e-01
2.505718790532337481e-01
2.388376031611270656e-01
2.289447680919791117e-01
2.399316150805568537e-01
2.401176133746230901e-01
2.084132586796072217e-01
2.115410511947206085e-01
1.803292342044710006e-01
2.038522344118429142e-01
1.638041429581950648e-01
1.553153768036271143e-01
1.967226826537652185e-01
1.943826693546196194e-01
1.764321187815868774e-01
1.506629546529583974e-01
1.483118201898035726e-01
1.496561979482735893e-01
1.348154348145660097e-01
1.328511704388304626e-01
1.236532574205462254e-01
1.291141649272417868e-01
1.320733147748822944e-01
1.252376693981584743e-01
1.193349711421325537e-01
1.198400293236782377e-01
1.805264983228760944e-01
1.415164352554059146e-01
1.662129057330786752e-01
1.364794517302627130e-01
1.343508106395857882e-01
1.203439543935069800e-01
1.673852485821693548e-01
1.409999157378643286e-01
1.434620540954495982e-01
1.342231816444477699e-01
1.549609733339235018e-01
1.607100755346227150e-01
1.386602885279772102e-01
1.339947829910974331e-01
1.289051813721815154e-01
1.552392330805872078e-01
1.357211941127557941e-01
1.255172393182219515e-01
1.243278493502695814e-01
1.219223325439790229e-01
1.458096252535803494e-01
1.330406061132176077e-01
1.198686839138616705e-01
1.193800585461290698e-01
1.227765486198117983e-01
1.273334840041225047e-01
1.206777727690555024e-01
1.261505012744599252e-01
1.228511388487132094e-01
1.160506843012610867e-01
1.191026090634101781e-01
2.024446520481624490e-01
1.868709671221507884e-01
1.544893028716755046e-01
1.481549836941952747e-01
1.344247351821563075e-01
1.234796419937140705e-01
1.277648616275629812e-01
1.207965905947915863e-01
1.208750083931247193e-01
1.542877552846818878e-01
1.569699651413116182e-01
1.313756539606387996e-01
1.263999822277833140e-01
1.211264570785787476e-01
1.229479777993190692e-01
1.158767744147539830e-01
1.525009633398769493e-01
1.269650494589356915e-01
1.770867187073746074e-01
1.430377828621093028e-01
1.303801079776820138e-01
1.342676875407594339e-01
1.231334676467710915e-01
1.240829886525676024e-01
1.008061028025288408e+00
3.824818208390398655e-01
2.535657269769609479e-01
2.108205219605262526e-01
1.763266079443189804e-01
1.656602010223958421e-01
1.507791625836946425e-01
1.449376271598129540e-01
1.356861815232839608e-01
1.351266008547948871e-01
1.343448544299922220e-01
1.338798856025742723e-01
1.317053716531162433e-01
1.250793391545156341e-01
1.226480056915760786e-01
1.271927255185371364e-01
1.179446179955490892e-01
1.652692189047931803e-01
1.353105920737085188e-01
1.399028809642768045e-01
1.260630518612963213e-01
1.225158711966513603e-01
1.177956850812674899e-01
1.208991201891212175e-01
1.246219017617177793e-01
1.228042662821690334e-01
1.179326219728216996e-01
1.154965221202302328e-01
1.184267854980542156e-01
1.290140067476056029e-01
1.199004087203693614e-01
1.182107470742305988e-01
1.132322746091102006e-01
1.081030908661075318e-01
1.164141682050672116e-01
1.171780887259184084e-01
1.133463856927265923e-01
1.101746799182579811e-01
1.102008971769285750e-01
1.099965295500453383e-01
1.109857200067675825e-01
1.217186419056242447e-01
1.159947823558278579e-01
1.079950533994486900e-01
1.076458630643277736e-01
1.106982430334794709e-01
1.056977586133554525e-01
1.014770488127693937e-01
1.107257456591594635e-01
1.047100072536136239e-01
1.047623077360063243e-01
9.922080902551644321e-02
1.094683332299731110e-01
1.029780613448042503e-01
1.100826489915442963e-01
1.134382368622340737e-01
1.110342816744149530e-01
1.128780035323386916e-01
1.501719374642350446e-01
1.198140557282330876e-01
1.099793102246816867e-01
1.220832362093395435e-01
1.098460624318580575e-01
1.060244048741324635e-01
1.151063468739167983e-01
1.097403786420879379e-01
1.114671963036083790e-01
1.057903084203350719e-01
1.020967118837191323e-01
1.079409456583766275e-01
1.913062089729249127e-01
1.264922339787173666e-01
1.168623140948479439e-01
1.117626005459349675e-01
1.148382369757779409e-01
1.096943951701993686e-01
1.046365639915804585e-01
1.015325093892572722e-01
1.094869050772347002e-01
9.994561774206313365e-02
1.045115173306124245e-01
1.150081577341797306e-01
1.088304439628054454e-01
1.022088156554365190e-01
1.002562428210335144e-01
9.998191550771332037e-02
9.996307788466216038e-02
1.021212011473064257e-01
9.714137253687184226e-02
1.070057289310346882e-01
1.081210182549436072e-01
1.109639628187659571e-01
1.114161675169363791e-01
1.046897726898208952e-01
9.900147991723555474e-02
1.499940953810932065e-01
1.117889773702377132e-01
1.133818974224364562e-01
1.518350276375300123e-01
1.217723826713774105e-01
1.109905718574043937e-01
1.183384160736466739e-01
1.210182847960163399e-01
1.079307252316955290e-01
1.027040309687131947e-01
1.022653801579128663e-01
1.029798201254110424e-01
1.044369838756860069e-01
1.060985799367658716e-01
1.050832294176652915e-01
1.008635198299865088e-01
1.168218357569904831e-01
1.020131983488700017e-01
1.284113980911361641e-01
1.309287472175506006e-01
1.196670003408678989e-01
1.144170250039749648e-01
1.083607200337712434e-01
1.312305622633427316e-01
1.161889775019046001e-01
1.160002210931559141e-01
1.099841333363641843e-01
1.114238154629994398e-01
1.144413995664119998e-01
1.080614535440779927e-01
1.143663054573675480e-01
1.049428667790530262e-01
1.127786254907270497e-01
1.013758461922067561e-01
1.043232615382406331e-01
1.102302305053345644e-01
1.108735051839182667e-01
9.713831887019885869e-02
9.397642647052606435e-02
1.032819959906136481e-01
1.019813782494842225e-01
1.033992805789216429e-01
9.964513065398145075e-02
9.927637226416095861e-02
1.134940557312350967e-01
1.140287452036413685e-01
1.045124285725147067e-01
1.005450630564376363e-01
1.045008131378594024e-01
9.753721450247154756e-02
9.726198469802620206e-02
9.397299177764135980e-02
9.294732776442203581e-02
9.824388049108138954e-02
9.755912886235813819e-02
9.871242184617735893e-02
9.416183419364983209e-02
1.006875390821496963e-01
1.067157617125481378e-01
9.599172621841590980e-02
1.119227911375591106e-01
9.993530473725903418e-02
9.559094164056952669e-02
1.022078686091415084e-01
9.809818513659582240e-02
9.508304146746383856e-02
9.563201090260310677e-02
1.150144826351729016e-01
1.042576478730902201e-01
9.849337942344658925e-02
1.017360485424150945e-01
1.035256941282023252e-01
1.066421608851580854e-01
1.029490591939290212e-01
1.760490081366741510e-01
1.390833463249843693e-01
1.285757331747969801e-01
1.215980645440194324e-01
1.111959109916814681e-01
1.260683262919949921e-01
1.608214253205875743e-01
1.227805990755172494e-01
1.124471928476355603e-01
1.074066186427113656e-01
1.139342374030143934e-01
1.648703068877669931e-01
1.359794304541384613e-01
1.439294633115474065e-01
1.141739411610472044e-01
1.097311874734142184e-01
1.215536018090725146e-01
1.123731213917387728e-01
1.062984265955862900e-01
1.111825483169165268e-01
1.100163793387083505e-01
1.012870256887699050e-01
1.002079748165180945e-01
9.666516949082581966e-02
1.027533763580708581e-01
1.060582506815797577e-01
1.060310209999014847e-01
1.078117550184626433e-01
1.258276004369169032e-01
1.273003242579270333e-01
1.110221061161343059e-01
1.061710132446265498e-01
1.361854217913355536e-01
1.233777199739533037e-01
1.140822018975940488e-01
1.092821138958351007e-01
1.057407525953763944e-01
1.113823777336870186e-01
1.108202490540847185e-01
1.068351207074058895e-01
9.948378476428110240e-02
1.018845479564607359e-01
9.594134858035532898e-02
9.597123756711774256e-02
1.035387431597499103e-01
1.085666880604476137e-01
1.223795763268998166e-01
1.087853587533809535e-01
1.004775544402150694e-01
1.114132685597746253e-01
1.036861126698224722e-01
1.068208673119202812e-01
9.888617198430185717e-02
1.062066415484828469e-01
1.226924696125328840e-01
1.113283329453935155e-01
1.127031212164896629e-01
1.147010531872873496e-01
1.151222440539422937e-01
1.087626391822388988e-01
1.949218682745672560e-01
1.431514602332900621e-01
1.525848301286430453e-01
1.384765231174052424e-01
1.146797858545384324e-01
1.125566945547707143e-01
1.194851079562241347e-01
1.087054778199824240e-01
1.156553408672132965e-01
1.078578377014340339e-01
1.203892405406692678e-01
1.176336132751831798e-01
1.242642301385148002e-01
1.259006076467209523e-01
1.532652826776939037e-01
1.203659183714420600e-01
1.098187559714745992e-01
1.136817859004986830e-01
1.073667262591917748e-01
1.075287643432675799e-01
1.145532566560835408e-01
1.166597059390800661e-01
1.044490483314435836e-01
1.060402217642120448e-01
1.027597558568973113e-01
9.931059823283813759e-02
1.009820772771725939e-01
9.726408281577446358e-02
9.760130293410562707e-02
9.484934572613760995e-02
1.159636603592800047e-01
1.099420173100424253e-01
1.037818954513291536e-01
1.192974937347403147e-01
1.149115437131710687e-01
1.557026856779740454e-01
1.137167768139914631e-01
1.109683905468104859e-01
1.112823763964630452e-01
1.075411616221002981e-01
1.147674547731692835e-01
1.071912140349088605e-01
1.115916264913884570e-01
1.086337203523412426e-01
1.120665222584480425e-01
1.393670257919548405e-01
1.195262478445800330e-01
1.122815594374114850e-01
1.103448709910517800e-01
1.133048463247085524e-01
1.225208233992621243e-01
1.234368797898746789e-01
1.194574054832903132e-01
1.107109558617867806e-01
1.046561055337481561e-01
1.013239069454764801e-01
1.016838073219111516e-01
9.971316668469180911e-02
9.769772294167708426e-02
1.063533457852483266e-01
1.285211586017450947e-01
1.065526503852517320e-01
1.017058480487108979e-01
1.050791585597692507e-01
1.026880552311448258e-01
1.034926912713363401e-01
1.467906877088068218e-01
1.174129967655270362e-01
1.162725425612398250e-01
1.063160557430227054e-01
1.013184533322136899e-01
1.007126152057806895e-01
1.056417988220875320e-01
1.000158161580567556e-01
1.042743203267365443e-01
9.894856295686585423e-02
9.560285553405083181e-02
1.085170798015712562e-01
9.863127607878838243e-02
1.012277176828601105e-01
1.099246400703319387e-01
9.833303358249619042e-02
9.822492286869599631e-02
1.268787976174875765e-01
1.130394645499609024e-01
1.103112083502360008e-01
1.068776346193095333e-01
1.079932132479697882e-01
1.027741598834985004e-01
1.016988591311804718e-01
9.856205796408402942e-02
9.731303574291783054e-02
1.162943567428845609e-01
9.836429211095638891e-02
9.524174246718984660e-02
1.017646643781082022e-01
1.264671213260916138e-01
1.306851721957055512e-01
1.106829563570830705e-01
1.083163333270952128e-01
1.264620208342609464e-01
3.065002156190633764e-01
1.601301571273363034e-01
1.604313729041370040e-01
1.732159347907988034e-01
1.539507478530191265e-01
2.060746232400396671e-01
1.860748288967867259e-01
1.466426704218365962e-01
1.323163221563470326e-01
1.458358657563573746e-01
1.867762216860581470e-01
1.401777252705677101e-01
1.281219929421504866e-01
1.163939620874459430e-01
1.543467538510143733e-01
1.396034273765653366e-01
1.392595407196173252e-01
1.302538552361196533e-01
1.212757661093588624e-01
1.267476862317121200e-01
1.234932014960484631e-01
1.267640859888334581e-01
1.169628234641566650e-01
1.112386368367385137e-01
1.130462215679285259e-01
1.086646692088420324e-01
1.194931652235154268e-01
1.179536473896050652e-01
1.069561844502221332e-01
1.158055419700571853e-01
1.074838781918697889e-01
1.315909265206947343e-01
1.095046227220026480e-01
1.064909555238901517e-01
1.112870448156728365e-01
1.007502577006806344e-01
1.007849709286634254e-01
1.016969881282934890e-01
9.835743054904108607e-02
1.042209254077093861e-01
1.180542249752199874e-01
1.013130455422276421e-01
1.038170996206527891e-01
1.034831485355051234e-01
9.826998971436788632e-02
9.698158435994640170e-02
1.092469128416836549e-01
9.868975842648827768e-02
9.803836010749811258e-02
9.544686672707886066e-02
9.393437320432890258e-02
1.047460778566372680e-01
1.096885035324669522e-01
1.244872700506869795e-01
3.901868543448143711e-01
1.636704236516687838e-01
1.319499337017727703e-01
1.208085120706059862e-01
1.504036097997394905e-01
1.258637448304033568e-01
1.154688908631828631e-01
1.453647885799027317e-01
1.788822661430757854e-01
1.443445541172542479e-01
1.296948533987075380e-01
1.250782069074388991e-01
1.174269070926334119e-01
1.151718609869520210e-01
1.165462341860846601e-01
1.181035342689982226e-01
1.168560469005007346e-01
1.065660772114728205e-01
1.027671021036645760e-01
1.047345688541845010e-01
1.023069156314002220e-01
1.030121876885425197e-01
1.022076680036195367e-01
9.895792821085719337e-02
9.825052128958042252e-02
1.329919502125405661e-01
1.081276452440583236e-01
1.140906834170457990e-01
1.058978267074726504e-01
1.053068098280273285e-01
9.911326370346584813e-02
1.035697898010479456e-01
1.045601489187274885e-01
1.091799809711442443e-01
1.232975208078377904e-01
1.293752090860385284e-01
1.211688473309218833e-01
1.144270910697360172e-01
1.123123363315133155e-01
1.028827254486452125e-01
1.039487605924181296e-01
1.025085189594816121e-01
9.915790905661225896e-02
1.083046249900416064e-01
1.089829790936745063e-01
1.023966685101099922e-01
1.004254247225974117e-01
9.709125616459933494e-02
9.612289496758576191e-02
1.019291392010052422e-01
1.079771428060153360e-01
1.023932008575859781e-01
1.110655600412271266e-01
1.016565964028365437e-01
9.856226511760764197e-02
1.019023044623767194e-01
1.029675386928219777e-01
1.058563133877205298e-01
1.053341448212763432e-01
1.065338898676435747e-01
9.560714606515391401e-02
9.906583280274862402e-02
9.638860957037695409e-02
1.040245456063799839e-01
1.018449074638601570e-01
1.110531826506556408e-01
1.022366989777267199e-01
1.081514713364093161e-01
1.140425835868429383e-01
9.818587126379099694e-02
1.006593761353355154e-01
9.588046498767367753e-02
9.766976697006927999e-02
1.001845422998834806e-01
1.007976902717677703e-01
9.678013751333119918e-02
9.719638879771859419e-02
9.664520231411111162e-02
9.707549305431391329e-02
1.338228231681693747e-01
1.039897838990413298e-01
1.062934721990847209e-01
1.029048035237013631e-01
1.107187689489559090e-01
9.764396537289637967e-02
1.011489919046931890e-01
9.830653866384862771e-02
1.035576446456412114e-01
1.250327264189512455e-01
1.083894860193059528e-01
1.035199998445932162e-01
1.037315124210541895e-01
9.936483447493062171e-02
9.709612917982490821e-02
9.426950297028445502e-02
9.204799106523273156e-02
9.021102302615173485e-02
9.068939228602813929e-02
1.113644705359151527e-01
1.005248816948545731e-01
9.343619704702918471e-02
1.849247780191995982e-01
1.079431718229042769e-01
1.049502206521733677e-01
1.010925328675642831e-01
9.646255319316542065e-02
1.115818359829100492e-01
1.149873139611530398e-01
1.010234129612873066e-01
1.008058642954427486e-01
1.010088000108356615e-01
9.412734429196513430e-02
9.401159367406451695e-02
9.592430875244170596e-02
9.054054478106338122e-02
2.468288887385937658e-01
1.515539214652104061e-01
1.314760827499201756e-01
1.217353657340577849e-01
1.326429500544555884e-01
1.147222685774544754e-01
1.192995154124059376e-01
1.123423529410637889e-01
1.076949574451137037e-01
1.028422232265249897e-01
1.009842974979210939e-01
1.407905305161982479e-01
1.110375968618003417e-01
9.991114186722289958e-02
9.596354120321985703e-02
9.878271821454633062e-02
9.585966962831929394e-02
9.884679702786888789e-02
9.493808826807800805e-02
9.400654206209696495e-02
9.305909193409939162e-02
9.650653932901567811e-02
9.843033893933997303e-02
9.266211785534861356e-02
9.043976904761195923e-02
9.090181384943162024e-02
9.091427079519794063e-02
2.202906537426789213e-01
1.294612144122434527e-01
1.307304722165868460e-01
1.045588336458867645e-01
1.192877606607833929e-01
1.038942413506995927e-01
1.018312748975055831e-01
9.768122227738051944e-02
9.694191513013078465e-02
9.966351099975627459e-02
1.037963091853309761e-01
1.190273759091263206e-01
2.181338447408600612e-01
1.260094186039600050e-01
1.124791164709863373e-01
1.424272093718530197e-01
1.191638098694945275e-01
1.075257027195428566e-01
1.105611407190573853e-01
1.028819925717098099e-01
1.042795941243721547e-01
1.076633469021794909e-01
1.021780106119450082e-01
1.016324104727801825e-01
1.325079341210203543e-01
1.116328657428794779e-01
1.216737236036834341e-01
1.045877140455619969e-01
1.863891266640693711e-01
1.390610198616764881e-01
1.353058829076797254e-01
1.161436216598956128e-01
1.078871467791671090e-01
1.114900368831008570e-01
1.923227642275039118e-01
1.425716358535636386e-01
1.290073949037134626e-01
1.589047883092358227e-01
1.367332183779242649e-01
1.406063053434645771e-01
1.517864641521033120e-01
1.163564896306546192e-01
1.255406289897889327e-01
1.144962596453922149e-01
1.097934361904500944e-01
1.343784855011422308e-01
1.066101929389363517e-01
1.083488465295770059e-01
1.007591595030087744e-01
1.004387308865451744e-01
1.009955634480503989e-01
1.062956642942442659e-01
1.070951637771350440e-01
1.064686948675459682e-01
1.069588185641028033e-01
1.048629524400009061e-01
1.025174628394056736e-01
1.048018361755737315e-01
1.358664090337772801e-01
1.162568451171686335e-01
1.117353452347284587e-01
1.076051541691630947e-01
1.017658947403928815e-01
1.025787672962955033e-01
1.017243398529762560e-01
1.127482287187484000e-01
9.848953851252857661e-02
1.096305292780549306e-01
1.116097802266165784e-01
9.809095821210556121e-02
9.521357812410123633e-02
9.667016908738729208e-02
9.885022626261882883e-02
1.027741203800922737e-01
