-1.214054764387823976e-01
-1.204943134086911449e+01
-1.354188043383805773e-01
-1.577827471550399818e-01
-1.264742274390748822e-01
-1.224691052858078305e-01
-1.156718624937974893e-01
-1.208381169680705192e+01
-1.473586619497570527e-01
-1.229667358399925275e-01
-1.159386218107765071e-01
-1.175031335434882640e-01
-1.116206517860594133e-01
-1.205666620374531739e+01
-1.373365605511350784e-01
-1.191899971734293323e-01
-1.130555903112468452e-01
-1.138761811258510170e-01
-8.742104631649127100e+00
-1.255787829665976074e-01
-1.472451278150846044e+01
-2.671455248983676256e-01
-1.751890158434502576e-01
-1.533150761181647781e-01
-1.338508153998180794e-01
-1.342585114655684142e-01
-1.254558017657656788e-01
-1.169056888980539999e-01
-1.446765081696735067e-01
-1.361263958129964313e-01
-1.341448350856843108e-01
-1.288323897426219000e-01
-1.309957192231483158e-01
-1.259969855344673373e-01
-1.189277779632925136e-01
-1.170461376201542697e-01
-1.120669230339231687e-01
-1.108228618109415170e-01
-1.099107130630074675e-01
-1.060074501673930192e-01
-1.133325611045907649e-01
-1.071364345198056317e-01
-1.073844935655016014e-01
-1.056067276641460828e-01
-1.079978019378099313e-01
-1.033420039649273758e-01
-1.044635065207504682e-01
-1.135752600619776842e-01
-1.017669094693230691e-01
-1.119600788645244843e-01
-1.134358863683685714e-01
-1.042153313967588285e-01
-1.003624921447672097e-01
-1.030602693767409955e-01
-1.088644600908826032e-01
-1.187331364023249541e-01
-1.077418387654244525e-01
-1.190938453252204793e-01
-1.213699529073064276e-01
-1.119567835680262552e-01
-1.052649580206574120e-01
-1.196838263000874203e-01
-1.089681912446643641e-01
-1.188412927064824848e-01
-1.110089747276322147e-01
-1.214652900099849192e-01
-1.254402192312576714e-01
-1.141701120439355538e-01
-1.060326593613283575e-01
-1.051795073401861347e-01
-1.022937165844979984e-01
-1.014087589346423096e-01
-1.012606277765538132e-01
-1.200033430679216390e-01
-1.073996540184353893e-01
-1.017447081316205648e-01
-1.202008021487462608e-01
-1.044933250461765328e-01
-1.009531929560733843e-01
-9.831702781043878681e-02
-1.090440407513930121e-01
-1.025225614585321410e-01
-1.090640334648223764e+01
-1.468061034117718044e-01
-1.204208725970838528e-01
-1.145364748778398556e-01
-1.055006738834156910e-01
-1.069673271471093534e-01
-1.028673635203001119e-01
-1.003853542719156944e-01
-1.070825030655047916e-01
-1.112719108032709098e-01
-1.088446020841411649e-01
-9.962268767969773009e-02
-1.022467042140092069e-01
-1.120804293722022088e-01
-9.762714267075014996e-02
-9.915436666922147757e-02
-1.018147127800440033e-01
-1.021761826667935552e-01
-1.092882283410078897e-01
-1.022848349329632534e-01
-9.994813342840694337e-02
-1.023025257663832815e-01
-1.065059107629135049e+01
-1.141968159101649921e-01
-1.013402345988197312e-01
-1.118310554518261446e-01
-1.118716296521855558e-01
-1.039897517555140732e-01
-1.032797749456293851e-01
-1.215917207537436651e-01
-1.094612837221347473e-01
-1.084254532406009053e-01
-1.146913081083970470e-01
-1.272129670243820598e+01
-2.098426674472392006e-01
-1.292794265976236756e-01
-1.257205340937021520e-01
-1.098078912073268965e-01
-1.036884712449779727e-01
-1.015309890877355709e-01
-1.009429582983769752e-01
-9.922162553442076538e-02
-1.008801636632104815e-01
-9.771824453569406821e-02
-1.032049492571950056e-01
-9.591485842137216500e-02
-1.004017726742711392e-01
-9.975559738885837746e-02
-9.538413361756319098e-02
-9.792436374920202025e-02
-9.424884483175953453e-02
-9.768452018827647465e-02
-9.504588141613588836e-02
-1.574085037527327735e+01
-1.569045302551684840e-01
-1.298023133211140268e-01
-1.344634636191724686e-01
-1.169479179075424424e-01
-1.151604266948573763e-01
-1.047164452737431584e-01
-1.063698884937100131e-01
-1.002184240766386542e-01
-9.790061172130516687e-02
-1.305759615625085956e+01
-1.099410858094152371e-01
-1.050402164313033737e-01
-1.080965035070549918e-01
-1.203625998424722593e-01
-6.837057976265210613e+00
-1.367243050250164593e+01
-1.823507077017809674e-01
-1.040908202203631916e+01
-1.526354496793390358e-01
-1.198738368801460646e-01
-1.119574146834590583e-01
-1.068683433497879948e-01
-1.029060955158377921e-01
-1.016683741397318014e-01
-1.024396085221705027e-01
-1.192329222893554075e+01
-2.187896798728697634e-01
-1.377938169978059069e-01
-1.950175366031431423e+01
-1.204762093601323691e-01
-1.165249923107660179e-01
-1.143769379241683648e-01
-1.127534394515287142e-01
-1.050718942441897230e-01
-1.014250448353948425e-01
-1.026342093065098077e-01
-1.045933233078912006e-01
-1.057971251821052810e-01
-1.278845198705544917e+01
-1.552030481454659272e-01
-1.225090036758766515e-01
-1.203944045399744506e-01
-1.370463090776476711e-01
-1.133227453647771971e-01
-1.153478645069160180e+01
-1.112663106193732682e-01
-1.076325768398566779e-01
-1.033337199919541205e-01
-1.007959918564913376e-01
-1.024560755275711332e-01
-9.744461844648957816e-02
-1.003827083328496794e-01
-1.089079484102752349e-01
-1.329172893840354364e-01
-1.048017410429362140e-01
-1.097819538593785144e-01
-1.049668635325050198e-01
-1.019513667602246348e-01
-1.016168228128015161e-01
-1.036261982832365758e-01
-1.049015209892138201e-01
-9.959321610001839464e-02
-9.337176290263304423e+00
-1.163432401461653720e-01
-1.027937158570441656e-01
-1.029184928284936490e-01
-1.125815996181052103e-01
-1.030933743239054318e-01
-1.022658821081721819e-01
-1.057588826140311716e-01
-9.626490845131031870e-02
-1.108966435241720144e-01
-9.988054917500018004e-02
-1.024676950858210284e-01
-1.028354987846286095e-01
-1.079509799923273616e-01
-1.028955656243514261e-01
-1.430789962424506845e-01
-1.185439736436192659e-01
-1.218933072763170727e-01
-1.068535929125128403e-01
-1.025294688089579270e-01
-1.134539243376467277e-01
-1.089728448621775647e-01
-1.088705351867566146e-01
-1.142710353635618681e-01
-1.112509190729499969e-01
-1.052186211643645203e-01
-1.002446396204946660e-01
-9.612215692255132726e-02
-1.254401234347245442e+01
-1.387597378986848429e-01
-1.102567380034983613e-01
-1.037567748226789632e+01
-1.546199006692304256e-01
-1.228086697023969276e-01
-1.106408609255511571e-01
-1.090902710456316677e-01
-1.054264191452034399e-01
-5.757392850493318548e+01
-6.171046854152927308e-01
-3.760590261622424046e-01
-2.716327381353591530e-01
-2.191777823802669167e-01
-1.525537216890497483e+01
-3.382419254086322935e-01
-2.290367443726338270e-01
-1.883782405842197305e-01
-1.718341129873537931e-01
-1.582471505351910890e-01
-1.843670829019599944e-01
-1.806996473257247160e-01
-1.435726921996831329e-01
-1.427159161038847879e-01
-1.519302523855012854e-01
-1.359566445511178334e-01
-1.311900719130123794e-01
-1.247806337994269849e-01
-1.202948323855435597e-01
-1.152710137639815918e-01
-1.118389142084927901e-01
-1.177578526881931514e-01
-1.150350613216543916e-01
-1.163950018380691398e-01
-1.133621913464974290e-01
-1.175409590507158208e-01
-1.240116283277170744e-01
-1.179670811798515656e-01
-1.180779949018880559e-01
-1.105435712495200645e-01
-1.122648682058988295e-01
-1.321502532449191081e-01
-1.198658038990238484e-01
-1.175563944582170561e-01
-1.123187249524904147e-01
-1.179431317792056511e-01
-1.207199102359728660e-01
-1.128480677428454065e-01
-1.088101117711831323e-01
-1.073550709339360504e-01
-1.239573108996729067e-01
-1.109062760586659035e-01
-1.050473958282480830e-01
-1.074755236918705920e-01
-1.240011931576340404e-01
-1.163340060022441114e-01
-1.116667570239639612e-01
-1.163047726795524012e-01
-1.088339216435688234e-01
-1.053068273950402700e-01
-1.012837266897225613e-01
-1.085882604455757489e-01
-1.046499091138279464e-01
-1.025623431992544882e-01
-1.044304253541883942e-01
-1.099837377697898133e-01
-1.035392131281273331e-01
-1.007433161868730720e-01
-1.083689906860849095e-01
-1.070424608019415885e-01
-1.272020191178084048e+01
-1.391791574431911482e-01
-1.099066337691210621e-01
-1.053031189826580949e-01
-1.023541782553979707e-01
-1.065012875999388070e-01
-1.024182368577637864e-01
-1.045725462233479813e-01
-1.010846151484421501e-01
-9.975031631635442042e-02
-1.366754110729709737e+01
-1.275913247785686599e-01
-1.200036545271085248e-01
-1.133470442668430000e-01
-1.102044146272054687e-01
-1.106395311859308256e-01
-1.068833794409339288e-01
-1.214267912724296128e-01
-1.421441363842665950e-01
-1.172248503090314031e-01
-1.180913573760440372e-01
-1.061993803809011538e-01
-1.061186888209142282e-01
-1.099724194578102221e-01
-1.098832033580040418e-01
-1.030388768603078126e-01
-1.025857981018791221e-01
-1.255365592796194585e-01
-1.137053336838082518e-01
-1.055968891264928017e-01
-1.137221457755187431e-01
-7.937333872429912063e+00
-9.418266785600030389e+00
-1.658803241365770231e-01
-1.154966523253195199e+01
-1.325237757810734940e-01
-1.200500759993052002e-01
-1.202937684217751657e-01
-1.169149516650322546e-01
-1.078706661909477615e-01
-1.034184835800886909e-01
-1.024105807560509313e-01
-9.861014714043786489e-02
-1.051786575710541433e-01
-1.009826961961890340e-01
-1.051816561561475377e-01
-9.943435078851002584e-02
-9.976403232757455330e-02
-1.068683759368606045e-01
-1.095789823736303820e-01
-1.052303262200347533e-01
-1.096748086166867420e-01
-1.023310093299093282e+01
-1.148683922386625617e-01
-1.054454911257028671e-01
-1.012681930123495999e-01
-1.083422461862426356e-01
-1.041357643746134015e-01
-1.144481657647993950e-01
-1.106486942639950399e-01
-1.095110548406140610e-01
-1.060590522402071884e-01
-1.011219053592198602e-01
-1.137154840066715300e-01
-9.930469752259396543e-02
-9.901153252266538252e-02
-9.830933778005798707e-02
-1.005456612730422916e-01
-1.063372565852380713e-01
-1.059379015806840574e-01
-1.016006565249013838e-01
-1.057727101964196920e-01
-1.003599154739511362e-01
-9.889335336954409306e-02
-1.134771208769982564e+01
-1.544804036148746673e-01
-1.234722814131219426e-01
-1.156325135197098092e-01
-1.147955631375021102e-01
-1.550452495285704302e+01
-4.614098964425009108e-01
-1.500944120170487062e-01
-1.262306930179823150e-01
-1.380099303698349988e-01
-1.337747891595321703e-01
-1.237877279353918197e-01
-1.213348343436738141e-01
-1.191452178794814853e-01
-1.212513083878979381e-01
-1.182047951177448847e-01
-1.247713422050281407e-01
-1.172229132912643024e-01
-1.234224830733594014e-01
-1.122518349639408108e-01
-1.084961060554459067e-01
-1.074848322335259648e-01
-1.003748346780978240e-01
-1.193592035412529700e-01
-1.124444335172679887e-01
-1.031354905724297111e-01
-1.042165959276170339e-01
-1.185679668993058211e-01
-1.124249639438025111e-01
-1.073684050032754078e-01
-1.005761536905721981e-01
-9.873190831021995406e-02
-1.035930113143968267e-01
-1.535828877809740156e+01
-1.555072148091491413e-01
-1.335901339948810107e-01
-1.149061910034450962e-01
-1.099063675333693951e-01
-1.230330562786887821e-01
-1.094271705092092206e-01
-1.019465633971329832e-01
-9.714015362064469528e-02
-9.662457185868049414e-02
-9.912844154851919998e-02
-1.008372327844426347e-01
-1.005105551215754733e-01
-1.029341099562492562e-01
-1.010685216228077027e-01
-9.865550904892635142e-02
-1.012875000489552174e-01
-9.675406297038031955e-02
-9.401531086114893465e-02
-9.704164471660574331e-02
-9.578821945684395933e-02
-9.490935778735076767e-02
-9.504230385243608858e-02
-1.072535579085859697e-01
-9.976253602571534540e-02
-1.049341498619162094e-01
-1.020701792461133905e-01
-9.838384572581539145e-02
-1.002297363230345434e-01
-1.099139562181930679e-01
-1.011352951820885387e-01
-1.025616657692251799e-01
-9.520393171298960344e-02
-9.447304097162910475e-02
-1.032805098262030985e-01
-1.304295842964292440e+01
-9.379906588839495574e-02
-1.077496559302525414e-01
-1.030331072767788070e-01
-1.208672767346857668e+01
-1.260574950575396036e-01
-1.043472019544416790e-01
-9.958197611924086978e-02
-1.039959808242524042e-01
-9.900182402162811812e-02
-1.060156063587930930e+01
-1.216873073238115843e+01
-1.513129357426454269e-01
-1.391070735777614686e+01
-1.248053253286767333e-01
-1.173947539702496629e-01
-1.128380277909226126e-01
-1.036852260179447482e-01
-1.151220584824480808e-01
-1.121366914851545521e-01
-9.651360006382814660e+00
-1.177100934062046966e-01
-1.189426364930689234e-01
-1.079919464920542499e-01
-1.062712995817381018e-01
-1.001363466225579923e-01
-9.676401787659606735e-02
-1.099627456730657982e-01
-1.050224629514188990e-01
-1.031385796902520163e-01
-1.100398856705219508e+01
-1.149733642499612407e-01
-9.917062068796113350e-02
-1.131413648129041860e+01
-1.380853407917932985e-01
-1.218380719171547194e-01
-1.139414175449208061e-01
-1.257805225016086492e-01
-1.100025204847932814e-01
-1.118366956951949293e-01
-1.040975874486713970e-01
-1.172589395431025672e+01
-1.276344933178319707e-01
-1.276862261624510664e-01
-1.139089994907766662e-01
-1.082606786498220841e-01
-1.099942359153658483e-01
-1.113457013202472506e-01
-1.057914722611127817e-01
-1.171353685567513014e-01
-1.034857862447302879e-01
-1.013574006912744824e-01
-9.956785579785679130e-02
-1.022117913360498648e-01
-1.044517864144880043e-01
-1.305588368973028679e+01
-1.477507860462738409e-01
-1.585230529984178183e-01
-1.276772153140460775e-01
-1.076439692986168872e-01
-1.162717023779986092e-01
-1.108048699406094240e-01
-1.008063097993879970e-01
-1.023630569076229430e-01
-1.084448430032570049e-01
-1.007567751064070982e-01
-1.014768275606787312e-01
-9.541882916043961660e-02
-1.002529233278022930e-01
-9.699856832132294771e-02
-9.886201920808283805e-02
-9.564282736335345814e-02
-9.291343786253285220e-02
-1.030552540849642429e-01
-1.011036283008674846e-01
-9.567075388533888280e-02
-1.068867362967154122e+01
-1.248733191631264255e-01
-9.796534637959321279e-02
-9.435558513407132919e-02
-1.002717055393973211e-01
-9.621464930044344721e-02
-1.717299811686518740e-01
-1.167654546738401827e-01
-1.018795967715043355e-01
-1.078130694364739101e-01
-1.153836020052551731e-01
-5.766595642911995157e+01
-1.728620169436341225e+00
-8.436165357703786505e-01
-1.096275970906494734e+01
-8.632288852581629257e+00
-3.818099096006568050e-01
-7.366117227266379963e+00
-1.256366151689977073e+01
-6.938027864308534021e+00
-8.723039092032626840e+00
-2.553777291143685124e-01
-2.356300563831243422e-01
-2.160316885179959512e-01
-1.957110396937767893e-01
-1.844455103397129592e-01
-1.821336166341705476e-01
-1.667025057408507982e-01
-1.716013433148879941e-01
-1.619309916230706192e-01
-2.701797623039850293e+01
-3.214205206294092343e-01
-2.409118021716786240e-01
-1.970138907960373442e-01
-1.896456223941299368e-01
-1.720349530289911888e-01
-1.619941530262964113e-01
-1.587618668163162383e-01
-1.536886759182774509e-01
-1.371049085818824842e-01
-1.369945049918001589e-01
-1.434085362626848770e-01
-1.375857249603384680e-01
-1.290071433749625240e-01
-1.321714369984752502e-01
-1.272573958735029875e-01
-1.269401416169710917e-01
-1.257872884376095568e-01
-1.192919552876407496e-01
-1.163412747365194094e-01
-1.153755773358500075e-01
-8.756618437186505233e+00
-1.436097970869005258e-01
-1.352410945330314307e-01
-1.251287065642014418e-01
-1.202828107916604772e-01
-1.164394253292715259e-01
-1.166784419899180719e-01
-1.196002322829229914e-01
-1.251660083860947625e-01
-1.181966270609544900e-01
-1.206981672076240658e-01
-1.141992293473690911e-01
-1.099271286160786176e-01
-1.091392999166950484e-01
-1.089269693661141652e-01
-1.125028741799897619e-01
-1.088796293650109298e-01
-1.055386372041055426e-01
-1.188221533554388587e-01
-1.093363172537897693e-01
-1.080763056350116519e-01
-1.118784083816550118e-01
-1.100578969494428599e-01
-1.056788727889566570e-01
-1.133651551263700763e-01
-1.053662316781141250e-01
-1.034523853355890088e-01
-1.012423162381802799e-01
-1.002269320745768910e-01
-1.022038024792955579e-01
-1.056132696118101261e-01
-1.250015652051552628e-01
-1.038784675982978717e-01
-1.091366657663849216e-01
-1.041277566794383408e-01
-1.014279727620931298e-01
-1.074114889648920268e-01
-9.961724813971659098e-02
-1.034745441553432260e-01
-1.081079468247496261e-01
-1.043988903383012423e-01
-1.247038390218045123e+01
-1.120144290560240591e-01
-1.126779893689209416e-01
-2.176652386035562259e+01
-1.165833927808343773e-01
-1.299393463402266913e-01
-1.216381962601290195e-01
-1.168584287445423031e-01
-1.087190068725206737e-01
-1.065957237253368772e-01
-1.020448424731495302e-01
-1.033226034737185772e-01
-1.101383678331861599e-01
-1.174116204337482677e-01
-1.145443866626951746e-01
-1.210528367275592460e-01
-1.164800038356103573e-01
-1.084798580306995386e-01
-1.124709556703511193e-01
-1.081841832645252383e-01
-1.164317760385005646e-01
-1.088822081134384751e-01
-1.026395247580452474e-01
-1.115843699279116807e-01
-1.019174263717492895e-01
-9.945249862270570673e-02
-9.633692988617706399e-02
-1.441756867221647143e-01
-1.126535761718251566e-01
-1.193993779105894520e-01
-1.105093660267919137e-01
-1.053291105395048610e-01
-1.082769120602461721e-01
-1.059803935173977973e-01
-1.131145998896583016e-01
-1.114326820256769796e-01
-1.284846286587051267e+01
-1.839843034216935291e-01
-1.270836753553720444e-01
-1.313634166172870654e-01
-1.361669921931387695e-01
-1.262149491206692176e-01
-1.361146240001484264e-01
-1.176827922906868579e-01
-1.192952863125084917e-01
-1.251418699933226630e-01
-1.210389865604093590e-01
-1.309205062042122225e-01
-1.134045471693237023e-01
-1.181890572345462298e-01
-1.145827290479554117e-01
-1.076278890382443010e-01
-1.204272320132244722e-01
-1.152060425449216441e-01
-1.118095800518532773e-01
-1.082192938395706711e-01
-1.124958638718619452e-01
-1.082117169990680777e-01
-1.064673282499283002e-01
-1.078246207664539380e-01
-1.040620391707696712e-01
-1.138672855321895550e-01
-1.070773531866274914e-01
-1.163270391780030083e-01
-1.127870594735333742e-01
-1.141722543342246765e-01
-1.160719283503225396e-01
-1.028127452321325186e-01
-1.185237238203480786e-01
-1.142448249996025900e-01
-1.229921416367018572e-01
-1.134955442781011015e-01
-1.044621509932408404e-01
-1.047204667251282056e-01
-1.078420202815682238e-01
-1.106485973742325768e-01
-1.040364286493608986e-01
-1.088662966630920548e-01
-1.179556633917561298e-01
-1.067363859824845829e-01
-1.163996795300959869e-01
-1.169939232550363806e-01
-1.441062315272095273e-01
-1.271584797302087733e-01
-1.235750120598790164e-01
-1.138991444038053441e-01
-1.596726672396965263e+01
-6.702494642722776064e-01
-3.327227191692876396e-01
-2.678797645051785858e-01
-2.034870271583136547e-01
-1.824185735977544021e-01
-2.094837728940815436e-01
-1.624490550869092942e-01
-1.537918764174192598e-01
-1.497841882896757404e-01
-1.364071816964750050e-01
-1.362406636552924155e-01
-1.571807840347505536e-01
-1.329755064386619334e-01
-1.328226527638624432e+01
-1.445031872905940540e-01
-1.440130042657164766e-01
-1.464319595165605448e-01
-1.267082862268507359e-01
-1.302600084421751125e-01
-1.250699526706534337e-01
-1.161965582784162399e-01
-1.269585311625144874e-01
-1.277993332238502588e-01
-1.216632014946007756e-01
-1.209799266008802082e-01
-1.116771941974381149e-01
-1.105692019051048719e-01
-1.174996438855103048e-01
-1.126174365893105045e-01
-1.095064840235989712e-01
-1.059247841987279865e-01
-1.163795162600363003e-01
-1.751157090701888630e-01
-1.868846527299702076e-01
-1.338680240861389414e+01
-1.431613432663690622e-01
-1.422180417779322914e-01
-1.342537434640630190e-01
-1.697061999702783597e-01
-1.318223110181205859e-01
-1.186626340183227490e-01
-1.436835017915797097e-01
-1.332222002793041205e-01
-1.335260309320719097e-01
-1.224217478155814748e-01
-1.148330129870058364e-01
-1.185059086796210748e-01
-1.186565677454037154e-01
-1.234384313313996590e-01
-1.255897329945986629e-01
-1.338447558409271987e-01
-1.498689499658660829e-01
-1.218950926829786008e-01
-1.275254985882919023e-01
-1.122285195536886909e-01
-1.093434545437225047e+01
-1.382461804818596873e-01
-1.158293488787005970e-01
-1.335346369432360569e-01
-1.172008056332302650e-01
-1.200376170383858909e-01
-1.071573065520907281e-01
-1.198131868380971909e-01
-1.123867285813881928e-01
-1.115945865917177815e-01
-1.171786045556754280e-01
-1.012202752052465193e+01
-1.346074001357818184e-01
-1.242576821689027472e-01
-1.278967855480111493e-01
-1.114037456784739422e-01
-7.303472077141938357e+00
-1.242204578363472933e+01
-1.092244734665954375e+01
-9.808963153941467894e+00
-3.636190198637354598e-01
-2.752716192052262478e-01
-2.505718790532155960e-01
-2.388376031611167127e-01
-5.110046475486714534e+00
-6.748165681603921051e+00
-2.401176133746162344e-01
-2.084132586795982289e-01
-2.115410511947199701e-01
-5.241203640764528160e+00
-2.038522344118395835e-01
-1.638041429581896247e-01
-9.446819703839320681e+00
-5.089845637457573346e+00
-1.943826693546124029e-01
-1.764321187815785785e-01
-1.506629546529512920e-01
-1.483118201897989930e-01
-1.496561979482702864e-01
-1.348154348145617631e-01
-1.328511704388245507e-01
-1.236532574205465168e-01
-1.291141649272378178e-01
-1.320733147748793246e-01
-1.252376693981546996e-01
-1.193349711421301251e-01
-1.743734199386806694e+01
-1.805264983228649089e-01
-1.415164352554022786e-01
-1.662129057330754278e-01
-1.364794517302617138e-01
-1.343508106395836232e-01
-6.333951886151913513e+00
-1.673852485821644975e-01
-1.409999157378593049e-01
-1.434620540954466839e-01
-1.342231816444441894e-01
-1.549609733339193107e-01
-1.607100755346174137e-01
-1.386602885279715203e-01
-1.339947829910954069e-01
-1.289051813721775741e-01
-1.552392330805832665e-01
-1.357211941127520749e-01
-1.255172393182197033e-01
-1.243278493502662507e-01
-9.461189135493430769e+00
-1.458096252535766302e-01
-1.330406061132180795e-01
-1.198686839138580068e-01
-1.193800585461239072e-01
-1.227765486198106326e-01
-1.273334840041188132e-01
-1.206777727690487995e-01
-1.261505012744552345e-01
-1.228511388487078942e-01
-1.160506843012564793e-01
-1.707893343887050719e+01
-2.024446520481570921e-01
-1.868709671221411017e-01
-1.544893028716722572e-01
-1.481549836941923326e-01
-1.344247351821525605e-01
-1.234796419937135153e-01
-1.277648616275590954e-01
-1.207965905947900875e-01
-1.208750083931223740e-01
-9.049748886622341004e+00
-1.569699651413053731e-01
-1.313756539606367180e-01
-1.263999822277833696e-01
-1.211264570785775957e-01
-1.229479777993157802e-01
-1.197693875086671689e+01
-1.525009633398734799e-01
-7.247509521702267143e+00
-1.770867187073672522e-01
-1.430377828621049174e-01
-1.303801079776784888e-01
-1.342676875407580739e-01
-1.231334676467683714e-01
-1.219039081678530501e+01
-1.087377611866212845e+01
-3.824818208389817453e-01
-2.535657269769354127e-01
-2.108205219605238379e-01
-1.763266079443095713e-01
-1.656602010223919008e-01
-1.507791625836881477e-01
-1.449376271598063481e-01
-1.356861815232760227e-01
-1.351266008547928332e-01
-1.343448544299883640e-01
-1.338798856025744666e-01
-1.317053716531136065e-01
-1.250793391545106381e-01
-1.226480056915724010e-01
-1.271927255185311689e-01
-1.547057231909876940e+01
-1.652692189047876015e-01
-1.353105920737073531e-01
-1.399028809642707538e-01
-1.260630518612921580e-01
-1.225158711966511937e-01
-1.177956850812655748e-01
-1.208991201891180117e-01
-1.246219017617099523e-01
-1.228042662821675068e-01
-1.179326219728190905e-01
-1.154965221202297609e-01
-1.184267854980482898e-01
-1.290140067476015784e-01
-1.199004087203661972e-01
-1.182107470742271293e-01
-1.132322746091074805e-01
-1.081030908661052836e-01
-1.164141682050631316e-01
-1.171780887259129406e-01
-1.133463856927212215e-01
-1.101746799182568848e-01
-1.102008971769262158e-01
-1.099965295500405366e-01
-1.109857200067631278e-01
-1.217186419056211638e-01
-1.159947823558240415e-01
-1.079950533994464973e-01
-1.076458630643259140e-01
-1.106982430334766260e-01
-1.056977586133525798e-01
-1.014770488127670484e-01
-1.107257456591564382e-01
-1.047100072536114035e-01
-1.047623077360042149e-01
-9.922080902551436155e-02
-1.094683332299720840e-01
-1.029780613448019189e-01
-1.100826489915440881e-01
-1.134382368622320614e-01
-1.110342816744122468e-01
-1.094269672377209979e+01
-1.501719374642328797e-01
-1.198140557282316165e-01
-1.125133396875477132e+01
-1.220832362093345613e-01
-1.098460624318562812e-01
-1.060244048741310480e-01
-1.151063468739146750e-01
-1.097403786420856203e-01
-1.114671963036067137e-01
-1.057903084203311722e-01
-1.020967118837150661e-01
-1.882478011190329426e+01
-1.913062089729223036e-01
-1.264922339787138417e-01
-1.168623140948446271e-01
-1.117626005459316924e-01
-1.148382369757740135e-01
-1.096943951701960379e-01
-1.046365639915810136e-01
-1.015325093892565367e-01
-1.094869050772300650e-01
-9.994561774206196791e-02
-1.045115173306105372e-01
-1.150081577341788147e-01
-1.088304439628009768e-01
-1.022088156554318839e-01
-1.002562428210328899e-01
-9.998191550771053093e-02
-9.996307788466235467e-02
-1.021212011473050379e-01
-9.714137253687243900e-02
-1.070057289310309551e-01
-1.081210182549409843e-01
-1.109639628187624322e-01
-1.114161675169340060e-01
-1.046897726898182446e-01
-9.900147991723279306e-02
-1.499940953810857680e-01
-1.117889773702368805e-01
-1.133818974224350962e-01
-1.518350276375218799e-01
-1.217723826713739965e-01
-1.109905718574022149e-01
-1.183384160736421081e-01
-1.210182847960131342e-01
-1.079307252316931698e-01
-1.027040309687085456e-01
-1.022653801579089666e-01
-1.029798201254093076e-01
-1.044369838756833008e-01
-1.060985799367629157e-01
-1.050832294176622383e-01
-1.008635198299821512e-01
-1.168218357569863197e-01
-9.163875564643802818e+00
-1.275303274625508188e+01
-1.309287472175485467e-01
-1.196670003408665112e-01
-1.144170250039734937e-01
-1.244910608386168782e+01
-1.312305622633391511e-01
-1.161889775019038645e-01
-1.160002210931526112e-01
-1.099841333363621582e-01
-1.114238154629981908e-01
-1.144413995664124717e-01
-1.080614535440778817e-01
-1.143663054573674231e-01
-1.049428667790507086e-01
-1.127786254907258562e-01
-1.013758461922067144e-01
-1.043232615382379130e-01
-1.102302305053336623e-01
-1.108735051839140062e-01
-9.713831887019405698e-02
-9.397642647052369125e-02
-1.032819959906123714e-01
-1.019813782494811416e-01
-1.033992805789197417e-01
-9.964513065398061809e-02
-9.927637226415844673e-02
-1.134940557312302395e-01
-1.140287452036399113e-01
-1.045124285725090307e-01
-1.005450630564315162e-01
-1.045008131378553501e-01
-9.753721450246483071e-02
-9.726198469802456448e-02
-9.397299177763598910e-02
-9.294732776441892719e-02
-9.824388049107590781e-02
-9.755912886235537651e-02
-9.871242184617368132e-02
-9.416183419364655693e-02
-1.006875390821463379e-01
-1.067157617125471664e-01
-9.599172621841203790e-02
-1.119227911375587636e-01
-9.993530473725507901e-02
-9.559094164056905485e-02
-1.022078686091358046e-01
-9.809818513659310235e-02
-9.508304146745959196e-02
-9.563201090260008141e-02
-1.150144826351695709e-01
-1.042576478730867506e-01
-9.849337942344381369e-02
-1.017360485424140953e-01
-1.035256941281967880e-01
-1.066421608851546021e-01
-1.905119920414433921e+01
-1.760490081366659909e-01
-1.390833463249793456e-01
-1.285757331747936771e-01
-1.215980645440163932e-01
-1.226277773122645698e+01
-6.065524470883220332e+00
-1.608214253205775823e-01
-1.227805990755138077e-01
-1.124471928476321742e-01
-1.074066186427109354e-01
-7.606601042515807265e+00
-1.648703068877578892e-01
-1.359794304541349641e-01
-1.439294633115418276e-01
-1.141739411610429022e-01
-1.097311874734129833e-01
-1.215536018090676990e-01
-1.123731213917369270e-01
-1.062984265955808916e-01
-1.111825483169145701e-01
-1.100163793387052141e-01
-1.012870256887668796e-01
-1.002079748165130013e-01
-9.666516949081965793e-02
-1.027533763580671666e-01
-1.060582506815759690e-01
-1.060310209998961278e-01
-6.883968717446884433e+00
-1.258276004369144052e-01
-1.273003242579239525e-01
-1.110221061161298789e-01
-1.083976070138243664e+01
-1.361854217913346377e-01
-1.233777199739514163e-01
-1.140822018975893304e-01
-1.092821138958306737e-01
-1.057407525953745209e-01
-1.113823777336872128e-01
-1.108202490540841634e-01
-1.068351207074014486e-01
-9.948378476427878481e-02
-1.018845479564611384e-01
-9.594134858035532898e-02
-9.597123756711523068e-02
-1.035387431597464686e-01
-1.085666880604470863e-01
-1.223795763268947651e-01
-1.087853587533786637e-01
-1.004775544402141119e-01
-1.114132685597735289e-01
-1.036861126698194607e-01
-1.068208673119176583e-01
-9.888617198430088573e-02
-1.468743484032116520e+01
-1.226924696125301917e-01
-1.113283329453908371e-01
-1.127031212164873314e-01
-1.147010531872869055e-01
-1.151222440539430431e-01
-8.615904498037755488e+00
-1.949218682745588183e-01
-1.090937842769115029e+01
-1.525848301286349407e-01
-1.384765231174024669e-01
-1.146797858545344218e-01
-1.125566945547699232e-01
-1.194851079562200130e-01
-1.087054778199804395e-01
-1.156553408672085365e-01
-1.078578377014318274e-01
-1.203892405406630228e-01
-1.176336132751819447e-01
-6.098585159276526113e+00
-1.259006076467177604e-01
-6.313277428670364344e+00
-1.203659183714385489e-01
-1.098187559714714490e-01
-1.136817859004976144e-01
-1.073667262591896931e-01
-1.075287643432643464e-01
-1.145532566560805987e-01
-1.166597059390775265e-01
-1.044490483314397672e-01
-1.060402217642090333e-01
-1.027597558568935227e-01
-9.931059823283647225e-02
-1.009820772771684999e-01
-9.726408281577196557e-02
-9.760130293410193558e-02
-9.484934572613550052e-02
-1.159636603592781590e-01
-1.099420173100408848e-01
-1.037818954513239217e-01
-1.192974937347401482e-01
-1.149115437131677103e-01
-1.557026856779707424e-01
-1.137167768139885349e-01
-1.109683905468081128e-01
-1.112823763964601309e-01
-1.075411616220977862e-01
-1.147674547731651618e-01
-1.071912140349089299e-01
-1.115916264913850153e-01
-1.086337203523375233e-01
-1.120665222584437681e-01
-1.393670257919515654e-01
-1.195262478445795890e-01
-1.122815594374095283e-01
-1.145774999746248035e+01
-1.133048463247073728e-01
-1.225208233992587242e-01
-1.234368797898710707e-01
-1.194574054832890364e-01
-1.107109558617840467e-01
-1.046561055337439927e-01
-1.013239069454720392e-01
-1.016838073219083483e-01
-9.971316668468778455e-02
-9.769772294167422544e-02
-1.191768113656282324e+01
-1.285211586017432905e-01
-1.065526503852495394e-01
-1.017058480487086913e-01
-1.050791585597660310e-01
-1.026880552311408706e-01
-1.531990172541366135e+01
-1.467906877088063222e-01
-1.174129967655246631e-01
-1.162725425612372993e-01
-1.063160557430200687e-01
-1.013184533322111641e-01
-1.007126152057803287e-01
-1.056417988220844373e-01
-1.000158161580537580e-01
-1.042743203267312013e-01
-9.894856295686248193e-02
-9.560285553404949954e-02
-1.085170798015666210e-01
-9.863127607878491299e-02
-1.012277176828553782e-01
-1.099246400703294546e-01
-9.833303358249319281e-02
-7.580174339489035518e+00
-1.268787976174843013e-01
-1.130394645499570999e-01
-1.103112083502340024e-01
-1.068776346193059390e-01
-1.079932132479685669e-01
-1.027741598834965159e-01
-1.016988591311775436e-01
-9.856205796408096242e-02
-9.731303574291372271e-02
-1.162943567428806058e-01
-9.836429211095436276e-02
-9.524174246718650205e-02
-1.017646643781062316e-01
-1.264671213260893379e-01
-1.306851721956986678e-01
-1.106829563570805031e-01
-1.469385488456220124e+01
-9.406105820575412224e+00
-3.065002156190275717e-01
-1.601301571273304192e-01
-6.774846963108140052e+00
-1.732159347907942237e-01
-1.510577530105431876e+01
-1.101589247677788030e+01
-1.860748288967838948e-01
-1.466426704218313781e-01
-1.061918624124432320e+01
-6.870669527947200095e+00
-1.867762216860563707e-01
-1.401777252705635191e-01
-1.137867669343105703e+01
-1.002386463590192278e+01
-1.543467538510135684e-01
-1.396034273765603406e-01
-1.392595407196126622e-01
-1.302538552361183766e-01
-1.212757661093541578e-01
-1.267476862317107877e-01
-1.234932014960462010e-01
-1.267640859888332083e-01
-1.169628234641549441e-01
-1.112386368367390410e-01
-1.130462215679253618e-01
-1.086646692088399646e-01
-1.194931652235128178e-01
-1.179536473896004162e-01
-1.069561844502187470e-01
-1.158055419700559363e-01
-7.700166157501677766e+00
-1.315909265206895162e-01
-1.095046227219975410e-01
-1.064909555238836986e-01
-1.112870448156698944e-01
-1.007502577006790245e-01
-1.007849709286587209e-01
-1.016969881282916016e-01
-9.835743054903713090e-02
-1.042209254077064301e-01
-1.180542249752178086e-01
-1.013130455422243531e-01
-1.038170996206508045e-01
-1.034831485355032082e-01
-9.826998971436556873e-02
-9.698158435994369553e-02
-1.092469128416800328e-01
-9.868975842648386454e-02
-9.803836010749303331e-02
-9.544686672707652919e-02
-9.393437320432636295e-02
-1.047460778566360051e-01
-1.096885035324652036e-01
-2.749688825463665864e+01
-3.901868543447857829e-01
-1.636704236516703936e-01
-1.319499337017666918e-01
-1.253513406641250505e+01
-1.504036097997343557e-01
-1.258637448304016637e-01
-9.547663544483247833e+00
-1.634467044886379838e+01
-1.788822661430654049e-01
-1.443445541172493074e-01
-1.296948533987072327e-01
-1.250782069074380110e-01
-1.174269070926343694e-01
-1.151718609869461785e-01
-1.165462341860803164e-01
-1.181035342689960854e-01
-1.168560469004989166e-01
-1.065660772114700588e-01
-1.027671021036642429e-01
-1.047345688541838626e-01
-1.023069156313961975e-01
-1.030121876885389948e-01
-1.022076680036203833e-01
-9.895792821085749869e-02
-1.320572427120738546e+01
-1.329919502125376796e-01
-1.081276452440576991e-01
-1.140906834170428430e-01
-1.058978267074714430e-01
-1.053068098280262876e-01
-9.911326370346441872e-02
-1.035697898010469742e-01
-1.045601489187263367e-01
-1.180963642477744990e+01
-1.212887825058091629e+01
-1.293752090860366410e-01
-1.211688473309186914e-01
-1.144270910697344074e-01
-1.123123363315113310e-01
-1.028827254486427423e-01
-1.039487605924165475e-01
-1.025085189594786977e-01
-9.915790905660828991e-02
-1.083046249900378455e-01
-1.089829790936717030e-01
-1.023966685101063423e-01
-1.004254247225935398e-01
-9.709125616459948760e-02
-9.612289496758488760e-02
-1.019291392010063663e-01
-1.079771428060109090e-01
-1.023932008575832442e-01
-1.110655600412221305e-01
-1.016565964028331853e-01
-9.856226511760565745e-02
-1.019023044623732221e-01
-1.029675386928168984e-01
-1.058563133877179208e-01
-1.053341448212720272e-01
-1.065338898676402579e-01
-9.560714606515252623e-02
-9.906583280274422476e-02
-9.638860957037456711e-02
-1.040245456063778190e-01
-1.018449074638557300e-01
-1.110531826506546832e-01
-1.022366989777247354e-01
-1.081514713364079144e-01
-1.140425835868387611e-01
-9.818587126378831853e-02
-1.006593761353333366e-01
-9.588046498767036074e-02
-9.766976697006674035e-02
-1.001845422998788454e-01
-1.007976902717643286e-01
-9.678013751332999182e-02
-9.719638879771745621e-02
-9.664520231411137530e-02
-9.707549305430876463e-02
-1.338228231681660718e-01
-1.039897838990346407e-01
-1.062934721990826670e-01
-1.029048035236990594e-01
-1.107187689489545629e-01
-9.764396537289456168e-02
-1.011489919046924812e-01
-9.830653866384579664e-02
-1.035576446456373395e-01
-1.250327264189444454e-01
-1.083894860193031218e-01
-1.035199998445908848e-01
-1.037315124210515110e-01
-9.936483447492858168e-02
-9.709612917982167468e-02
-9.426950297028156844e-02
-9.204799106523064989e-02
-9.021102302615227608e-02
-9.068939228602830582e-02
-1.113644705359122938e-01
-1.005248816948526996e-01
-1.193625198825241362e+01
-1.849247780191881074e-01
-1.079431718229015152e-01
-1.049502206521688713e-01
-1.010925328675595508e-01
-9.646255319316213162e-02
-1.115818359829040818e-01
-1.149873139611501394e-01
-1.010234129612835596e-01
-1.008058642954400702e-01
-1.010088000108319423e-01
-9.412734429196434327e-02
-9.401159367406226874e-02
-9.592430875243790345e-02
-1.224972698440882368e+01
-2.468288887385878261e-01
-1.515539214652067701e-01
-1.314760827499183438e-01
-1.217353657340537743e-01
-1.326429500544525630e-01
-1.147222685774531292e-01
-1.192995154124036061e-01
-1.123423529410606941e-01
-1.076949574451107339e-01
-1.028422232265237546e-01
-1.009842974979196506e-01
-1.407905305161936682e-01
-1.110375968617979131e-01
-9.991114186722148405e-02
-9.596354120321928804e-02
-9.878271821454628898e-02
-9.585966962832011273e-02
-9.884679702786722255e-02
-9.493808826807587087e-02
-9.400654206209491104e-02
-9.305909193409739322e-02
-9.650653932901347154e-02
-9.843033893933861300e-02
-9.266211785534746170e-02
-9.043976904760966939e-02
-9.090181384942859488e-02
-2.394503827028734122e+01
-2.202906537426745637e-01
-1.294612144122395669e-01
-1.307304722165837652e-01
-1.045588336458820183e-01
-1.192877606607792018e-01
-1.038942413506964563e-01
-1.018312748975021553e-01
-9.768122227737878471e-02
-9.694191513012750949e-02
-9.966351099975184757e-02
-1.037963091853276731e-01
-6.210287628794536552e+00
-2.181338447408525671e-01
-1.468175852610245435e+01
-1.124791164709832703e-01
-1.424272093718485510e-01
-1.191638098694912662e-01
-1.075257027195409415e-01
-1.105611407190532358e-01
-1.028819925717072425e-01
-1.042795941243714886e-01
-1.076633469021770623e-01
-1.021780106119417886e-01
-1.148352391303370545e+01
-1.325079341210155248e-01
-1.116328657428773824e-01
-1.216737236036797148e-01
-1.473730625124574090e+01
-1.863891266640637090e-01
-1.390610198616720194e-01
-1.353058829076745628e-01
-1.161436216598928234e-01
-1.078871467791642363e-01
-1.349521740837597861e+01
-1.923227642274965288e-01
-1.425716358535637496e-01
-1.290073949037097156e-01
-1.589047883092300495e-01
-1.367332183779206844e-01
-1.406063053434611354e-01
-1.517864641520962343e-01
-1.163564896306525792e-01
-1.255406289897859629e-01
-1.144962596453905773e-01
-1.097934361904515099e-01
-1.343784855011386781e-01
-1.066101929389380448e-01
-1.083488465295720238e-01
-1.007591595030048609e-01
-1.004387308865413025e-01
-1.009955634480477621e-01
-1.442433274063746218e+01
-1.070951637771307557e-01
-1.064686948675443445e-01
-1.069588185640987094e-01
-1.048629524399987134e-01
-1.025174628394063120e-01
-1.048018361755725658e-01
-1.358664090337776964e-01
-1.162568451171701323e-01
-1.117353452347266546e-01
-1.076051541691609020e-01
-1.017658947403894815e-01
-1.025787672962941155e-01
-1.017243398529751597e-01
-1.127482287187463461e-01
-9.848953851252593983e-02
-1.096305292780533902e-01
-1.116097802266129146e-01
-9.809095821210299382e-02
-9.521357812410043142e-02
-9.667016908738675085e-02
-9.885022626261616430e-02
-1.027741203800901504e-01
