1.418864868159999959e-01
1.354390704629999942e-01
1.364588872430000099e-01
1.416576883250000030e-01
1.337985724380000019e-01
1.338194630229999904e-01
1.289602207849999960e-01
1.256294558469999989e-01
1.505374006440000079e-01
1.384696282850000071e-01
1.341193311730000115e-01
1.280900748690000091e-01
1.243389196080000036e-01
1.216315665469999974e-01
1.560316741040000121e-01
1.294412085099999887e-01
1.232835204859999978e-01
1.199508139120000066e-01
1.177047639319999950e-01
1.328340827560000048e-01
1.230757462910000016e-01
2.847896273100000153e-01
1.917199096120000001e-01
1.652895179259999958e-01
1.493218722269999965e-01
1.398075279930000026e-01
1.334299151059999966e-01
1.288182656290000061e-01
1.431190885439999894e-01
1.553004051630000049e-01
1.382832293050000050e-01
1.385886528630000114e-01
1.327846125999999904e-01
1.268815489900000093e-01
1.231881384589999934e-01
1.206170936080000061e-01
1.185107866820000050e-01
1.176611262440000055e-01
1.160400190120000063e-01
1.146730205309999945e-01
1.146042070959999992e-01
1.133060491779999956e-01
1.122112293290000035e-01
1.112520364719999932e-01
1.209283027459999993e-01
1.138488512270000030e-01
1.115824685120000020e-01
1.102172780890000037e-01
1.092078876559999939e-01
1.139033207740000053e-01
1.106850691290000022e-01
1.091454717140000058e-01
1.080992598940000021e-01
1.072805582150000020e-01
1.065948134749999943e-01
1.083451814200000057e-01
1.069896755209999994e-01
1.083618165119999976e-01
1.221854901250000042e-01
1.141475490350000038e-01
1.107406751980000020e-01
1.283254438539999931e-01
1.159967954420000058e-01
1.137826944419999958e-01
1.161811523680000013e-01
1.139776177050000061e-01
1.126140391070000052e-01
1.100663902529999960e-01
1.083702495300000040e-01
1.071161662910000006e-01
1.061214862109999962e-01
1.053037029890000059e-01
1.051455059969999967e-01
1.113521841820000052e-01
1.126807053499999933e-01
1.096555695219999932e-01
1.135893096190000034e-01
1.090762422149999938e-01
1.105341488210000028e-01
1.079333971179999990e-01
1.064926195909999956e-01
1.052567735750000039e-01
1.043146694340000014e-01
1.757390657089999975e-01
1.260307714560000014e-01
1.213575593239999972e-01
1.144019079729999971e-01
1.134044623319999945e-01
1.102019757739999967e-01
1.080864241769999984e-01
1.065429082869999988e-01
1.066895408630000042e-01
1.054763153409999932e-01
1.045131925690000047e-01
1.037097308589999961e-01
1.043320036879999968e-01
1.034767986120000011e-01
1.054840166519999956e-01
1.079119971880000001e-01
1.055608757700000067e-01
1.055892287660000067e-01
1.040811862229999996e-01
1.030392798020000056e-01
1.034843182589999938e-01
1.025373149010000012e-01
1.037401804560000029e-01
1.025707623810000052e-01
1.224001114350000002e-01
1.171154412890000052e-01
1.152287185850000006e-01
1.099962468940000049e-01
1.082574372559999970e-01
1.126763905890000028e-01
1.113340113780000029e-01
1.076086810539999966e-01
1.070925070070000013e-01
1.417979259130000003e-01
1.201185910360000053e-01
1.317887112170000041e-01
1.183386867570000028e-01
1.129481557330000024e-01
1.097536417960000010e-01
1.089380878389999974e-01
1.070263906029999962e-01
1.066622842959999984e-01
1.051958438430000004e-01
1.040668433949999971e-01
1.031462524800000058e-01
1.030922942540000026e-01
1.022867500859999945e-01
1.016137935269999931e-01
1.010330949750000012e-01
1.012185606340000044e-01
1.009113029959999991e-01
1.003157123139999940e-01
1.010004242430000004e-01
1.849430846790000027e-01
1.457188248069999914e-01
1.310770957419999938e-01
1.218765373229999949e-01
1.189025144649999977e-01
1.143413902720000069e-01
1.112380752169999931e-01
1.089648416940000031e-01
1.083965072839999932e-01
1.139267737339999947e-01
1.112641158760000054e-01
1.081885324410000043e-01
1.235529064219999945e-01
1.182282001160000068e-01
1.148701455260000004e-01
1.159091818929999934e-01
1.435834282790000027e-01
1.272032559569999943e-01
1.291001210180000025e-01
1.441524202580000136e-01
1.285036239679999970e-01
1.217089109469999958e-01
1.175001860580000002e-01
1.160811158040000041e-01
1.140110775370000024e-01
1.118323421759999936e-01
2.343168771539999862e-01
1.484852245430000051e-01
1.318540071950000114e-01
1.376311474799999934e-01
1.256623616929999909e-01
1.196409500389999936e-01
1.214298508520000042e-01
1.162919176050000031e-01
1.132974929890000065e-01
1.111685143109999996e-01
1.095126228720000039e-01
1.087233243120000054e-01
1.074954671619999941e-01
1.191727453569999956e-01
1.113728143920000024e-01
1.085231483680000053e-01
1.295389181449999871e-01
1.153787939459999939e-01
1.152923324370000030e-01
1.158261264510000027e-01
1.120051811179999940e-01
1.095687442200000000e-01
1.078100542749999974e-01
1.064526052889999963e-01
1.062136769559999944e-01
1.051603446040000056e-01
1.042651122569999977e-01
1.243690833229999931e-01
1.082948232010000067e-01
1.072831713009999993e-01
1.050907662009999965e-01
1.037373611599999995e-01
1.027592377549999964e-01
1.020035956770000002e-01
1.018987106269999970e-01
1.050303946099999941e-01
1.054780258770000034e-01
1.221465981370000037e-01
1.113897840109999982e-01
1.072181155670000052e-01
1.186042038189999981e-01
1.088347852379999980e-01
1.057092433340000026e-01
1.058955600130000035e-01
1.041451450330000000e-01
1.047514591489999980e-01
1.031834796529999959e-01
1.077742090319999957e-01
1.062462449040000034e-01
1.063169912999999966e-01
1.063498387860000033e-01
1.188468512170000047e-01
1.090592982209999950e-01
1.165682043540000046e-01
1.097952498299999968e-01
1.065492762740000016e-01
1.059379586460000022e-01
1.073019546130000029e-01
1.096188248470000015e-01
1.060713147899999959e-01
1.054783017180000032e-01
1.073950300620000048e-01
1.047133980210000065e-01
1.030616620030000014e-01
1.018920412360000000e-01
1.111153302770000045e-01
1.219476040459999966e-01
1.306423027189999864e-01
1.702896933520000045e-01
1.312208910240000026e-01
1.271835371979999907e-01
1.184507829110000021e-01
1.135198825640000020e-01
1.197692375139999960e-01
6.582745387920000413e-01
3.856542428190000149e-01
2.958307039770000091e-01
2.371406513590000043e-01
2.030388450030000125e-01
2.905225055769999898e-01
2.471914407920000056e-01
2.092197452410000102e-01
1.976611523629999978e-01
1.733601484429999895e-01
1.670154188129999995e-01
1.907678189700000027e-01
1.589360045060000115e-01
1.483547064540000071e-01
1.611544871699999992e-01
1.464050290020000034e-01
1.389604190829999975e-01
1.347371396060000059e-01
1.306875464109999996e-01
1.274674024999999933e-01
1.247943030730000041e-01
1.224929177730000041e-01
1.211351196540000064e-01
1.192906050510000038e-01
1.176665337560000024e-01
1.162002616120000054e-01
1.156304509380000067e-01
1.142958623439999932e-01
1.131136872190000031e-01
1.120433937789999945e-01
1.110953373929999960e-01
1.161212386010000014e-01
1.119471284330000038e-01
1.118201607050000046e-01
1.101690247429999991e-01
1.240314599230000064e-01
1.202074430219999962e-01
1.148073373079999959e-01
1.141919348399999951e-01
1.115772010920000057e-01
1.109047631310000059e-01
1.138801871709999997e-01
1.104972113229999997e-01
1.089437247290000049e-01
1.101880234659999985e-01
1.081737749629999995e-01
1.068463835890000047e-01
1.058386586719999994e-01
1.050176121740000051e-01
1.051786855210000010e-01
1.066283657969999965e-01
1.080800257940000009e-01
1.073974245229999958e-01
1.054150793860000046e-01
1.042467202679999982e-01
1.060513670040000023e-01
1.086241446520000015e-01
1.059654013609999945e-01
1.044481460499999959e-01
1.075936569359999956e-01
1.050133041889999980e-01
1.050401703280000043e-01
1.216393276929999961e-01
1.137000215339999953e-01
1.116932459570000036e-01
1.103410609870000003e-01
1.074324712300000068e-01
1.073745575739999958e-01
1.054848521959999980e-01
1.041552611469999945e-01
1.040748543209999988e-01
1.035595601050000036e-01
1.189688135699999982e-01
1.123651441669999973e-01
1.134133722059999932e-01
1.098435367909999932e-01
1.074870922369999954e-01
1.057792525340000012e-01
1.515157695999999887e-01
1.207244841779999966e-01
1.148915273070000020e-01
1.104583521910000032e-01
1.077622463740000036e-01
1.059128427079999990e-01
1.217314457160000030e-01
1.109903528739999978e-01
1.074731866939999947e-01
1.277640025419999881e-01
1.189166856220000013e-01
1.121324452639999997e-01
1.099062967109999955e-01
1.073136940439999992e-01
1.252475945129999935e-01
1.789795786039999892e-01
1.284949550449999978e-01
1.456991294449999919e-01
1.311773812750000046e-01
1.225948387820000041e-01
1.197486231220000058e-01
1.146872296489999943e-01
1.115060591659999961e-01
1.092180478550000000e-01
1.080973540619999951e-01
1.095720200680000006e-01
1.092910307180000040e-01
1.110212583760000066e-01
1.075101424710000059e-01
1.055656260240000061e-01
1.098209236349999979e-01
1.074947068469999933e-01
1.051724846159999976e-01
1.056520339739999981e-01
1.039439932500000052e-01
1.044101029589999952e-01
1.029755456580000034e-01
1.019598672539999973e-01
1.011678986629999943e-01
1.039909203380000036e-01
1.207239697629999969e-01
1.296124873670000122e-01
1.159361528979999945e-01
1.122548506730000062e-01
1.085304159589999956e-01
1.146382124299999972e-01
1.083044544809999982e-01
1.057072084820000063e-01
1.040396557180000014e-01
1.028097250259999984e-01
1.075005401559999962e-01
1.088951385649999937e-01
1.054810630570000018e-01
1.159749943809999934e-01
1.088259723670000068e-01
1.104096068370000044e-01
1.059264248170000006e-01
1.333904952290000112e-01
1.181796129830000042e-01
1.119698586409999946e-01
1.109210306569999999e-01
1.098865157109999990e-01
1.224406524620000047e-01
1.124235165169999995e-01
1.084225914579999978e-01
1.454975496879999941e-01
1.347137916210000008e-01
1.233090866910000055e-01
1.174393124569999974e-01
1.135997418270000003e-01
1.179559451450000046e-01
1.154514424690000068e-01
1.420567637679999995e-01
1.197713056490000011e-01
1.300194512769999866e-01
1.164955389829999965e-01
1.135400565600000050e-01
1.102033816400000005e-01
1.079470729319999961e-01
1.249884620299999971e-01
1.128240901040000049e-01
1.101911673879999998e-01
1.073992667920000005e-01
1.070734139069999952e-01
1.076209449159999942e-01
1.053853088379999997e-01
1.039045340519999944e-01
1.027933133700000001e-01
1.018999013509999940e-01
1.018844207329999973e-01
1.054785678070000038e-01
1.308797356649999966e-01
1.185380463059999973e-01
1.136209076439999993e-01
1.097766073269999948e-01
1.085499067020000014e-01
1.102305710500000036e-01
1.068580308810000018e-01
1.048745026370000027e-01
1.037348279249999949e-01
1.016635360089999940e-01
1.049644753879999948e-01
1.050121683300000025e-01
1.054308404329999949e-01
1.029507510960000066e-01
1.015017659890000007e-01
1.004929596659999980e-01
9.970732117279999807e-02
9.906873048240000257e-02
9.853113243699999912e-02
9.806442949059999969e-02
9.764806757800000014e-02
1.046427340359999958e-01
1.029452465189999999e-01
1.019898270399999946e-01
1.000726238480000030e-01
9.892067033510000551e-02
1.047868790309999937e-01
1.130744411910000052e-01
1.052066063449999950e-01
1.021893337460000051e-01
1.004789449399999951e-01
9.931998479459999696e-02
9.847695577369999786e-02
9.780924356240000561e-02
9.771024409379999720e-02
9.718293824719999308e-02
9.674217243329999438e-02
9.635407409990000283e-02
9.940758426040000040e-02
9.843606400809999657e-02
9.769417228030000122e-02
1.020934629940000032e-01
1.005739760169999941e-01
9.929870663940000564e-02
2.246720604540000110e-01
1.467876780780000001e-01
1.410340944669999930e-01
1.283042993069999915e-01
1.192788178190000020e-01
1.194315641530000055e-01
1.142456027089999993e-01
1.260536376189999863e-01
1.207331201880000038e-01
1.151309523899999993e-01
1.334740655699999945e-01
1.183608588099999970e-01
1.123531714900000006e-01
1.088673891720000064e-01
1.064931751990000064e-01
1.047285151259999963e-01
1.033453574250000062e-01
1.022233020590000013e-01
1.012742540610000047e-01
1.004698716029999994e-01
1.000549543060000046e-01
9.942736960129999746e-02
1.141030026799999958e-01
1.215021648499999968e-01
1.404290264960000034e-01
1.226775190239999952e-01
1.298828307150000083e-01
1.200307905750000043e-01
1.162555061239999993e-01
1.130457284470000046e-01
1.091061494420000055e-01
1.072261701760000019e-01
1.259383261189999936e-01
1.168723024579999964e-01
1.165710337290000037e-01
1.193282069030000003e-01
1.171010321550000066e-01
1.111554688340000013e-01
1.216357035460000069e-01
1.121954580230000026e-01
1.098179036790000035e-01
1.070016007059999968e-01
1.107370108910000067e-01
1.189712475009999937e-01
1.128071349399999979e-01
1.183444286349999985e-01
1.482018229490000005e-01
1.313093558150000006e-01
1.193400076020000034e-01
1.135842467130000061e-01
1.098664487140000035e-01
1.073372681460000033e-01
1.054571670940000067e-01
1.047509425959999990e-01
1.033909455280000028e-01
1.040466236500000030e-01
1.025750317459999950e-01
1.014844366229999961e-01
1.006076826779999933e-01
1.007410296250000059e-01
9.993004076710000627e-02
9.924941287539999768e-02
9.867253000980000244e-02
9.834018515520000225e-02
9.786833748659999610e-02
9.744673612479999580e-02
9.806379182720000032e-02
9.758538730820000284e-02
9.715866634349999698e-02
9.677547997209999531e-02
9.643297154190000331e-02
1.903501316760000117e-01
1.152830817839999994e-01
1.086422333500000059e-01
1.061465909390000018e-01
1.103344846729999995e-01
1.089907077630000026e-01
1.628724989840000026e+00
8.197533583770000298e-01
5.528082925280000115e-01
4.250621898140000132e-01
3.689053346889999974e-01
3.245643809239999733e-01
3.083617836599999995e-01
2.720664741330000025e-01
2.618787126000000076e-01
2.671496160999999869e-01
2.414106260849999963e-01
2.422534922519999911e-01
2.113114477380000078e-01
1.957255944200000097e-01
1.845447845450000068e-01
1.758210628519999985e-01
1.693209177979999869e-01
1.631388064759999867e-01
1.597959599580000001e-01
2.953812940139999843e-01
2.386463810099999916e-01
1.999690252659999945e-01
1.822677608069999955e-01
1.727313237230000131e-01
1.670447759510000074e-01
1.609866285000000063e-01
1.537015017059999988e-01
1.489992844999999955e-01
1.441803671230000028e-01
1.518733148760000040e-01
1.414693638520000130e-01
1.374747484180000034e-01
1.354437948660000002e-01
1.365941081940000024e-01
1.324632934119999994e-01
1.297758846379999942e-01
1.276409571129999976e-01
1.258223781810000053e-01
1.242148137970000010e-01
1.274688915839999881e-01
1.266155261970000057e-01
1.425383161329999981e-01
1.322585237929999880e-01
1.273015633419999904e-01
1.252519580689999967e-01
1.226788927450000038e-01
1.209562892730000061e-01
1.341505608690000129e-01
1.256375599690000011e-01
1.217534328719999948e-01
1.193006400450000032e-01
1.174864344780000014e-01
1.160477402099999999e-01
1.162030949739999985e-01
1.149679370040000009e-01
1.138829742870000050e-01
1.129174320979999951e-01
1.272381551660000110e-01
1.179682504509999980e-01
1.151864118720000024e-01
1.202793726960000031e-01
1.156230229909999963e-01
1.133172782780000054e-01
1.129321476549999953e-01
1.114891843089999973e-01
1.103662454299999957e-01
1.094295226560000056e-01
1.086290532780000012e-01
1.079254697559999948e-01
1.072893194600000044e-01
1.076887117710000064e-01
1.070320094999999971e-01
1.064425392449999952e-01
1.059029487759999971e-01
1.080539765689999959e-01
1.070267341479999995e-01
1.079972731550000037e-01
1.067689548019999934e-01
1.069359524020000035e-01
1.059408124429999931e-01
1.051682664400000050e-01
1.055151161489999989e-01
1.134394927190000013e-01
1.094924871499999980e-01
1.315878693649999986e-01
1.366902885790000077e-01
1.228262536529999976e-01
1.192037580719999962e-01
1.148482993950000058e-01
1.119913877159999932e-01
1.099391835249999977e-01
1.083820736459999989e-01
1.071321090749999955e-01
1.066242865250000005e-01
1.148257626190000019e-01
1.132880332539999979e-01
1.196960036720000065e-01
1.133362224510000016e-01
1.100345390080000041e-01
1.090650746050000064e-01
1.120432744679999981e-01
1.084489301910000064e-01
1.065787700960000028e-01
1.053046781619999955e-01
1.043333077910000017e-01
1.035477508020000020e-01
1.028830258069999976e-01
1.405274948659999967e-01
1.154767280150000019e-01
1.121134071830000023e-01
1.160145243479999977e-01
1.124309190540000031e-01
1.107269118170000066e-01
1.098561004150000048e-01
1.092553682260000020e-01
1.096438671359999950e-01
1.067858821129999969e-01
2.136884230589999878e-01
1.404704376010000033e-01
1.268168740389999938e-01
1.283763122550000135e-01
1.348728684920000032e-01
1.252797348470000016e-01
1.214420455330000037e-01
1.197038039860000014e-01
1.168341835869999984e-01
1.126240438729999987e-01
1.326209656940000037e-01
1.148476410239999967e-01
1.238712103179999968e-01
1.136517338320000015e-01
1.099820284890000027e-01
1.289083275450000066e-01
1.154505188909999980e-01
1.103885225960000022e-01
1.077620298040000008e-01
1.107973763050000005e-01
1.073817465450000036e-01
1.057448473759999980e-01
1.044411202859999999e-01
1.110336034809999983e-01
1.102145457160000064e-01
1.066228379529999964e-01
1.066171839489999940e-01
1.046887295750000002e-01
1.033879092799999955e-01
1.024137984000000057e-01
1.016298718120000055e-01
1.074157585030000028e-01
1.034300776840000047e-01
1.031763451800000037e-01
1.058851616119999978e-01
1.077436058039999978e-01
1.045728656040000037e-01
1.027541306580000008e-01
1.015611056120000050e-01
1.006805480619999971e-01
9.998723511489999993e-02
1.122557007229999931e-01
1.053215288869999988e-01
1.303074324590000055e-01
1.124273054289999935e-01
1.436958156350000015e-01
1.246688921219999968e-01
1.322414239960000015e-01
1.189637932130000048e-01
1.149741098420000024e-01
7.090500577110000480e-01
3.595523128220000086e-01
2.834766416450000270e-01
2.219023535340000075e-01
1.911212904210000119e-01
2.020641792960000127e-01
1.709573474960000006e-01
1.596463155819999868e-01
1.519991409130000137e-01
1.434691239800000018e-01
1.396057237509999993e-01
1.385141313940000118e-01
1.326484831360000005e-01
1.283716427630000045e-01
1.269239008449999928e-01
1.435033149680000064e-01
1.457567052179999934e-01
1.311352535699999988e-01
1.287293641989999959e-01
1.260307821299999909e-01
1.219679694039999956e-01
1.473681343100000096e-01
1.391156475820000127e-01
1.266557913540000135e-01
1.226669117479999987e-01
1.187544221580000003e-01
1.176143040130000067e-01
1.150985487800000040e-01
1.131644042630000069e-01
1.127989136369999951e-01
1.111795137069999939e-01
1.110778906900000002e-01
1.096322018060000014e-01
1.386937983529999974e-01
1.489816200219999942e-01
1.316531247000000127e-01
1.229142375539999943e-01
1.179715512090000057e-01
1.630337711229999931e-01
1.345968406109999960e-01
1.247039140289999959e-01
1.264993019850000067e-01
1.443549863789999887e-01
1.373495062500000030e-01
1.256446105679999981e-01
1.200922746819999970e-01
1.189837277019999973e-01
1.176482648639999989e-01
1.148773364250000040e-01
1.221896020589999937e-01
1.378218437460000112e-01
1.593410216629999876e-01
1.275023152960000072e-01
1.251378672610000131e-01
1.211545313919999978e-01
1.167748272690000005e-01
1.152665006339999992e-01
1.126398039420000025e-01
1.237026849239999948e-01
1.219074290730000065e-01
1.161589627120000051e-01
1.129682437820000024e-01
1.162121226499999993e-01
1.113211720880000061e-01
1.091225304740000013e-01
1.076149868900000001e-01
1.081689429210000025e-01
1.347641433919999909e-01
1.154595862220000047e-01
1.121332600169999971e-01
1.091220057900000040e-01
1.097158963129999942e-01
1.440935031470000072e-01
4.227155147239999855e-01
4.194137435390000168e-01
3.886892756499999990e-01
2.892248720550000263e-01
2.643460868349999937e-01
2.463801703830000023e-01
2.333234149839999994e-01
2.510341654770000264e-01
2.509892591480000212e-01
2.210009264020000030e-01
2.278707356459999944e-01
1.843539930020000051e-01
1.899602447350000056e-01
1.663276122590000017e-01
1.547596948090000091e-01
1.958312890239999882e-01
1.819232949000000044e-01
1.785673209610000034e-01
1.657905681750000138e-01
1.528499643050000023e-01
1.559112979750000016e-01
1.450959906690000023e-01
1.387749981230000096e-01
1.341902779370000021e-01
1.399423496789999888e-01
1.312766725229999876e-01
1.273702570709999982e-01
1.245798935160000037e-01
1.232963188990000014e-01
2.132322995940000021e-01
1.557465442980000003e-01
1.666756890720000051e-01
1.521862785860000067e-01
1.415909700640000102e-01
1.335625416129999909e-01
1.993782560279999949e-01
1.589708391709999946e-01
1.461829907739999879e-01
1.362817806190000092e-01
1.656881632570000040e-01
1.559652186290000075e-01
1.442059530249999999e-01
1.343934837559999929e-01
1.298270693549999910e-01
1.610955087979999978e-01
1.384917251910000036e-01
1.295658501120000028e-01
1.246822924819999956e-01
1.292447964779999958e-01
1.592827781729999892e-01
1.366774202930000071e-01
1.281303638350000107e-01
1.232778365879999977e-01
1.200033837850000007e-01
1.187696146509999995e-01
1.286671305050000047e-01
1.331810809940000007e-01
1.357031222650000035e-01
1.244026278809999969e-01
1.211447509960000002e-01
1.999863699470000034e-01
2.025674697700000082e-01
1.659601666040000090e-01
1.491702730530000132e-01
1.451948940720000081e-01
1.339322525749999937e-01
1.290453590900000058e-01
1.244949620119999989e-01
1.211677667800000052e-01
1.581492777300000097e-01
1.381865109840000050e-01
1.286283601730000004e-01
1.323205819659999949e-01
1.285574256270000104e-01
1.233697967449999960e-01
1.261022518799999881e-01
1.889708454189999998e-01
1.408215359539999878e-01
2.069497298930000062e-01
1.578751123540000079e-01
1.411099096060000058e-01
1.374423894039999983e-01
1.293337608229999935e-01
1.349281967510000124e-01
1.061430436280000000e+00
3.838690359790000173e-01
2.680920404859999939e-01
2.341590216570000049e-01
1.924966470410000019e-01
1.721298165840000061e-01
1.591673131299999877e-01
1.511830304300000039e-01
1.441317769269999938e-01
1.386301249720000017e-01
1.358240852619999883e-01
1.351808738999999981e-01
1.351533472610000064e-01
1.326606618560000062e-01
1.280551665920000026e-01
1.248970200460000068e-01
1.223873820609999996e-01
1.868691230149999993e-01
1.517867661079999875e-01
1.492369584640000080e-01
1.362351256490000051e-01
1.296939481269999972e-01
1.254208082690000114e-01
1.235837970819999992e-01
1.278255481280000105e-01
1.257581510359999932e-01
1.252149055469999883e-01
1.227703308730000026e-01
1.193327762940000064e-01
1.359595434960000071e-01
1.326393076590000053e-01
1.265246995379999961e-01
1.212289835509999941e-01
1.179599756559999990e-01
1.350537934780000060e-01
1.276629166749999877e-01
1.207373019859999952e-01
1.169846162370000026e-01
1.145860869660000059e-01
1.134650145999999971e-01
1.119112872849999940e-01
1.268362360309999992e-01
1.172373216269999990e-01
1.135677366600000016e-01
1.113964703440000065e-01
1.106202475740000052e-01
1.092827231379999986e-01
1.082127119099999951e-01
1.084713780279999984e-01
1.074285250929999935e-01
1.065632025020000068e-01
1.058372448839999952e-01
1.051895808670000043e-01
1.063027507560000001e-01
1.055076392929999995e-01
1.062861034559999945e-01
1.051908319710000012e-01
1.070084286049999972e-01
1.487092377420000111e-01
1.215178678450000022e-01
1.140607336170000041e-01
1.129682902139999973e-01
1.100714498530000057e-01
1.081135140299999964e-01
1.213692623940000048e-01
1.134739633349999971e-01
1.131200921089999950e-01
1.101040360139999980e-01
1.081091737209999987e-01
1.066603579979999994e-01
1.912546637879999900e-01
1.295002003980000038e-01
1.181577811300000003e-01
1.130304575629999947e-01
1.100080119210000013e-01
1.109678185330000011e-01
1.089348349219999984e-01
1.073794825239999945e-01
1.074134365230000054e-01
1.061007931580000008e-01
1.050483340099999940e-01
1.095448527640000003e-01
1.062364198179999997e-01
1.046752833050000053e-01
1.036327081060000044e-01
1.028232084279999958e-01
1.021568242160000028e-01
1.021973057679999991e-01
1.016044511889999946e-01
1.014443730349999934e-01
1.072896269170000028e-01
1.064871634189999972e-01
1.079691698219999996e-01
1.049088098649999939e-01
1.031987793370000017e-01
1.342678280469999930e-01
1.139889320230000058e-01
1.088755597389999968e-01
1.618096005970000029e-01
1.246497443949999978e-01
1.152278742589999960e-01
1.105935361940000028e-01
1.077634209059999959e-01
1.058018065469999991e-01
1.043431407710000008e-01
1.032000873789999940e-01
1.047227977859999937e-01
1.034435139159999989e-01
1.040948467120000054e-01
1.054896128569999952e-01
1.035178556600000049e-01
1.038904045460000009e-01
1.024801931309999997e-01
1.309833195560000108e-01
1.501136163879999985e-01
1.293780681449999970e-01
1.193256757049999950e-01
1.138581347760000001e-01
1.114071274430000064e-01
1.248093958859999991e-01
1.260778764290000076e-01
1.161826137310000007e-01
1.142469110799999993e-01
1.159188084699999954e-01
1.115763996740000014e-01
1.190096298559999988e-01
1.126207956999999982e-01
1.119189779549999986e-01
1.140180217060000056e-01
1.098582329259999990e-01
1.141482682250000019e-01
1.093135886750000035e-01
1.068974999199999998e-01
1.052216939260000039e-01
1.048062586630000015e-01
1.036185738279999935e-01
1.052679934369999959e-01
1.053846723980000066e-01
1.039776707820000007e-01
1.065887882649999979e-01
1.044964672469999994e-01
1.031031685650000002e-01
1.020652495739999971e-01
1.012326217400000006e-01
1.005450721440000056e-01
9.994924947939999582e-02
9.943221778880000084e-02
9.896943838409999472e-02
9.855192048260000282e-02
9.817846353129999759e-02
9.783287251540000173e-02
9.751781646929999492e-02
9.745178687000000117e-02
1.005036813330000001e-01
9.898244750510000467e-02
1.002552832139999989e-01
9.895148998050000422e-02
9.812570930679999359e-02
9.753203805889999745e-02
9.706105508340000243e-02
9.801968129969999832e-02
9.744560553240000367e-02
9.697601036189999746e-02
9.909446756129999812e-02
9.811249995059999340e-02
9.812054356990000670e-02
9.740860642699999961e-02
9.685364913400000553e-02
9.641405864289999406e-02
1.868803299089999981e-01
1.471448745739999953e-01
1.310528908920000069e-01
1.328820862810000114e-01
1.218507516509999972e-01
1.243579692239999979e-01
1.315582518300000003e-01
1.202614888639999963e-01
1.145772198120000029e-01
1.143752345120000041e-01
1.106797290840000059e-01
1.729430804919999953e-01
1.396133107900000003e-01
1.370695229949999983e-01
1.239839906489999949e-01
1.179675020570000038e-01
1.216207322829999937e-01
1.274040915209999902e-01
1.171523925880000039e-01
1.140019764269999958e-01
1.107329118169999987e-01
1.084458250160000026e-01
1.066761612419999949e-01
1.052854126710000005e-01
1.096224814180000035e-01
1.060275806949999983e-01
1.059921497419999969e-01
1.066106850750000029e-01
1.147756617089999986e-01
1.221055749999999940e-01
1.167559078869999933e-01
1.129395174169999932e-01
1.228565669309999997e-01
1.244593304850000054e-01
1.158014892809999946e-01
1.104779019020000058e-01
1.077181183139999943e-01
1.066588835460000051e-01
1.114829980840000012e-01
1.079498342110000036e-01
1.056496156289999933e-01
1.040605326960000049e-01
1.028347335030000004e-01
1.018555665299999968e-01
1.115521425580000003e-01
1.050426784969999972e-01
1.295045534070000115e-01
1.089558219380000054e-01
1.048671567610000022e-01
1.043465901049999978e-01
1.052586767879999941e-01
1.029454942949999952e-01
1.034577824740000040e-01
1.017372303090000041e-01
1.430170907839999894e-01
1.210423176520000060e-01
1.154049251319999997e-01
1.103345597749999935e-01
1.084955521790000044e-01
1.058963702740000068e-01
1.984406336279999905e-01
1.400174138170000027e-01
1.293421881100000059e-01
1.187977285129999949e-01
1.196378716670000036e-01
1.141138398109999980e-01
1.141199128200000024e-01
1.103795869490000053e-01
1.103317467539999958e-01
1.076145090049999975e-01
1.073365797290000007e-01
1.052956157850000046e-01
1.208463017930000022e-01
1.363422663309999949e-01
1.245107355720000003e-01
1.265004365450000112e-01
1.164635010360000056e-01
1.144864657030000010e-01
1.105426331460000050e-01
1.092663507559999969e-01
1.177362279940000062e-01
1.094981673669999933e-01
1.064192435369999967e-01
1.053645805339999963e-01
1.037478678259999981e-01
1.025179697640000026e-01
1.015271290869999982e-01
1.006926136149999956e-01
9.966404165610000254e-02
9.935025332039999768e-02
1.050198113929999982e-01
1.056093253100000018e-01
1.060447764130000026e-01
1.051845532420000034e-01
1.067962928380000037e-01
1.074783352870000014e-01
1.036639020929999988e-01
1.055632770190000069e-01
1.029158169680000068e-01
1.012524703460000036e-01
1.088627408789999973e-01
1.053731865919999983e-01
1.024100204099999967e-01
1.029243435640000010e-01
1.079127200679999982e-01
1.528201321090000009e-01
1.188650448100000007e-01
1.119056293570000055e-01
1.072489644869999981e-01
1.232148558739999955e-01
1.331876746610000106e-01
1.420229126560000055e-01
1.315533399280000015e-01
1.170353037169999944e-01
1.111369978439999961e-01
1.076684071929999986e-01
1.053012513560000057e-01
1.035595065780000046e-01
1.022010624909999998e-01
1.010976912249999943e-01
1.096983117830000048e-01
1.036910599930000038e-01
1.014541552249999951e-01
1.001200249079999965e-01
9.916844327389999492e-02
1.074566911379999934e-01
1.485598746700000083e-01
1.274578050390000050e-01
1.183381740549999950e-01
1.121747738420000029e-01
1.083625796669999974e-01
1.062177569280000067e-01
1.042445250830000003e-01
1.027284882589999948e-01
1.053655723870000060e-01
1.026987955600000002e-01
1.012265884030000007e-01
1.001553264090000034e-01
9.931283812360000574e-02
9.936861242309999454e-02
1.082188368870000000e-01
1.028898929990000044e-01
1.019226117200000004e-01
1.040029848070000013e-01
1.164993214919999992e-01
1.088937410150000035e-01
1.050437816190000068e-01
1.084370472630000054e-01
1.062174288629999935e-01
1.031588201249999948e-01
1.013152705450000024e-01
1.000309497519999979e-01
1.056498898850000007e-01
1.008918280879999990e-01
9.916431835950000051e-02
9.973587424280000446e-02
1.269828417220000005e-01
1.163513321550000007e-01
1.128669296210000061e-01
1.065647453219999985e-01
1.056953866199999981e-01
3.344964339290000255e-01
1.822139122449999982e-01
1.785149109680000123e-01
1.460901979650000015e-01
1.510466951980000139e-01
2.505349217210000035e-01
2.202967100479999996e-01
1.740074957049999871e-01
1.529978103000000089e-01
1.413948920989999969e-01
1.957102802119999874e-01
1.572082804009999890e-01
1.407078355080000065e-01
1.318541662890000132e-01
1.754435088509999907e-01
1.468749870319999984e-01
1.463477164280000131e-01
1.422000916199999965e-01
1.309409108919999953e-01
1.248124949729999961e-01
1.205855502590000017e-01
1.275745464249999905e-01
1.240813208810000040e-01
1.192158079929999948e-01
1.155486999079999993e-01
1.129871932629999964e-01
1.130017962179999946e-01
1.162871027669999946e-01
1.125066340669999970e-01
1.101141110380000065e-01
1.094784297140000001e-01
1.099739316880000012e-01
1.078007611699999951e-01
1.137768856150000035e-01
1.102494816849999976e-01
1.079767877910000062e-01
1.063237843180000058e-01
1.050327775369999939e-01
1.039674687909999951e-01
1.030660068630000065e-01
1.149354761120000012e-01
1.063403319860000001e-01
1.053282722999999976e-01
1.035036431270000001e-01
1.022885318300000013e-01
1.013622410360000003e-01
1.019909566920000066e-01
1.010856339210000066e-01
1.003515018699999983e-01
9.972340469069999880e-02
1.005994444999999959e-01
1.112730503660000064e-01
1.081642575790000005e-01
1.303270050510000055e-01
4.628001883269999839e-01
1.872395919469999892e-01
1.473820028939999971e-01
1.328884333320000111e-01
1.668249385679999863e-01
1.372868170250000075e-01
1.282653503889999991e-01
1.319509390499999935e-01
1.891061465009999942e-01
1.573707363640000079e-01
1.408992653960000063e-01
1.333203691020000137e-01
1.262947555870000127e-01
1.213614998830000041e-01
1.186581347420000015e-01
1.155454957770000041e-01
1.144357635249999977e-01
1.119691256310000049e-01
1.100510805950000032e-01
1.084656273259999998e-01
1.071201403740000002e-01
1.059631376340000042e-01
1.049478531599999931e-01
1.040462285179999946e-01
1.032363723159999969e-01
1.097028237739999940e-01
1.053096387829999953e-01
1.103901194380000061e-01
1.072706915870000055e-01
1.052696568350000028e-01
1.038316704789999934e-01
1.037194770949999983e-01
1.046390949819999971e-01
1.045075284510000035e-01
1.330904418349999896e-01
1.249945792889999990e-01
1.245733894530000052e-01
1.204473917020000007e-01
1.171993898060000039e-01
1.120010488030000056e-01
1.093569857789999933e-01
1.082535812429999966e-01
1.061785114449999984e-01
1.062076230309999952e-01
1.062593137609999933e-01
1.084270950690000013e-01
1.054344655329999964e-01
1.036287585740000017e-01
1.023395352709999956e-01
1.058450602869999979e-01
1.171801846910000000e-01
1.076267195249999975e-01
1.101019318709999945e-01
1.057011446200000065e-01
1.034271136989999978e-01
1.024293917650000024e-01
1.044304902470000046e-01
1.043351377140000064e-01
1.021615632689999997e-01
1.022020596460000014e-01
1.008296455160000021e-01
9.981897838690000080e-02
1.001888646450000003e-01
1.039375071229999975e-01
1.010470860660000053e-01
1.102621628190000036e-01
1.067800230870000061e-01
1.026633809179999940e-01
1.062916443370000019e-01
1.023343785340000006e-01
1.004276167959999994e-01
9.920508347140000183e-02
9.830960867450000418e-02
9.829420491739999932e-02
9.962807717430000043e-02
9.824761462080000562e-02
9.738941047230000037e-02
9.676049256910000673e-02
9.625935161069999746e-02
9.995168447989999372e-02
9.769557028589999359e-02
9.668227848509999833e-02
9.837278364750000337e-02
9.725324496279999509e-02
9.647523066829999383e-02
9.790358261400000650e-02
9.703060621429999977e-02
9.741837552859999860e-02
1.011980269400000049e-01
9.854276569959999343e-02
1.025689693140000025e-01
1.092395260810000018e-01
1.026036847150000042e-01
9.995830295719999870e-02
9.840253879129999548e-02
9.733073292869999504e-02
9.653238419220000477e-02
9.590254871889999921e-02
1.028577574670000022e-01
9.894957617609999312e-02
9.731011941799999621e-02
2.349470044480000130e-01
1.217930618640000046e-01
1.109354690119999931e-01
1.052376966559999960e-01
1.045881224289999939e-01
1.025276256359999999e-01
1.218020408400000004e-01
1.086537691379999976e-01
1.058574524889999979e-01
1.026496107340000019e-01
1.027747170139999972e-01
1.006925800120000020e-01
9.925007213460000643e-02
9.816384082970000535e-02
2.731889764989999803e-01
1.773653237549999984e-01
1.454334489649999895e-01
1.304279232509999997e-01
1.227372719899999937e-01
1.267839040790000038e-01
1.176320033119999942e-01
1.182241033610000047e-01
1.126168752909999932e-01
1.106155788960000025e-01
1.081358088049999971e-01
1.112779728579999933e-01
1.174007834609999967e-01
1.100773074760000025e-01
1.065872551110000066e-01
1.043577330140000037e-01
1.027559751730000026e-01
1.015007913960000036e-01
1.004806796169999961e-01
9.961998529769999777e-02
9.888369765870000383e-02
9.852165133630000349e-02
9.791863388829999404e-02
9.737949410420000673e-02
9.689403524930000067e-02
9.645878485209999353e-02
9.605345130160000688e-02
2.839218354110000231e-01
1.261434191399999905e-01
1.119887228330000012e-01
1.062582453310000064e-01
1.115288790380000034e-01
1.098705857580000028e-01
1.062712040969999994e-01
1.039130920339999958e-01
1.021942955910000034e-01
1.008544809999999958e-01
1.060047682820000059e-01
1.353446669479999864e-01
2.228993162269999884e-01
1.333489823379999939e-01
1.253636847340000027e-01
1.165482532760000051e-01
1.345810548570000043e-01
1.232772432400000007e-01
1.167761039430000036e-01
1.124765085840000040e-01
1.093830032299999977e-01
1.077166198730000052e-01
1.057602169069999931e-01
1.086159918390000034e-01
1.447180164180000006e-01
1.194399406690000026e-01
1.150746110009999990e-01
1.093029281329999935e-01
2.286630369379999972e-01
1.655234132839999983e-01
1.489338256449999898e-01
1.333789151589999944e-01
1.247680918909999936e-01
1.207202036740000067e-01
2.104255917719999869e-01
1.595687831539999990e-01
1.451672223659999927e-01
1.704011499579999867e-01
1.442604297089999932e-01
1.532819726569999985e-01
1.628862982779999968e-01
1.323632626310000115e-01
1.260415148069999880e-01
1.204227588039999963e-01
1.190707648819999964e-01
1.320979418849999865e-01
1.177006360609999941e-01
1.135359500060000026e-01
1.109061456090000009e-01
1.089442309959999938e-01
1.073646922470000015e-01
1.060405278789999933e-01
1.049038555220000030e-01
1.039116615550000067e-01
1.036962016500000000e-01
1.071114472059999934e-01
1.045614970899999968e-01
1.044614598300000058e-01
1.374918237320000014e-01
1.217699948559999995e-01
1.138353674380000041e-01
1.095817308589999983e-01
1.068753506949999960e-01
1.049688351499999950e-01
1.035089723239999981e-01
1.039656888130000012e-01
1.025648473180000020e-01
1.026364758849999947e-01
1.051498210880000006e-01
1.025465976280000024e-01
9.966411710860000051e-02
1.019937015660000029e-01
1.023399502949999956e-01
1.128371578860000030e-01
1.047026802319999950e-01
1.101974750120000013e-01
1.038998079529999952e-01
1.016248918279999969e-01
1.002362609509999947e-01
1.001744451340000064e-01
1.027364233579999980e-01
1.404770419120000002e-01
1.406376018109999904e-01
1.314563099000000124e-01
1.229467028490000002e-01
1.177155032529999951e-01
1.323382637609999968e-01
1.182213742580000004e-01
1.132824950439999950e-01
1.177908197319999933e-01
1.120507854440000034e-01
1.090249777419999982e-01
1.069375255179999956e-01
1.053377578709999984e-01
1.058555781770000037e-01
1.044378123420000026e-01
1.032595116059999985e-01
1.085365876230000026e-01
1.039252897569999945e-01
1.021812202440000039e-01
1.012910303960000008e-01
1.039237632059999972e-01
1.020176178490000002e-01
1.007777679510000052e-01
9.985219044250000231e-02
1.043421278039999983e-01
1.011918951269999978e-01
9.973200426440000099e-02
9.879504792130000546e-02
9.807995625210000346e-02
9.749826213600000513e-02
1.015835235850000018e-01
1.490753082819999964e-01
1.182309128629999984e-01
1.097665068739999972e-01
1.065671608150000060e-01
1.038166919760000056e-01
1.019575588180000048e-01
1.037218888789999960e-01
1.018929663600000035e-01
1.005521356099999958e-01
1.040928841100000057e-01
1.021220027029999949e-01
1.033316414710000047e-01
1.015328376340000061e-01
1.002356942350000057e-01
9.922555898929999452e-02
9.951131833460000187e-02
9.860241549880000012e-02
9.786728439219999354e-02
9.724207143610000270e-02
9.670885008549999495e-02
9.623852002650000459e-02
9.582158042039999601e-02
9.544561126009999674e-02
9.548371582179999983e-02
9.512375535710000662e-02
9.479184848900000515e-02
9.578865017649999813e-02
9.841800525839999869e-02
9.674325535830000100e-02
9.579669857740000238e-02
9.514516318320000166e-02
9.464690604910000471e-02
9.424841401460000434e-02
9.437858926179999719e-02
9.569952187109999342e-02
1.073971445779999950e-01
1.219788999610000035e-01
1.124006726270000006e-01
1.063772806509999946e-01
1.029685455639999941e-01
1.007455548500000020e-01
9.917467387870000650e-02
9.792416763469999341e-02
9.752439423729999946e-02
1.440511731430000053e-01
1.259807126689999890e-01
1.165247472289999975e-01
1.091700982750000021e-01
1.051678150049999982e-01
1.025841323249999937e-01
1.020252582750000026e-01
1.036871092070000000e-01
1.009487451280000059e-01
9.935569199139999974e-02
9.926821310040000179e-02
9.810565191160000587e-02
9.721581237180000612e-02
9.754031507730000217e-02
1.070361378629999916e+00
5.040793295809999908e-01
3.511884489589999769e-01
5.325879782560000164e-01
2.894514600570000096e-01
2.484360154009999933e-01
2.123205537579999913e-01
1.932542670759999914e-01
1.791909307450000044e-01
1.794035741720000077e-01
1.665491620200000022e-01
1.558322650679999921e-01
1.495776259319999968e-01
1.431558370010000136e-01
1.378784061509999992e-01
1.337288581689999867e-01
1.310701271970000081e-01
1.278888993789999984e-01
1.251297813770000100e-01
1.227344928119999956e-01
1.218996416189999932e-01
1.289186069290000070e-01
1.284229510650000128e-01
1.229266632120000063e-01
1.195727978070000030e-01
1.179119147160000020e-01
1.265710871290000039e-01
1.196133266890000019e-01
1.162086327639999944e-01
1.139365099850000035e-01
1.130302571520000049e-01
1.114264510330000013e-01
1.100878521020000056e-01
1.089365371449999981e-01
1.084218462499999952e-01
1.073996907269999940e-01
1.065269601650000036e-01
1.057216579139999973e-01
1.049875972610000013e-01
1.049875972610000013e-01
1.050732657050000018e-01
1.132939275899999959e-01
1.097654948600000069e-01
1.068431802260000063e-01
1.052015305230000058e-01
1.042582850499999964e-01
1.072049702750000055e-01
1.049098083479999971e-01
1.035588613890000009e-01
1.025787096040000068e-01
1.027215380890000029e-01
1.051442158129999999e-01
1.032522048700000028e-01
1.020705403319999982e-01
1.012223401490000008e-01
1.005310122100000064e-01
1.038906753670000016e-01
1.016213269590000023e-01
1.029293811939999970e-01
1.013514835560000021e-01
1.003366939319999956e-01
1.173458338170000059e-01
1.055966112489999942e-01
1.051338173740000020e-01
1.045800420959999977e-01
1.139869235710000012e-01
1.068528160470000044e-01
1.038227361379999991e-01
1.020132044699999935e-01
1.034548879709999980e-01
1.149246953910000035e-01
1.105261566190000044e-01
1.062381555139999961e-01
1.037984780409999946e-01
1.021546066120000013e-01
1.009492495699999964e-01
1.016755028249999998e-01
1.151307670859999938e-01
1.071241892609999941e-01
1.197228939089999972e-01
1.378610012220000125e-01
1.147126128640000020e-01
1.081974205000000022e-01
1.049967511510000034e-01
1.050447758949999977e-01
1.494096281199999987e-01
1.236121512259999999e-01
1.128961124970000035e-01
1.080389360620000044e-01
1.110934765140000058e-01
1.105509526860000008e-01
1.064730820800000033e-01
1.065559910799999954e-01
1.042190315620000057e-01
1.282555739340000001e-01
1.147617370549999932e-01
1.086037969649999990e-01
1.053693247320000026e-01
1.032937542070000020e-01
1.018012059530000041e-01
1.016444343470000039e-01
1.035387185849999947e-01
1.030274742920000014e-01
1.010800023010000048e-01
9.984519406099999494e-02
1.005839916309999998e-01
9.947392273980000532e-02
1.003118039659999933e-01
1.118515650000000000e-01
1.120501349870000052e-01
1.050192555899999991e-01
1.038132218440000060e-01
1.015184920350000047e-01
1.000181318510000028e-01
9.944300452920000477e-02
9.845454923580000683e-02
9.917579892229999583e-02
1.208909299069999971e-01
1.083351897770000044e-01
1.060899501560000069e-01
1.023164589059999963e-01
1.020520387000000001e-01
1.001368656189999956e-01
1.012542488570000038e-01
1.171851138190000002e-01
1.076546246979999955e-01
1.045849729470000045e-01
1.038583621690000042e-01
1.014305378139999936e-01
9.984489451030000018e-02
1.283704925170000011e-01
1.097324851879999952e-01
1.064346291900000047e-01
1.030460162699999987e-01
1.009728956910000003e-01
9.952898445480000411e-02
9.844410029250000305e-02
9.758955791170000060e-02
9.688543054930000287e-02
9.672938216109999710e-02
9.616353506319999522e-02
1.182000443679999957e-01
1.083839935139999933e-01
1.034608364370000061e-01
1.008144932540000066e-01
9.912324165249999930e-02
9.801946619489999846e-02
9.704599581429999844e-02
9.631128112419999610e-02
1.203492211320000005e-01
1.043669881540000011e-01
1.003664028190000002e-01
9.838677163990000585e-02
1.122882092390000003e-01
1.047011319669999968e-01
1.006927046649999935e-01
1.008812308890000009e-01
1.020434170850000044e-01
9.947726536890000304e-02
9.910923580519999387e-02
9.772929921719999968e-02
1.004433686700000050e-01
1.135121402470000013e-01
1.116439883709999942e-01
1.077090934319999971e-01
1.034221875659999956e-01
1.028266681760000023e-01
1.006201098389999937e-01
9.908070587490000469e-02
9.792818849810000503e-02
9.702303321459999907e-02
1.019818607099999969e-01
9.876686000579999736e-02
9.940145074869999320e-02
9.780580989629999999e-02
9.673255174099999742e-02
9.711109258029999858e-02
9.618390369370000137e-02
9.547952518909999520e-02
9.586617650539999702e-02
1.088568157019999955e-01
1.019519373050000038e-01
1.473412550119999886e-01
1.186984577099999966e-01
1.096033155499999967e-01
1.061441969109999939e-01
1.030313299970000013e-01
1.008965537679999969e-01
9.934436863670000062e-02
1.032883297069999984e-01
1.001809183359999994e-01
9.855200541120000268e-02
9.742163843699999659e-02
9.655433669820000231e-02
9.655326332369999764e-02
1.097837126829999954e-01
1.024566768109999998e-01
9.956941077910000382e-02
9.788987661789999573e-02
9.674475882949999661e-02
9.588898417209999747e-02
9.567917081460000639e-02
1.250986293240000102e-01
1.110353515120000023e-01
1.041086179229999964e-01
1.007684771459999989e-01
9.875003220269999715e-02
9.736513841959999749e-02
9.634297942849999463e-02
1.062412791690000025e-01
9.839622758259999880e-02
1.209249847820000057e-01
1.095147658739999974e-01
1.051277897379999937e-01
1.824160470879999940e-01
1.671152196850000105e-01
1.399619073320000073e-01
1.267983601780000025e-01
1.189687400760000013e-01
1.146387591069999989e-01
1.107568594890000063e-01
1.110847772829999941e-01
1.077515624420000012e-01
1.053792812610000046e-01
1.035529814179999980e-01
1.027941356080000063e-01
1.071305056190000049e-01
1.033945612500000028e-01
1.277219144470000123e-01
1.133173017160000046e-01
1.263916825180000092e-01
1.131631036970000004e-01
1.079320511480000022e-01
1.060329912789999968e-01
1.036498159559999938e-01
1.019063224089999942e-01
1.005536762879999935e-01
9.946428950350000298e-02
1.049906958499999959e-01
1.008448772069999999e-01
1.067581657969999959e-01
1.031529136179999973e-01
1.009931024649999981e-01
9.983752233890000327e-02
9.864369151610000164e-02
9.771333937859999486e-02
9.695144242240000265e-02
9.768894720260000442e-02
9.684246229519999360e-02
9.615698069280000093e-02
9.558730581619999389e-02
9.509700673239999957e-02
9.466333774080000485e-02
9.427882335439999317e-02
9.393340849480000254e-02
9.361749910189999524e-02
9.332480395499999359e-02
9.305855625629999572e-02
9.281161121959999316e-02
9.257970972579999958e-02
1.151923870059999994e-01
1.025436762359999976e-01
1.061626070630000002e-01
1.067485278220000056e-01
1.010023625600000030e-01
9.830247059180000080e-02
1.202437171390000059e-01
1.215397841159999992e-01
1.138730965469999939e-01
1.162906825310000003e-01
1.061051001579999958e-01
1.022471869310000031e-01
1.040978458769999948e-01
1.044382146630000036e-01
1.011867712550000020e-01
9.925819108590000495e-02
9.944400042090000003e-02
9.804019383489999406e-02
9.697347396550000387e-02
9.746925186570000454e-02
9.645479813030000127e-02
9.566315415709999992e-02
9.501174722869999700e-02
9.445762788710000690e-02
9.398528376030000631e-02
9.402047725199999539e-02
9.358359823829999480e-02
1.127429963710000066e-01
1.065970111350000027e-01
1.013444434929999943e-01
9.869178922400000109e-02
9.703452595870000474e-02
9.587560183389999546e-02
9.500557209710000506e-02
9.723485450320000500e-02
9.830819478539999656e-02
1.069909535039999943e-01
1.006606799440000061e-01
1.006689319730000032e-01
9.833562124500000445e-02
9.682328292450000096e-02
9.675358770750000503e-02
9.567054014110000504e-02
2.125310922439999917e-01
1.238389251110000033e-01
1.105421863230000024e-01
1.078884049539999973e-01
1.038270592699999939e-01
1.012151670299999973e-01
9.936518242950000135e-02
1.038563173679999951e-01
1.116850868039999944e-01
1.041316877740000035e-01
1.007952231310000057e-01
9.879072020439999546e-02
9.740714637370000151e-02
9.636730820699999922e-02
9.628578048750000007e-02
1.042280399909999988e-01
9.956905181840000618e-02
9.745494813650000532e-02
9.714160739749999607e-02
9.598393369079999404e-02
1.301260958559999903e-01
1.148452447119999997e-01
1.097900945429999969e-01
1.053632492950000027e-01
1.025114133070000044e-01
1.004822116369999963e-01
9.896693120829999635e-02
9.777986773600000348e-02
9.681454373249999412e-02
9.601757399709999474e-02
9.533954010969999948e-02
9.475089811259999883e-02
9.424522337200000321e-02
9.379151676409999694e-02
9.865065816439999580e-02
9.526741121930000500e-02
9.411036575200000531e-02
9.456329680340000432e-02
9.377260072840000460e-02
9.319186185420000323e-02
9.319186185420000323e-02
9.273950127799999998e-02
9.235890682069999857e-02
1.292063551340000005e-01
1.949872967479999997e-01
1.402207492349999973e-01
1.196863277090000066e-01
1.140324050710000009e-01
1.081281574639999937e-01
1.059083933750000067e-01
1.045929622570000023e-01
1.299246685990000094e-01
1.149480553449999942e-01
1.086480290810000054e-01
1.049614094650000024e-01
1.024539282579999960e-01
1.013905331289999961e-01
9.983495747230000661e-02
9.859908219280000274e-02
9.757865877349999884e-02
9.731466932540000503e-02
9.883983417330000076e-02
9.731480065610000063e-02
1.013016270270000047e-01
1.158237854030000069e-01
1.082562668320000004e-01
1.095158889160000037e-01
1.044997610759999945e-01
1.033048035209999937e-01
1.008200987450000030e-01
9.909694852950000354e-02
9.866824673110000110e-02
9.745872923909999763e-02
9.650971660359999871e-02
1.138560793399999993e-01
1.061131703079999933e-01
1.025195648769999940e-01
1.002960243810000068e-01
1.062317344110000061e-01
1.034439967950000067e-01
1.026804639039999995e-01
1.052817597529999982e-01
1.021806922310000004e-01
1.045629665390000046e-01
1.017354844740000069e-01
1.015306890120000055e-01
9.963804411179999487e-02
9.830853998730000598e-02
9.728092053490000612e-02
9.644413883379999997e-02
9.638664706299999996e-02
1.007705412739999945e-01
1.023408228269999942e-01
9.922682730840000354e-02
1.029309865600000068e-01
1.001421723350000015e-01
9.835947950930000461e-02
9.814882931059999704e-02
9.990096497229999928e-02
9.762100749799999810e-02
9.633664034699999934e-02
9.638031350780000561e-02
9.545983993199999573e-02
9.530420746630000051e-02
9.456255204690000582e-02
9.397576144729999359e-02
9.348660191619999338e-02
9.307044248180000590e-02
9.374786614400000551e-02
1.011958742020000052e-01
9.635428788149999479e-02
9.466249660740000405e-02
9.371050922349999368e-02
9.989546094779999663e-02
9.641617743869999868e-02
9.485921050899999429e-02
9.389824931909999950e-02
9.321022059679999472e-02
9.267784664700000341e-02
9.224401311190000285e-02
9.187823558780000566e-02
1.219902351239999932e-01
1.058273627609999934e-01
9.925332408589999933e-02
9.966821494369999812e-02
9.699941441380000029e-02
9.538688931220000444e-02
9.691527379290000577e-02
9.899501893760000171e-02
9.655706848499999440e-02
9.511999963530000379e-02
9.412572878949999888e-02
9.411493271889999346e-02
9.674034368070000278e-02
1.019865249259999940e-01
1.003302939149999934e-01
1.154081896120000006e-01
1.234189261960000061e-01
1.092661693270000067e-01
1.039194812780000060e-01
1.008382771319999982e-01
9.877918040850000581e-02
9.832849057980000418e-02
9.698840960320000149e-02
9.593768058340000626e-02
9.507974689279999336e-02
9.436891474899999910e-02
9.376580413450000262e-02
1.617734222180000070e-01
1.640340191619999999e-01
1.292734734590000045e-01
1.163229120990000032e-01
1.095765976560000021e-01
1.053959562400000050e-01
1.025519100889999979e-01
1.004824247120000014e-01
9.890284190850000268e-02
9.798838366070000694e-02
9.692652453420000369e-02
9.620314344609999513e-02
9.533774382420000248e-02
9.955455266170000483e-02
9.692982076299999639e-02
1.507786810829999935e-01
1.314381601930000032e-01
1.286292802289999981e-01
1.213901839250000059e-01
1.147500630750000056e-01
1.104161473420000039e-01
1.133748531340000032e-01
1.081378258660000008e-01
1.052071145670000069e-01
1.309930713649999912e-01
1.114454750350000051e-01
1.063143800500000041e-01
1.035064100540000059e-01
1.016006368989999936e-01
1.001606941499999931e-01
1.049918747729999963e-01
1.073265331950000040e-01
1.030720750609999958e-01
1.048006688330000019e-01
1.052304703030000066e-01
1.021297635300000006e-01
1.002398292930000018e-01
9.887891193480000118e-02
1.003874336199999939e-01
1.087753447389999961e-01
1.024667890170000012e-01
9.998170722690000178e-02
9.861053902420000017e-02
9.746763794530000080e-02
9.808936194509999817e-02
9.990105945190000392e-02
1.811449780799999909e-01
1.327797433890000045e-01
1.236800499740000059e-01
1.140573068020000053e-01
1.088090376520000069e-01
1.491796036899999955e-01
1.239403098060000014e-01
1.164841135579999937e-01
1.140385172020000060e-01
1.092274180780000020e-01
1.060510141869999978e-01
1.049770159139999937e-01
1.028958154340000042e-01
1.012925722389999977e-01
1.000052006210000038e-01
9.893773823510000620e-02
9.802941297740000448e-02
9.724731233920000384e-02
9.733448071580000360e-02
9.663216702959999405e-02
9.600689292500000360e-02
9.545773999869999749e-02
1.288266883460000012e-01
1.036990457149999934e-01
9.935322882329999938e-02
9.735848905100000228e-02
9.686035192059999632e-02
9.776599326179999383e-02
9.623508914780000423e-02
9.527672938249999446e-02
9.456375231609999432e-02
1.193215568000000060e-01
1.065334869820000058e-01
1.004990781439999981e-01
9.781854411170000374e-02
9.624799186160000464e-02
9.517774448570000267e-02
9.438454575700000460e-02
9.376136462619999445e-02
9.324746469710000485e-02
9.282902120130000212e-02
9.245735094340000459e-02
9.212620886300000589e-02
9.949465412119999630e-02
9.603579997359999731e-02
9.683223549189999557e-02
9.785039428809999551e-02
9.577749491779999347e-02
9.452971369359999820e-02
9.367187069240000274e-02
9.301692961589999586e-02
9.302752288450000240e-02
9.250615611149999584e-02
