-1.418864868159538939e-01
-1.193604285787526997e+01
-1.364588872430045063e-01
-1.416576883254776487e-01
-1.337985724384895825e-01
-1.338194630229764814e-01
-1.289602207846037019e-01
-1.204651983413977057e+01
-1.505374006436060730e-01
-1.384696282845394033e-01
-1.341193311727570114e-01
-1.280900748686602530e-01
-1.243389196078489439e-01
-1.205006917545814460e+01
-1.560316741037754418e-01
-1.294412085102043808e-01
-1.232835204859025480e-01
-1.199508139121651384e-01
-8.548611257125410035e+00
-1.328340827562569382e-01
-1.479660791609163262e+01
-2.847896273102055731e-01
-1.917199096115958235e-01
-1.652895179255977898e-01
-1.493218722272304511e-01
-1.398075279933236326e-01
-1.334299151056752841e-01
-1.288182656294157846e-01
-1.431190885443778260e-01
-1.553004051626947490e-01
-1.382832293053518902e-01
-1.385886528634365511e-01
-1.327846126004791349e-01
-1.268815489904246696e-01
-1.231881384591992229e-01
-1.206170936084231537e-01
-1.185107866816243333e-01
-1.176611262443115202e-01
-1.160400190120999681e-01
-1.146730205313884199e-01
-1.146042070960913845e-01
-1.133060491775886719e-01
-1.122112293291318980e-01
-1.112520364722725669e-01
-1.209283027457924292e-01
-1.138488512267042951e-01
-1.115824685117547538e-01
-1.102172780887046427e-01
-1.092078876559859774e-01
-1.139033207741438763e-01
-1.106850691292505517e-01
-1.091454717137215341e-01
-1.080992598936187377e-01
-1.072805582149113923e-01
-1.065948134748434806e-01
-1.083451814199217211e-01
-1.069896755208702560e-01
-1.083618165119137472e-01
-1.221854901254759984e-01
-1.141475490354819516e-01
-1.107406751984880977e-01
-1.283254438536873820e-01
-1.159967954418195113e-01
-1.137826944422195979e-01
-1.161811523679605884e-01
-1.139776177051734507e-01
-1.126140391072618790e-01
-1.100663902525052945e-01
-1.083702495300908480e-01
-1.071161662907090528e-01
-1.061214862108075391e-01
-1.053037029887487624e-01
-1.051455059966703159e-01
-1.113521841821972086e-01
-1.126807053495056943e-01
-1.096555695216881177e-01
-1.135893096192280710e-01
-1.090762422146953348e-01
-1.105341488210672268e-01
-1.079333971177428297e-01
-1.064926195909415146e-01
-1.052567735745787991e-01
-1.077136021680276734e+01
-1.757390657086556618e-01
-1.260307714561266501e-01
-1.213575593240435041e-01
-1.144019079732256361e-01
-1.134044623323277323e-01
-1.102019757741610900e-01
-1.080864241769008138e-01
-1.065429082869003702e-01
-1.066895408630320063e-01
-1.054763153411524546e-01
-1.045131925692257407e-01
-1.037097308591943129e-01
-1.043320036878629536e-01
-1.034767986118951683e-01
-1.054840166516116812e-01
-1.079119971878472056e-01
-1.055608757696408634e-01
-1.055892287657432677e-01
-1.040811862230003604e-01
-1.030392798024168943e-01
-1.034843182593597616e-01
-1.045229597000552424e+01
-1.037401804564298119e-01
-1.025707623809465202e-01
-1.224001114353730352e-01
-1.171154412885190843e-01
-1.152287185851357948e-01
-1.099962468944269550e-01
-1.082574372559258064e-01
-1.126763905893824885e-01
-1.113340113781072366e-01
-1.076086810539326338e-01
-1.267269958374247629e+01
-1.417979259127893354e-01
-1.201185910355185987e-01
-1.317887112168251718e-01
-1.183386867566455225e-01
-1.129481557329399671e-01
-1.097536417962223371e-01
-1.089380878387806867e-01
-1.070263906031078960e-01
-1.066622842962429152e-01
-1.051958438431628284e-01
-1.040668433951835864e-01
-1.031462524796186581e-01
-1.030922942540907356e-01
-1.022867500862585793e-01
-1.016137935273419696e-01
-1.010330949749454199e-01
-1.012185606338659033e-01
-1.009113029958324942e-01
-1.003157123137194268e-01
-1.562025948322049906e+01
-1.849430846794367367e-01
-1.457188248069188341e-01
-1.310770957418821436e-01
-1.218765373225522003e-01
-1.189025144654425603e-01
-1.143413902720223779e-01
-1.112380752165186143e-01
-1.089648416937204628e-01
-1.083965072841886340e-01
-1.317331428698389928e+01
-1.112641158764911126e-01
-1.081885324410869625e-01
-1.235529064218681694e-01
-1.182282001160870899e-01
-6.308655443254346018e+00
-1.355298257413741680e+01
-1.435834282788979455e-01
-1.027146964496554205e+01
-1.291001210183548575e-01
-1.441524202579946845e-01
-1.285036239680569792e-01
-1.217089109469081942e-01
-1.175001860581020574e-01
-1.160811158043119629e-01
-1.140110775372059349e-01
-1.225774840988112224e+01
-2.343168771539299866e-01
-1.484852245434872264e-01
-1.960857667726647335e+01
-1.376311474803011692e-01
-1.256623616925841291e-01
-1.196409500390942793e-01
-1.214298508518363434e-01
-1.162919176046263575e-01
-1.132974929885699061e-01
-1.111685143113710084e-01
-1.095126228720911254e-01
-1.087233243124300641e-01
-1.269336376404673494e+01
-1.191727453568575540e-01
-1.113728143917693258e-01
-1.085231483675985903e-01
-1.295389181449823068e-01
-1.153787939462133372e-01
-1.138135131945306355e+01
-1.158261264511061955e-01
-1.120051811178604806e-01
-1.095687442195754507e-01
-1.078100542745446394e-01
-1.064526052892047353e-01
-1.062136769557076310e-01
-1.051603446038212597e-01
-1.042651122573778899e-01
-1.243690833232411613e-01
-1.082948232006820805e-01
-1.072831713011990762e-01
-1.050907662012564858e-01
-1.037373611595696216e-01
-1.027592377547918712e-01
-1.020035956768048230e-01
-1.018987106270914794e-01
-1.050303946104153147e-01
-9.449306040156606912e+00
-1.221465981371765985e-01
-1.113897840113484694e-01
-1.072181155667593366e-01
-1.186042038192344911e-01
-1.088347852378195313e-01
-1.057092433339410081e-01
-1.058955600131238350e-01
-1.041451450325367178e-01
-1.047514591488670765e-01
-1.031834796525873954e-01
-1.077742090321329033e-01
-1.062462449036150197e-01
-1.063169912995781397e-01
-1.063498387859314609e-01
-1.188468512168529279e-01
-1.090592982207155837e-01
-1.165682043540289120e-01
-1.097952498296497215e-01
-1.065492762742362709e-01
-1.059379586462012440e-01
-1.073019546132827212e-01
-1.096188248470185561e-01
-1.060713147898499492e-01
-1.054783017183077432e-01
-1.073950300621084736e-01
-1.047133980209172255e-01
-1.030616620026108821e-01
-1.270844057835037333e+01
-1.111153302771980683e-01
-1.219476040460081706e-01
-1.047106948039541940e+01
-1.702896933518567302e-01
-1.312208910238531201e-01
-1.271835371976184903e-01
-1.184507829110899441e-01
-1.135198825639465864e-01
-5.734296920432589673e+01
-6.582745387917838809e-01
-3.856542428188580729e-01
-2.958307039770176616e-01
-2.371406513587064058e-01
-1.522252205732062436e+01
-2.905225055766793574e-01
-2.471914407923661294e-01
-2.092197452408497971e-01
-1.976611523632929579e-01
-1.733601484429844741e-01
-1.670154188126401484e-01
-1.907678189702646798e-01
-1.589360045057049697e-01
-1.483547064539832427e-01
-1.611544871696003189e-01
-1.464050290015577183e-01
-1.389604190832228470e-01
-1.347371396055376258e-01
-1.306875464112625951e-01
-1.274674024998709021e-01
-1.247943030733901226e-01
-1.224929177725186391e-01
-1.211351196535131181e-01
-1.192906050514444816e-01
-1.176665337556959540e-01
-1.162002616122843751e-01
-1.156304509380341322e-01
-1.142958623440719218e-01
-1.131136872188912290e-01
-1.120433937788439666e-01
-1.110953373933129679e-01
-1.161212386010967573e-01
-1.119471284329028177e-01
-1.118201607053203733e-01
-1.101690247434790743e-01
-1.240314599232570925e-01
-1.202074430222927620e-01
-1.148073373084325943e-01
-1.141919348404457774e-01
-1.115772010923579138e-01
-1.109047631313597321e-01
-1.138801871713842895e-01
-1.104972113229370084e-01
-1.089437247294331307e-01
-1.101880234659435159e-01
-1.081737749627246226e-01
-1.068463835891840102e-01
-1.058386586718140232e-01
-1.050176121738171514e-01
-1.051786855212324262e-01
-1.066283657965498566e-01
-1.080800257937195585e-01
-1.073974245228936641e-01
-1.054150793859684604e-01
-1.042467202684073252e-01
-1.060513670038324419e-01
-1.086241446516550135e-01
-1.059654013614217821e-01
-1.044481460501120035e-01
-1.075936569363502709e-01
-1.264515927173750853e+01
-1.050401703279688348e-01
-1.216393276926422268e-01
-1.137000215335274983e-01
-1.116932459574555420e-01
-1.103410609871059850e-01
-1.074324712297593104e-01
-1.073745575743777353e-01
-1.054848521962272467e-01
-1.041552611470484280e-01
-1.347489881103890319e+01
-1.035595601048948655e-01
-1.189688135704258520e-01
-1.123651441671766754e-01
-1.134133722059228744e-01
-1.098435367912250632e-01
-1.074870922371877757e-01
-1.057792525341785111e-01
-1.515157695996278142e-01
-1.207244841778499639e-01
-1.148915273068561033e-01
-1.104583521909989208e-01
-1.077622463737293035e-01
-1.059128427081204443e-01
-1.217314457159985458e-01
-1.109903528735688982e-01
-1.074731866939987596e-01
-1.277640025417849379e-01
-1.189166856222612229e-01
-1.121324452637373903e-01
-1.099062967105680216e-01
-1.354438708628124388e+01
-8.731180498235074694e+00
-1.789795786040582759e-01
-1.508343963631079454e+01
-1.456991294449751784e-01
-1.311773812745307966e-01
-1.225948387823459773e-01
-1.197486231222468639e-01
-1.146872296486388249e-01
-1.115060591663008110e-01
-1.092180478553043399e-01
-1.080973540618860029e-01
-1.095720200682942097e-01
-1.092910307180132573e-01
-1.110212583762574812e-01
-1.075101424714873105e-01
-1.055656260236659955e-01
-1.098209236345986800e-01
-1.074947068467751454e-01
-1.051724846156518595e-01
-1.056520339743349107e-01
-1.006928344941081832e+01
-1.044101029594544927e-01
-1.029755456582575751e-01
-1.019598672539391432e-01
-1.011678986633086641e-01
-1.039909203377407665e-01
-1.207239697626529135e-01
-1.296124873672789557e-01
-1.159361528977885525e-01
-1.122548506727357870e-01
-1.085304159594248641e-01
-1.146382124297509880e-01
-1.083044544808266507e-01
-1.057072084820169233e-01
-1.040396557179271014e-01
-1.028097250261778145e-01
-1.075005401559050167e-01
-1.088951385654696180e-01
-1.054810630566559715e-01
-1.159749943811830830e-01
-1.088259723671530371e-01
-1.104096068374417344e-01
-1.181364685309323548e+01
-1.333904952287524037e-01
-1.181796129826947622e-01
-1.119698586408103130e-01
-1.109210306572556426e-01
-1.524216523804874157e+01
-1.224406524622345949e-01
-1.124235165170247852e-01
-1.084225914578998418e-01
-1.454975496884068631e-01
-1.347137916211397501e-01
-1.233090866911112776e-01
-1.174393124570882047e-01
-1.135997418267383902e-01
-1.179559451450572366e-01
-1.154514424693826313e-01
-1.420567637681202366e-01
-1.197713056490687794e-01
-1.300194512770437572e-01
-1.164955389829805399e-01
-1.135400565597951134e-01
-1.102033816398612365e-01
-1.079470729317833083e-01
-1.249884620297824350e-01
-1.128240901038193439e-01
-1.101911673879982373e-01
-1.073992667920920102e-01
-1.070734139073404312e-01
-1.076209449157523451e-01
-1.053853088384203163e-01
-1.039045340524866329e-01
-1.027933133696421197e-01
-1.018999013507615320e-01
-1.525680562272992979e+01
-1.054785678069025817e-01
-1.308797356650632515e-01
-1.185380463063208656e-01
-1.136209076440885674e-01
-1.097766073267823217e-01
-1.085499067018824565e-01
-1.102305710497432090e-01
-1.068580308811005325e-01
-1.048745026368232691e-01
-1.037348279253519079e-01
-1.016635360089531009e-01
-1.049644753884377280e-01
-1.050121683299482661e-01
-1.054308404330218663e-01
-1.029507510964257494e-01
-1.015017659893435870e-01
-1.004929596655766560e-01
-9.970732117278938156e-02
-9.906873048237406498e-02
-9.853113243696297319e-02
-9.806442949059246406e-02
-9.764806757797767078e-02
-1.046427340358759422e-01
-1.029452465194897748e-01
-1.019898270404668433e-01
-1.000726238482874952e-01
-9.892067033510254515e-02
-1.047868790311868997e-01
-1.130744411910328956e-01
-1.052066063448910682e-01
-1.021893337464332141e-01
-1.004789449402188756e-01
-9.931998479457423978e-02
-9.847695577368713316e-02
-1.319547898335973279e+01
-9.771024409383831377e-02
-9.718293824724481833e-02
-9.674217243332337846e-02
-1.196738058079701794e+01
-9.940758426044120355e-02
-9.843606400810002433e-02
-9.769417228033214218e-02
-1.020934629941475380e-01
-1.005739760174415992e-01
-1.045847673367290120e+01
-1.220919931601142672e+01
-1.467876780775189127e-01
-1.383432645472513123e+01
-1.283042993067602111e-01
-1.192788178194152809e-01
-1.194315641531896593e-01
-1.142456027092378645e-01
-1.260536376191904451e-01
-1.207331201881958610e-01
-9.808326729267548671e+00
-1.334740655703301471e-01
-1.183608588100295567e-01
-1.123531714901934569e-01
-1.088673891721831932e-01
-1.064931751990151748e-01
-1.047285151260585884e-01
-1.033453574254297180e-01
-1.022233020592678426e-01
-1.012742540606384467e-01
-1.116231186718827750e+01
-1.000549543060505059e-01
-9.942736960129126833e-02
-1.120831053277593625e+01
-1.215021648500619611e-01
-1.404290264961768897e-01
-1.226775190238187929e-01
-1.298828307153699346e-01
-1.200307905748046883e-01
-1.162555061236916903e-01
-1.130457284469153084e-01
-1.147360580927092677e+01
-1.072261701755217456e-01
-1.259383261187066727e-01
-1.168723024582817710e-01
-1.165710337289930093e-01
-1.193282069025924236e-01
-1.171010321545562505e-01
-1.111554688344017494e-01
-1.216357035456111513e-01
-1.121954580232435716e-01
-1.098179036789427299e-01
-1.070016007055644147e-01
-1.107370108905994660e-01
-1.189712475013360859e-01
-1.387004825474638459e+01
-1.183444286345662205e-01
-1.482018229491642580e-01
-1.313093558147033491e-01
-1.193400076016975647e-01
-1.135842467130502853e-01
-1.098664487136111895e-01
-1.073372681458807237e-01
-1.054571670937676231e-01
-1.047509425961035967e-01
-1.033909455275111439e-01
-1.040466236503962277e-01
-1.025750317460208394e-01
-1.014844366231195255e-01
-1.006076826781688860e-01
-1.007410296248727050e-01
-9.993004076713558892e-02
-9.924941287539727763e-02
-9.867253000983997047e-02
-9.834018515519270254e-02
-9.786833748655242304e-02
-1.024681527702212591e+01
-9.806379182718454046e-02
-9.758538730815689843e-02
-9.715866634347428143e-02
-9.677547997206616126e-02
-9.643297154188111564e-02
-1.903501316755950579e-01
-1.152830817841019317e-01
-1.086422333504394599e-01
-1.061465909392676071e-01
-1.103344846728574191e-01
-5.678533784668358209e+01
-1.628724989841964677e+00
-8.197533583772123045e-01
-1.061409858017653818e+01
-9.796703161880433441e+00
-3.689053346883805484e-01
-7.605942081238633357e+00
-1.361705390923373393e+01
-6.591134953219335735e+00
-8.584206324746473271e+00
-2.671496161004153769e-01
-2.414106260850613084e-01
-2.422534922518136680e-01
-2.113114477377475431e-01
-1.957255944197298647e-01
-1.845447845448862367e-01
-1.758210628522136332e-01
-1.693209177980885272e-01
-1.631388064763300838e-01
-2.677061234718438953e+01
-2.953812940143404342e-01
-2.386463810098379823e-01
-1.999690252655858813e-01
-1.822677608068679067e-01
-1.727313237228826071e-01
-1.670447759512865560e-01
-1.609866285000441655e-01
-1.537015017058330768e-01
-1.489992845003860200e-01
-1.441803671231864092e-01
-1.518733148762711760e-01
-1.414693638523580321e-01
-1.374747484182095580e-01
-1.354437948657134516e-01
-1.365941081938448487e-01
-1.324632934116686811e-01
-1.297758846384172715e-01
-1.276409571126932152e-01
-1.258223781810166308e-01
-1.242148137970209565e-01
-1.249370815925500189e+01
-1.266155261971778356e-01
-1.425383161325194381e-01
-1.322585237932097646e-01
-1.273015633420023773e-01
-1.252519580692041945e-01
-1.226788927450051109e-01
-1.209562892731134431e-01
-1.341505608689331774e-01
-1.256375599686253564e-01
-1.217534328724905052e-01
-1.193006400453519023e-01
-1.174864344782155651e-01
-1.160477402097539884e-01
-1.162030949738218077e-01
-1.149679370039063675e-01
-1.138829742874448575e-01
-1.129174320983837160e-01
-1.272381551657407461e-01
-1.179682504514911884e-01
-1.151864118720554858e-01
-1.202793726964069831e-01
-1.156230229907279500e-01
-1.133172782781261545e-01
-1.129321476547699016e-01
-1.114891843086427414e-01
-1.103662454304313728e-01
-1.094295226558714973e-01
-1.086290532783266982e-01
-1.079254697563081927e-01
-1.072893194601361455e-01
-1.076887117709895147e-01
-1.070320095003104155e-01
-1.064425392450756291e-01
-1.059029487760802940e-01
-1.080539765688982162e-01
-1.070267341476575096e-01
-1.079972731545067038e-01
-1.067689548019679358e-01
-1.069359524020630642e-01
-1.059408124430078202e-01
-1.230327022232249234e+01
-1.055151161485431699e-01
-1.134394927189443930e-01
-2.166462921858931523e+01
-1.315878693648604159e-01
-1.366902885785556132e-01
-1.228262536525191323e-01
-1.192037580718666029e-01
-1.148482993947771424e-01
-1.119913877157229787e-01
-1.099391835254506233e-01
-1.083820736464222029e-01
-1.071321090752399285e-01
-1.066242865250983940e-01
-1.148257626191736963e-01
-1.132880332537131163e-01
-1.196960036717630155e-01
-1.133362224509066318e-01
-1.100345390081784031e-01
-1.090650746050223913e-01
-1.120432744675049080e-01
-1.084489301910633030e-01
-1.065787700961082218e-01
-1.053046781624807499e-01
-1.043333077906048734e-01
-1.035477508016109799e-01
-1.028830258071568859e-01
-1.405274948655398648e-01
-1.154767280151653974e-01
-1.121134071828869816e-01
-1.160145243477086058e-01
-1.124309190544779125e-01
-1.107269118170850358e-01
-1.098561004151824283e-01
-1.092553682257677988e-01
-1.096438671358312689e-01
-1.293275390145049819e+01
-2.136884230591236666e-01
-1.404704376009120737e-01
-1.268168740394750582e-01
-1.283763122550165281e-01
-1.348728684921867427e-01
-1.252797348470346961e-01
-1.214420455332375914e-01
-1.197038039860450764e-01
-1.168341835870244094e-01
-1.126240438729411569e-01
-1.326209656943740378e-01
-1.148476410237164042e-01
-1.238712103183995938e-01
-1.136517338322438619e-01
-1.099820284894035965e-01
-1.289083275450924604e-01
-1.154505188909102087e-01
-1.103885225959832517e-01
-1.077620298042355207e-01
-1.107973763048916011e-01
-1.073817465454412479e-01
-1.057448473755408513e-01
-1.044411202860197757e-01
-1.110336034811421069e-01
-1.102145457159309783e-01
-1.066228379525545750e-01
-1.066171839489173240e-01
-1.046887295753066438e-01
-1.033879092795141202e-01
-1.024137984002607832e-01
-1.016298718116035171e-01
-1.074157585034505452e-01
-1.034300776840840624e-01
-1.031763451795816300e-01
-1.058851616122218481e-01
-1.077436058042119948e-01
-1.045728656037075432e-01
-1.027541306581172681e-01
-1.015611056120768879e-01
-1.006805480615226706e-01
-9.998723511488270821e-02
-1.122557007229333798e-01
-1.053215288872735439e-01
-1.303074324588418820e-01
-1.124273054293574436e-01
-1.436958156351561822e-01
-1.246688921216538570e-01
-1.322414239956917481e-01
-1.189637932125709452e-01
-1.534107159949627608e+01
-7.090500577113130198e-01
-3.595523128221426168e-01
-2.834766416447966342e-01
-2.219023535339104958e-01
-1.911212904210005670e-01
-2.020641792963093486e-01
-1.709573474961186279e-01
-1.596463155815734392e-01
-1.519991409125501791e-01
-1.434691239800948426e-01
-1.396057237513113614e-01
-1.385141313941986585e-01
-1.326484831359095728e-01
-1.312851625744605855e+01
-1.269239008453811324e-01
-1.435033149680806086e-01
-1.457567052177660138e-01
-1.311352535697971333e-01
-1.287293641991386905e-01
-1.260307821302524833e-01
-1.219679694038071222e-01
-1.473681343098643126e-01
-1.391156475817317273e-01
-1.266557913537637303e-01
-1.226669117483045190e-01
-1.187544221583258369e-01
-1.176143040131922141e-01
-1.150985487803583840e-01
-1.131644042627086427e-01
-1.127989136373407225e-01
-1.111795137073723766e-01
-1.110778906903274743e-01
-1.096322018064860848e-01
-1.386937983525314833e-01
-1.328645765021616221e+01
-1.316531246999003424e-01
-1.229142375536739357e-01
-1.179715512090395435e-01
-1.630337711230782083e-01
-1.345968406110151783e-01
-1.247039140293369902e-01
-1.264993019852575507e-01
-1.443549863792119026e-01
-1.373495062495190266e-01
-1.256446105679176473e-01
-1.200922746821272286e-01
-1.189837277018995498e-01
-1.176482648635170936e-01
-1.148773364250888357e-01
-1.221896020589329224e-01
-1.378218437460925483e-01
-1.593410216627530185e-01
-1.275023152958254524e-01
-1.251378672613069343e-01
-1.211545313917550409e-01
-1.080113702463477487e+01
-1.152665006337725284e-01
-1.126398039422821379e-01
-1.237026849236148723e-01
-1.219074290733686700e-01
-1.161589627122051327e-01
-1.129682437821597357e-01
-1.162121226504842231e-01
-1.113211720877012728e-01
-1.091225304735913004e-01
-1.076149868902582379e-01
-9.660964123626540001e+00
-1.347641433923549847e-01
-1.154595862216032248e-01
-1.121332600168983007e-01
-1.091220057900835899e-01
-7.849662915307145106e+00
-1.489522839930655174e+01
-1.047938814463763713e+01
-9.531409493459459981e+00
-3.886892756504441993e-01
-2.892248720546094498e-01
-2.643460868344784664e-01
-2.463801703830455214e-01
-4.912913250917756436e+00
-6.633215796522970109e+00
-2.509892591478913304e-01
-2.210009264024291320e-01
-2.278707356462539302e-01
-5.213973124782396162e+00
-1.899602447352598256e-01
-1.663276122590043593e-01
-9.405874060909809486e+00
-5.307155314458291251e+00
-1.819232948995697652e-01
-1.785673209605100065e-01
-1.657905681748588489e-01
-1.528499643053781165e-01
-1.559112979753252137e-01
-1.450959906692391999e-01
-1.387749981227283103e-01
-1.341902779371849097e-01
-1.399423496790232757e-01
-1.312766725227945130e-01
-1.273702570708591664e-01
-1.245798935162990145e-01
-1.767979320530657006e+01
-2.132322995935487797e-01
-1.557465442984123927e-01
-1.666756890719076067e-01
-1.521862785861374523e-01
-1.415909700635744894e-01
-6.352188016857756026e+00
-1.993782560283399730e-01
-1.589708391707027324e-01
-1.461829907735598399e-01
-1.362817806190825265e-01
-1.656881632574599972e-01
-1.559652186288554843e-01
-1.442059530252341737e-01
-1.343934837562320850e-01
-1.298270693547585730e-01
-1.610955087984282108e-01
-1.384917251910089964e-01
-1.295658501120739992e-01
-1.246822924818048323e-01
-9.558945583219793818e+00
-1.592827781728673731e-01
-1.366774202929568749e-01
-1.281303638354260865e-01
-1.232778365880321664e-01
-1.200033837854644209e-01
-1.187696146505867328e-01
-1.286671305052789205e-01
-1.331810809935225215e-01
-1.357031222645256052e-01
-1.244026278808038205e-01
-1.609506805078752123e+01
-1.999863699470910139e-01
-2.025674697702536942e-01
-1.659601666041422008e-01
-1.491702730532786514e-01
-1.451948940715625525e-01
-1.339322525753212367e-01
-1.290453590904142300e-01
-1.244949620116587025e-01
-1.211677667804214598e-01
-1.049240349629656954e+01
-1.381865109836836469e-01
-1.286283601733934356e-01
-1.323205819663131055e-01
-1.285574256273586680e-01
-1.233697967454720906e-01
-1.193743004264907626e+01
-1.889708454193081422e-01
-7.253964700310353564e+00
-2.069497298931231299e-01
-1.578751123540745038e-01
-1.411099096060625668e-01
-1.374423894035258498e-01
-1.293337608229205016e-01
-1.163789828084962963e+01
-1.093966742496704825e+01
-3.838690359787527706e-01
-2.680920404855349215e-01
-2.341590216570209604e-01
-1.924966470411274833e-01
-1.721298165841949612e-01
-1.591673131296460764e-01
-1.511830304297545613e-01
-1.441317769270441251e-01
-1.386301249719005535e-01
-1.358240852618392835e-01
-1.351808739003916016e-01
-1.351533472607535091e-01
-1.326606618563189732e-01
-1.280551665923170823e-01
-1.248970200461023555e-01
-1.537338242611095929e+01
-1.868691230146656834e-01
-1.517867661084382203e-01
-1.492369584635824531e-01
-1.362351256491751428e-01
-1.296939481268733763e-01
-1.254208082686043835e-01
-1.235837970820453519e-01
-1.278255481279447492e-01
-1.257581510358098953e-01
-1.252149055471405148e-01
-1.227703308731534770e-01
-1.193327762940115250e-01
-1.359595434955176430e-01
-1.326393076590574871e-01
-1.265246995376637373e-01
-1.212289835505212937e-01
-1.179599756561275359e-01
-1.350537934778688609e-01
-1.276629166753888711e-01
-1.207373019855519369e-01
-1.169846162373962273e-01
-1.145860869660138559e-01
-1.134650145997375126e-01
-1.119112872853770813e-01
-1.268362360312987602e-01
-1.172373216272734470e-01
-1.135677366599645854e-01
-1.113964703440149945e-01
-1.106202475741029922e-01
-1.092827231379465275e-01
-1.082127119096801399e-01
-1.084713780275998324e-01
-1.074285250933601221e-01
-1.065632025017956425e-01
-1.058372448839227653e-01
-1.051895808666339777e-01
-1.063027507558286511e-01
-1.055076392927304652e-01
-1.062861034563985368e-01
-1.051908319712197004e-01
-1.093178930481109923e+01
-1.487092377415674682e-01
-1.215178678449048144e-01
-1.107309238534319995e+01
-1.129682902137495448e-01
-1.100714498530390439e-01
-1.081135140301823089e-01
-1.213692623939510995e-01
-1.134739633349370752e-01
-1.131200921088894307e-01
-1.101040360143637348e-01
-1.081091737205579911e-01
-1.800380531876543699e+01
-1.912546637882900358e-01
-1.295002003984248862e-01
-1.181577811298356456e-01
-1.130304575625647318e-01
-1.100080119211110513e-01
-1.109678185326510996e-01
-1.089348349220059936e-01
-1.073794825241911749e-01
-1.074134365233241906e-01
-1.061007931581602892e-01
-1.050483340104094721e-01
-1.095448527639891201e-01
-1.062364198182610825e-01
-1.046752833051078357e-01
-1.036327081061738375e-01
-1.028232084278911385e-01
-1.021568242161307316e-01
-1.021973057675650554e-01
-1.016044511894890340e-01
-1.014443730350184231e-01
-1.072896269174010986e-01
-1.064871634192528227e-01
-1.079691698222818574e-01
-1.049088098653739171e-01
-1.031987793365853473e-01
-1.342678280467280438e-01
-1.139889320225650204e-01
-1.088755597391050239e-01
-1.618096005968577555e-01
-1.246497443948182127e-01
-1.152278742590076288e-01
-1.105935361936861011e-01
-1.077634209059835230e-01
-1.058018065472160485e-01
-1.043431407714936476e-01
-1.032000873792747048e-01
-1.047227977855022391e-01
-1.034435139159405048e-01
-1.040948467117196324e-01
-1.054896128567542335e-01
-1.035178556601304423e-01
-1.038904045459050490e-01
-9.235805523482884638e+00
-1.278647136569522935e+01
-1.501136163878747376e-01
-1.293780681453441106e-01
-1.193256757049195455e-01
-1.213927428558707255e+01
-1.114071274434346309e-01
-1.248093958859587405e-01
-1.260778764287411868e-01
-1.161826137314629637e-01
-1.142469110801902776e-01
-1.159188084699799282e-01
-1.115763996740529451e-01
-1.190096298560805593e-01
-1.126207957001002652e-01
-1.119189779554624481e-01
-1.140180217061909501e-01
-1.098582329258111639e-01
-1.141482682250137132e-01
-1.093135886754857122e-01
-1.068974999196478648e-01
-1.052216939264885021e-01
-1.048062586631338944e-01
-1.036185738283228186e-01
-1.052679934374290693e-01
-1.053846723978628108e-01
-1.039776707823184820e-01
-1.065887882646728707e-01
-1.044964672471032224e-01
-1.031031685646549706e-01
-1.020652495743215316e-01
-1.012326217400470879e-01
-1.005450721440060841e-01
-9.994924947944107407e-02
-9.943221778877130157e-02
-9.896943838409234806e-02
-9.855192048259128756e-02
-9.817846353126337411e-02
-9.783287251538597129e-02
-9.751781646928457670e-02
-9.745178686995717432e-02
-1.005036813325967671e-01
-9.898244750509076206e-02
-1.002552832136271166e-01
-9.895148998054627276e-02
-9.812570930675981740e-02
-9.753203805887149247e-02
-9.706105508341252019e-02
-9.801968129971364019e-02
-9.744560553236117362e-02
-9.697601036191395851e-02
-9.909446756127139599e-02
-9.811249995060837559e-02
-9.812054356994086290e-02
-9.740860642701944239e-02
-9.685364913397884190e-02
-1.859323060777861514e+01
-1.868803299093498016e-01
-1.471448745741204822e-01
-1.310528908920892965e-01
-1.328820862808552383e-01
-1.236251242692634200e+01
-5.594927987919931844e+00
-1.315582518304519721e-01
-1.202614888637297402e-01
-1.145772198122559093e-01
-1.143752345120420538e-01
-7.376190024458271211e+00
-1.729430804921833764e-01
-1.396133107897011283e-01
-1.370695229950505412e-01
-1.239839906489056814e-01
-1.179675020571394201e-01
-1.216207322825246517e-01
-1.274040915208497216e-01
-1.171523925878957539e-01
-1.140019764267568986e-01
-1.107329118174265603e-01
-1.084458250155784231e-01
-1.066761612417927302e-01
-1.052854126705162069e-01
-1.096224814179788537e-01
-1.060275806945163574e-01
-1.059921497419506337e-01
-6.891583278131612644e+00
-1.147756617094641413e-01
-1.221055749998105067e-01
-1.167559078868176253e-01
-1.072976470779046920e+01
-1.228565669309123337e-01
-1.244593304844999193e-01
-1.158014892813910152e-01
-1.104779019016926128e-01
-1.077181183135754311e-01
-1.066588835455128809e-01
-1.114829980838134421e-01
-1.079498342108875658e-01
-1.056496156285477162e-01
-1.040605326959648524e-01
-1.028347335029818205e-01
-1.018555665298501445e-01
-1.115521425580219134e-01
-1.050426784969370891e-01
-1.295045534067426618e-01
-1.089558219383702370e-01
-1.048671567612398520e-01
-1.043465901051481015e-01
-1.052586767884109570e-01
-1.029454942953589996e-01
-1.034577824742441837e-01
-1.464498617218865739e+01
-1.430170907843932027e-01
-1.210423176515757343e-01
-1.154049251318679248e-01
-1.103345597746924062e-01
-1.084955521785060800e-01
-8.593427757672825962e+00
-1.984406336280767069e-01
-1.080278024939189585e+01
-1.293421881099639237e-01
-1.187977285131078531e-01
-1.196378716674725423e-01
-1.141138398112170604e-01
-1.141199128203919666e-01
-1.103795869487829429e-01
-1.103317467541826274e-01
-1.076145090046682906e-01
-1.073365797287818002e-01
-1.052956157849195412e-01
-6.234503861744294717e+00
-1.363422663305669247e-01
-6.041379519438524248e+00
-1.265004365450471679e-01
-1.164635010360597772e-01
-1.144864657030671140e-01
-1.105426331463315870e-01
-1.092663507559618330e-01
-1.177362279938101580e-01
-1.094981673673691286e-01
-1.064192435370334838e-01
-1.053645805337396907e-01
-1.037478678256353176e-01
-1.025179697638578663e-01
-1.015271290868542814e-01
-1.006926136149436796e-01
-9.966404165609965560e-02
-9.935025332041248769e-02
-1.050198113929894511e-01
-1.056093253098038531e-01
-1.060447764128204656e-01
-1.051845532419459495e-01
-1.067962928377127751e-01
-1.074783352868074054e-01
-1.036639020934262551e-01
-1.055632770188928288e-01
-1.029158169681704260e-01
-1.012524703458844155e-01
-1.088627408793451934e-01
-1.053731865921200134e-01
-1.024100204096240196e-01
-1.029243435635142784e-01
-1.079127200676832238e-01
-1.528201321085417008e-01
-1.188650448099052431e-01
-1.119056293574413885e-01
-1.135780366496207883e+01
-1.232148558735572108e-01
-1.331876746610956841e-01
-1.420229126562967958e-01
-1.315533399278619453e-01
-1.170353037172831567e-01
-1.111369978440333028e-01
-1.076684071928197400e-01
-1.053012513559695301e-01
-1.035595065782145136e-01
-1.022010624905038273e-01
-1.282804481136485286e+01
-1.096983117825673232e-01
-1.036910599928067694e-01
-1.014541552247539419e-01
-1.001200249076115295e-01
-9.916844327389731650e-02
-1.514910691344320526e+01
-1.485598746702292694e-01
-1.274578050388662231e-01
-1.183381740553920008e-01
-1.121747738415225931e-01
-1.083625796674879266e-01
-1.062177569280360889e-01
-1.042445250834022202e-01
-1.027284882588758580e-01
-1.053655723872785194e-01
-1.026987955596172647e-01
-1.012265884027222507e-01
-1.001553264088334838e-01
-9.931283812357176444e-02
-9.936861242310557341e-02
-1.082188368870207751e-01
-1.028898929994933875e-01
-7.290337896686780894e+00
-1.040029848069224938e-01
-1.164993214919588793e-01
-1.088937410150301044e-01
-1.050437816190028517e-01
-1.084370472629984788e-01
-1.062174288630853836e-01
-1.031588201246321779e-01
-1.013152705445675844e-01
-1.000309497524108082e-01
-1.056498898851005730e-01
-1.008918280882210583e-01
-9.916431835953488927e-02
-9.973587424283339442e-02
-1.269828417222505779e-01
-1.163513321548625412e-01
-1.128669296212196776e-01
-1.466021961071460744e+01
-8.930699856897422961e+00
-3.344964339293327593e-01
-1.822139122450514848e-01
-6.188956915290893868e+00
-1.460901979651537397e-01
-1.493414108954768338e+01
-1.093927354369730587e+01
-2.202967100479220897e-01
-1.740074957047615944e-01
-1.046293432121392009e+01
-6.616597655841784942e+00
-1.957102802118883267e-01
-1.572082804011912804e-01
-1.161440738731325695e+01
-1.098208195815273491e+01
-1.754435088514919028e-01
-1.468749870315028683e-01
-1.463477164284325283e-01
-1.422000916199755438e-01
-1.309409108917274078e-01
-1.248124949733349504e-01
-1.205855502594541939e-01
-1.275745464251121231e-01
-1.240813208805133239e-01
-1.192158079929383635e-01
-1.155486999079959470e-01
-1.129871932632860176e-01
-1.130017962175280943e-01
-1.162871027672161828e-01
-1.125066340672096626e-01
-1.101141110384055710e-01
-8.014007837962113356e+00
-1.099739316884377344e-01
-1.078007611700598084e-01
-1.137768856145462137e-01
-1.102494816851004866e-01
-1.079767877913427321e-01
-1.063237843178238828e-01
-1.050327775374224754e-01
-1.039674687908509060e-01
-1.030660068628094228e-01
-1.149354761120244678e-01
-1.063403319858239882e-01
-1.053282723003635402e-01
-1.035036431270159180e-01
-1.022885318299612267e-01
-1.013622410361301324e-01
-1.019909566921639865e-01
-1.010856339212841126e-01
-1.003515018695982086e-01
-9.972340469065849033e-02
-1.005994444999403908e-01
-1.112730503660965820e-01
-1.081642575790429106e-01
-2.731608410501637962e+01
-4.628001883274449058e-01
-1.872395919470737080e-01
-1.473820028944826388e-01
-1.253254376792366465e+01
-1.668249385681036812e-01
-1.372868170248403574e-01
-9.557966137130012640e+00
-1.624009620841832202e+01
-1.891061465005646480e-01
-1.573707363637916468e-01
-1.408992653960419728e-01
-1.333203691024563153e-01
-1.262947555865782390e-01
-1.213614998832557856e-01
-1.186581347421938326e-01
-1.155454957771821778e-01
-1.144357635250820154e-01
-1.119691256310782479e-01
-1.100510805954536819e-01
-1.084656273262494530e-01
-1.071201403743501229e-01
-1.059631376336540726e-01
-1.049478531603842968e-01
-1.040462285184314828e-01
-1.312575330974163101e+01
-1.097028237739156725e-01
-1.053096387833628717e-01
-1.103901194378002215e-01
-1.072706915873787442e-01
-1.052696568354730272e-01
-1.038316704793369460e-01
-1.037194770950848471e-01
-1.046390949822250394e-01
-1.199868999783094559e+01
-1.160678999363756425e+01
-1.249945792887298124e-01
-1.245733894531425162e-01
-1.204473917015489171e-01
-1.171993898064673939e-01
-1.120010488025982992e-01
-1.093569857786235444e-01
-1.082535812431491967e-01
-1.061785114452416523e-01
-1.062076230314877995e-01
-1.062593137612079519e-01
-1.084270950687810930e-01
-1.054344655331338892e-01
-1.036287585739637390e-01
-1.023395352708960648e-01
-1.058450602866857354e-01
-1.171801846912385869e-01
-1.076267195253116232e-01
-1.101019318710459438e-01
-1.057011446203197647e-01
-1.034271136988324652e-01
-1.024293917645833218e-01
-1.044304902473115609e-01
-1.043351377138628661e-01
-1.021615632692426251e-01
-1.022020596463339981e-01
-1.008296455164507527e-01
-9.981897838685477309e-02
-1.001888646450392467e-01
-1.039375071229162173e-01
-1.010470860657464998e-01
-1.102621628192499009e-01
-1.067800230867632372e-01
-1.026633809177256579e-01
-1.062916443369291003e-01
-1.023343785339271284e-01
-1.004276167964168326e-01
-9.920508347140148675e-02
-9.830960867447491314e-02
-9.829420491743148802e-02
-9.962807717428541487e-02
-9.824761462083718422e-02
-9.738941047230664783e-02
-9.676049256905229490e-02
-9.625935161071146051e-02
-9.995168447986378657e-02
-9.769557028592264214e-02
-9.668227848507916777e-02
-9.837278364753723747e-02
-9.725324496282308773e-02
-9.647523066827544402e-02
-9.790358261397349993e-02
-9.703060621424536292e-02
-9.741837552858162441e-02
-1.011980269399894439e-01
-9.854276569959298515e-02
-1.025689693142606829e-01
-1.092395260805318624e-01
-1.026036847146726549e-01
-9.995830295716338909e-02
-9.840253879127895675e-02
-9.733073292872469751e-02
-9.653238419219042910e-02
-9.590254871890567523e-02
-1.028577574668845390e-01
-9.894957617612627765e-02
-1.164689474874304942e+01
-2.349470044476141828e-01
-1.217930618643743162e-01
-1.109354690119866566e-01
-1.052376966559780136e-01
-1.045881224293639250e-01
-1.025276256359473059e-01
-1.218020408396971732e-01
-1.086537691380549259e-01
-1.058574524887198887e-01
-1.026496107339286146e-01
-1.027747170141554700e-01
-1.006925800121048487e-01
-9.925007213462597178e-02
-1.259458691737198777e+01
-2.731889764991917158e-01
-1.773653237552932360e-01
-1.454334489653729134e-01
-1.304279232512768893e-01
-1.227372719900396286e-01
-1.267839040789740801e-01
-1.176320033118143094e-01
-1.182241033613460196e-01
-1.126168752908350418e-01
-1.106155788964005848e-01
-1.081358088053163830e-01
-1.112779728579516569e-01
-1.174007834607001255e-01
-1.100773074764277992e-01
-1.065872551110843836e-01
-1.043577330142585052e-01
-1.027559751731564747e-01
-1.015007913958970581e-01
-1.004806796169501193e-01
-9.961998529765131449e-02
-9.888369765870605455e-02
-9.852165133630887139e-02
-9.791863388832555692e-02
-9.737949410419331764e-02
-9.689403524933472289e-02
-9.645878485212602826e-02
-2.358493219616605074e+01
-2.839218354111026632e-01
-1.261434191400695459e-01
-1.119887228329665835e-01
-1.062582453310141617e-01
-1.115288790383590772e-01
-1.098705857575332789e-01
-1.062712040972964289e-01
-1.039130920340072817e-01
-1.021942955907829270e-01
-1.008544810003024900e-01
-1.060047682818502923e-01
-5.939654489669294435e+00
-2.228993162273969486e-01
-1.454851610335337320e+01
-1.253636847342121108e-01
-1.165482532764407497e-01
-1.345810548572516918e-01
-1.232772432402809426e-01
-1.167761039427014230e-01
-1.124765085839836559e-01
-1.093830032301885830e-01
-1.077166198730619556e-01
-1.057602169070391840e-01
-1.146453185799261476e+01
-1.447180164182071960e-01
-1.194399406685607012e-01
-1.150746110008538242e-01
-3.065477103244960944e+01
-2.286630369379701322e-01
-1.655234132839381311e-01
-1.489338256448791975e-01
-1.333789151591588396e-01
-1.247680918906538816e-01
-1.414942357802969752e+01
-2.104255917719058400e-01
-1.595687831542690893e-01
-1.451672223657101413e-01
-1.704011499583136524e-01
-1.442604297090674392e-01
-1.532819726566709007e-01
-1.628862982774968993e-01
-1.323632626312810368e-01
-1.260415148067207947e-01
-1.204227588043001868e-01
-1.190707648817253966e-01
-1.320979418852359921e-01
-1.177006360611610597e-01
-1.135359500062008142e-01
-1.109061456087480912e-01
-1.089442309964474276e-01
-1.073646922472344806e-01
-1.433555219440238560e+01
-1.049038555224209579e-01
-1.039116615554124545e-01
-1.036962016496791039e-01
-1.071114472062075079e-01
-1.045614970899617774e-01
-1.044614598299780095e-01
-1.374918237315893021e-01
-1.217699948560738987e-01
-1.138353674382350522e-01
-1.095817308590577022e-01
-1.068753506946687054e-01
-1.049688351499014488e-01
-1.035089723237293674e-01
-1.039656888127234169e-01
-1.025648473178725484e-01
-1.026364758850143444e-01
-1.051498210884404261e-01
-1.025465976283621572e-01
-9.966411710855989370e-02
-1.019937015655673906e-01
-1.023399502950159273e-01
-1.128371578861480512e-01
-1.047026802323469258e-01
-1.101974750121932356e-01
-1.038998079533264979e-01
-1.016248918283130520e-01
-1.002362609511106145e-01
-1.001744451340231823e-01
-1.208406366620236838e+01
-1.404770419117428171e-01
-1.406376018114084137e-01
-1.314563098996386348e-01
-1.229467028486050939e-01
-1.177155032531841949e-01
-1.323382637614338719e-01
-1.182213742583086424e-01
-1.132824950436898404e-01
-1.177908197322084377e-01
-1.120507854436328388e-01
-1.090249777421159472e-01
-1.069375255178665746e-01
-1.053377578713310808e-01
-1.058555781771064602e-01
-1.044378123423857635e-01
-1.032595116059800006e-01
-1.085365876226484366e-01
-1.039252897574850787e-01
-1.021812202439950079e-01
-1.012910303960981723e-01
-1.039237632063025191e-01
-1.020176178488382823e-01
-1.007777679506589863e-01
-9.985219044250731590e-02
-1.043421278042614836e-01
-1.011918951271983669e-01
-9.344615520604747871e+00
-9.879504792127333235e-02
-9.807995625206965273e-02
-9.749826213602226510e-02
-1.015835235847010187e-01
-1.490753082820777953e-01
-1.182309128634248946e-01
-1.097665068744010236e-01
-1.065671608150807886e-01
-1.038166919758194834e-01
-1.336934584324987796e+01
-1.037218888794124161e-01
-1.018929663595410373e-01
-1.005521356099493557e-01
-1.040928841104020869e-01
-1.021220027031815719e-01
-1.033316414706214603e-01
-1.015328376340085270e-01
-1.002356942354354075e-01
-9.922555898928875351e-02
-9.951131833464496590e-02
-9.860241549883855261e-02
-9.786728439215719444e-02
-9.724207143609689408e-02
-9.670885008548014972e-02
-9.623852002648995707e-02
-9.582158042042031310e-02
-9.544561126008127561e-02
-9.548371582181024164e-02
-9.512375535705340501e-02
-9.479184848900905347e-02
-9.578865017649364211e-02
-9.841800525835765756e-02
-9.674325535834461809e-02
-9.579669857743859651e-02
-9.514516318321811217e-02
-9.464690604906185467e-02
-9.424841401454744916e-02
-9.437858926184267139e-02
-1.108982279339743293e+01
-1.073971445781608941e-01
-1.219788999609447838e-01
-1.124006726267257478e-01
-1.063772806511039948e-01
-1.029685455638429392e-01
-1.007455548496681563e-01
-9.917467387871790885e-02
-9.792416763474275088e-02
-3.498485185454234170e+01
-1.440511731426214748e-01
-1.259807126691549206e-01
-1.165247472288829383e-01
-1.091700982748623067e-01
-1.051678150050544547e-01
-1.025841323252755927e-01
-1.020252582750878767e-01
-1.036871092074594519e-01
-1.009487451280419307e-01
-9.935569199137538055e-02
-9.926821310043254520e-02
-9.810565191160819376e-02
-9.721581237181675661e-02
-3.320074176328970594e+01
-1.070361378631385696e+00
-5.040793295810463981e-01
-3.511884489587343561e-01
-5.325879782562913389e-01
-2.894514600569276230e-01
-2.484360154012409116e-01
-2.123205537580700464e-01
-1.932542670761502601e-01
-1.791909307446195587e-01
-1.794035741715334087e-01
-1.665491620198148726e-01
-1.558322650683389710e-01
-1.495776259322220691e-01
-1.431558370009496373e-01
-1.378784061505283765e-01
-1.337288581694493494e-01
-1.310701271971115023e-01
-1.278888993791101047e-01
-1.251297813768093570e-01
-1.227344928117161393e-01
-1.218996416186840931e-01
-1.289186069293863368e-01
-1.284229510649506634e-01
-1.229266632124181718e-01
-1.195727978072232828e-01
-1.179119147164734427e-01
-1.265710871290228190e-01
-1.196133266890923308e-01
-1.162086327637388283e-01
-1.139365099844997925e-01
-1.130302571522503879e-01
-1.114264510329426583e-01
-1.100878521016558920e-01
-1.089365371453799997e-01
-1.084218462498145047e-01
-1.073996907266242529e-01
-1.065269601652902159e-01
-1.057216579141362911e-01
-1.049875972607597213e-01
-1.049875972607597213e-01
-1.050732657046658108e-01
-1.132939275896547443e-01
-1.097654948604634140e-01
-1.068431802261483182e-01
-1.052015305225990904e-01
-1.042582850499753494e-01
-1.072049702751443484e-01
-1.049098083483552546e-01
-1.035588613893706350e-01
-1.025787096044652597e-01
-1.027215380891964847e-01
-1.051442158131223742e-01
-1.032522048700633549e-01
-1.020705403321799098e-01
-1.012223401489698721e-01
-9.749344096185659225e+00
-1.038906753672002997e-01
-1.016213269592674273e-01
-1.029293811939361175e-01
-1.013514835559852917e-01
-1.003366939315321893e-01
-1.173458338164994202e-01
-1.055966112490335507e-01
-1.051338173738963627e-01
-1.045800420964044519e-01
-1.139869235705976286e-01
-1.068528160472256294e-01
-1.038227361379852748e-01
-1.035362314842677023e+01
-1.034548879706895519e-01
-1.149246953911616242e-01
-1.105261566189541939e-01
-1.062381555144577688e-01
-1.037984780405716845e-01
-1.021546066118503016e-01
-1.009492495699315789e-01
-1.016755028249560072e-01
-1.151307670864136351e-01
-1.071241892608247592e-01
-1.197228939091670857e-01
-1.378610012219712577e-01
-1.147126128641969695e-01
-1.081974205004742201e-01
-1.049967511508494850e-01
-9.791778294758412216e+00
-1.494096281199150944e-01
-1.236121512263768929e-01
-1.128961124969928148e-01
-1.080389360623512929e-01
-1.110934765139724445e-01
-1.105509526859270591e-01
-1.064730820797445687e-01
-1.065559910797385379e-01
-1.009542259830583255e+01
-1.282555739336751766e-01
-1.147617370554538385e-01
-1.086037969653694119e-01
-1.053693247322019383e-01
-1.032937542074028325e-01
-1.018012059533116853e-01
-1.016444343466095385e-01
-1.035387185846604469e-01
-1.030274742924724707e-01
-1.010800023010386683e-01
-9.984519406100686445e-02
-1.005839916305272669e-01
-9.947392273980945610e-02
-1.003118039656698407e-01
-1.118515649995712319e-01
-1.120501349870406532e-01
-1.050192555900917313e-01
-1.038132218440599996e-01
-1.015184920346588748e-01
-1.000181318511895595e-01
-9.944300452919635491e-02
-9.845454923581728468e-02
-9.917579892231577487e-02
-1.208909299066065202e-01
-1.083351897771679395e-01
-1.060899501557901609e-01
-1.023164589058825902e-01
-1.020520387003143042e-01
-1.001368656194837198e-01
-8.707187152571062683e+00
-1.171851138189657082e-01
-1.076546246978487970e-01
-1.045849729472088374e-01
-1.038583621693545678e-01
-1.014305378140940295e-01
-9.984489451027213358e-02
-1.283704925171389455e-01
-1.097324851881535807e-01
-1.064346291898272540e-01
-1.030460162697313803e-01
-1.009728956911034592e-01
-9.952898445483090994e-02
-9.844410029247226135e-02
-9.758955791174810102e-02
-9.688543054929774079e-02
-9.672938216106281850e-02
-1.351963126526810477e+01
-1.182000443676577833e-01
-1.083839935138042332e-01
-1.034608364370842165e-01
-1.008144932541932964e-01
-9.912324165248870278e-02
-9.801946619486084922e-02
-9.704599581430757571e-02
-9.631128112424146293e-02
-1.203492211318956395e-01
-1.043669881542336891e-01
-1.003664028185302787e-01
-9.838677163994000163e-02
-1.122882092394252712e-01
-1.047011319674198554e-01
-1.006927046647795310e-01
-1.008812308894679460e-01
-1.020434170851837602e-01
-9.947726536886274118e-02
-9.910923580524556853e-02
-9.772929921723329250e-02
-1.004433686702810302e-01
-1.135121402467696439e-01
-1.116439883706828728e-01
-1.077090934321807414e-01
-1.034221875655145645e-01
-1.028266681756013212e-01
-1.006201098391929782e-01
-9.908070587486846048e-02
-9.792818849809641069e-02
-9.702303321457222962e-02
-1.019818607102927904e-01
-9.876686000583605185e-02
-9.940145074867910713e-02
-9.780580989630606459e-02
-9.673255174096358211e-02
-9.711109258033749636e-02
-9.618390369366915105e-02
-1.132321939790137222e+01
-9.586617650537805624e-02
-1.088568157017251736e-01
-1.318509356152028111e+01
-1.473412550120495323e-01
-1.186984577100153176e-01
-1.096033155501395934e-01
-1.061441969114291645e-01
-1.030313299968816237e-01
-1.008965537682365576e-01
-9.934436863671806950e-02
-1.032883297074985857e-01
-1.001809183358633448e-01
-9.855200541121764135e-02
-9.742163843702768278e-02
-9.655433669816003428e-02
-9.655326332370645082e-02
-1.097837126825341736e-01
-1.024566768111433990e-01
-9.956941077911479754e-02
-9.788987661785110428e-02
-9.674475882954619577e-02
-9.588898417211084990e-02
-1.418168659490356376e+01
-1.250986293244798486e-01
-1.110353515123532753e-01
-1.041086179227474068e-01
-1.007684771456531930e-01
-9.875003220271141857e-02
-9.736513841960849069e-02
-9.634297942845744533e-02
-1.062412791688111258e-01
-9.839622758259904123e-02
-1.209249847821466800e-01
-1.095147658735267648e-01
-2.774636997783424164e+01
-1.824160470881452389e-01
-1.671152196851801996e-01
-1.399619073319271767e-01
-1.267983601784938297e-01
-1.189687400764627007e-01
-1.146387591067958983e-01
-1.107568594892402170e-01
-1.110847772832057184e-01
-1.077515624424190965e-01
-1.053792812610804125e-01
-1.035529814182685193e-01
-1.027941356077018004e-01
-1.071305056191354244e-01
-1.209920319628961316e+01
-1.277219144465157330e-01
-1.133173017163292828e-01
-1.263916825181746750e-01
-1.131631036968605425e-01
-1.079320511479990585e-01
-1.060329912789863271e-01
-1.036498159560060722e-01
-1.019063224086125957e-01
-1.005536762883958990e-01
-1.390502401162981627e+01
-1.049906958499861043e-01
-1.008448772068238908e-01
-1.067581657967533459e-01
-1.031529136178500200e-01
-1.009931024652742093e-01
-9.983752233892502492e-02
-9.864369151607349506e-02
-9.771333937856155338e-02
-9.695144242234933485e-02
-9.768894720261882270e-02
-9.684246229523468807e-02
-9.615698069280989579e-02
-9.558730581617654043e-02
-9.509700673242346691e-02
-9.466333774081249486e-02
-9.427882335441778450e-02
-9.393340849478568066e-02
-9.361749910188757462e-02
-9.332480395503890691e-02
-9.305855625630966854e-02
-9.281161121960676552e-02
-9.257970972576895496e-02
-1.151923870062332711e-01
-1.025436762363249876e-01
-1.061626070626395246e-01
-1.067485278222748551e-01
-1.010023625603799352e-01
-9.830247059181025648e-02
-1.202437171394061394e-01
-1.215397841155686776e-01
-1.138730965467731476e-01
-1.162906825307803843e-01
-1.061051001579303571e-01
-1.022471869314121318e-01
-1.040978458771310705e-01
-1.044382146627844676e-01
-1.011867712551804271e-01
-9.925819108585158534e-02
-9.944400042085033142e-02
-9.804019383493629836e-02
-9.697347396553197829e-02
-9.746925186574235955e-02
-9.645479813032337146e-02
-9.566315415705903269e-02
-9.501174722871817691e-02
-9.445762788705973356e-02
-9.398528376030657050e-02
-9.402047725198665884e-02
-1.069421390269555161e+01
-1.127429963705588595e-01
-1.065970111345432153e-01
-1.013444434928211513e-01
-9.869178922400707876e-02
-9.703452595870920572e-02
-9.587560183391145852e-02
-9.500557209714416418e-02
-9.723485450321069090e-02
-9.830819478543226242e-02
-1.069909535035780124e-01
-1.006606799440257632e-01
-1.006689319731143561e-01
-9.833562124498414214e-02
-9.682328292446559792e-02
-9.675358770747499726e-02
-1.380682052775858182e+01
-2.125310922440690198e-01
-1.238389251109981853e-01
-1.105421863226244278e-01
-1.078884049544570345e-01
-1.038270592701636685e-01
-1.012151670298663403e-01
-9.936518242945356627e-02
-1.038563173683943186e-01
-1.116850868038379713e-01
-1.041316877741631231e-01
-1.007952231314673264e-01
-9.879072020436767410e-02
-9.740714637368419471e-02
-9.636730820700828426e-02
-9.628578048750309482e-02
-1.042280399913741579e-01
-9.956905181844309671e-02
-1.020181499297102512e+01
-9.714160739751549756e-02
-9.598393369082983129e-02
-1.301260958555449376e-01
-1.148452447124379688e-01
-1.097900945427950220e-01
-1.053632492946379867e-01
-1.025114133067146077e-01
-1.004822116371721780e-01
-9.896693120831856483e-02
-9.777986773594937731e-02
-9.681454373248654655e-02
-9.601757399713888030e-02
-9.533954010970890902e-02
-9.475089811257529637e-02
-9.424522337202201339e-02
-9.379151676406720373e-02
-9.865065816442414315e-02
-9.526741121928848643e-02
-9.411036575200576459e-02
-9.456329680344136013e-02
-9.377260072841597793e-02
-9.319186185422986823e-02
-9.319186185422986823e-02
-9.273950127803051724e-02
-1.191452695215742530e+01
-1.292063551343625438e-01
-1.949872967480740238e-01
-1.402207492353079177e-01
-1.196863277091761296e-01
-1.140324050710105758e-01
-1.081281574640301224e-01
-1.271544647431981190e+01
-1.045929622567396688e-01
-1.299246685991977679e-01
-1.149480553449113290e-01
-1.086480290810832583e-01
-1.049614094645907325e-01
-1.024539282584109451e-01
-1.013905331291574674e-01
-9.983495747231532769e-02
-9.859908219280266728e-02
-9.757865877349646000e-02
-9.731466932536231296e-02
-9.883983417328098819e-02
-9.731480065607060748e-02
-1.013016270273796593e-01
-1.158237854031345659e-01
-1.082562668315113635e-01
-1.095158889158400761e-01
-1.044997610763776785e-01
-1.033048035209953724e-01
-1.008200987454967723e-01
-1.163018147411093040e+01
-9.866824673106611154e-02
-9.745872923912328456e-02
-1.201740009488170102e+01
-1.138560793395814591e-01
-1.061131703080528815e-01
-1.025195648765364898e-01
-1.002960243806080426e-01
-1.062317344110424444e-01
-1.034439967953033751e-01
-1.026804639035045069e-01
-1.052817597527508781e-01
-1.021806922306427168e-01
-1.045629665388527751e-01
-9.893653712133609446e+00
-1.015306890120807465e-01
-9.963804411178076026e-02
-9.830853998726235554e-02
-9.728092053489073576e-02
-9.644413883375212160e-02
-9.638664706299662766e-02
-1.260794642959352529e+01
-1.023408228265151598e-01
-9.922682730842956322e-02
-1.029309865596785972e-01
-1.001421723345153891e-01
-9.835947950931037131e-02
-9.814882931056223558e-02
-9.990096497231852612e-02
-9.762100749794919152e-02
-9.633664034699257472e-02
-9.638031350784782847e-02
-9.545983993202564188e-02
-9.530420746625675732e-02
-9.456255204692111394e-02
-9.397576144724964498e-02
-9.348660191623091309e-02
-9.307044248177875900e-02
-9.374786614403067542e-02
-1.011958742018002205e-01
-9.635428788152942958e-02
-9.466249660741730965e-02
-9.371050922350422641e-02
-9.989546094781391605e-02
-9.641617743869353163e-02
-9.485921050897280771e-02
-9.389824931907915506e-02
-9.321022059683600758e-02
-9.267784664695520591e-02
-9.224401311194763142e-02
-9.187823558778142330e-02
-1.219902351237482918e-01
-1.058273627612287687e-01
-9.925332408590409328e-02
-9.966821494366147338e-02
-9.699941441379984763e-02
-9.538688931221364631e-02
-9.691527379285382049e-02
-9.899501893758207161e-02
-9.655706848499770456e-02
-9.511999963531757307e-02
-9.412572878946098842e-02
-9.411493271892877599e-02
-9.674034368066754264e-02
-1.093686859711374204e+01
-1.003302939153719181e-01
-1.154081896121534057e-01
-1.234189261958782841e-01
-1.092661693265931100e-01
-1.039194812775788984e-01
-1.008382771323750732e-01
-9.877918040854499759e-02
-9.832849057981428442e-02
-9.698840960317552107e-02
-9.593768058340676474e-02
-9.507974689276968427e-02
-9.436891474898757848e-02
-1.274925385027115077e+01
-1.191422198272706368e+01
-1.640340191617157550e-01
-1.292734734587966672e-01
-1.163229120988820420e-01
-1.095765976560465066e-01
-1.053959562401103611e-01
-1.025519100889095842e-01
-1.004824247115329305e-01
-9.890284190854577162e-02
-9.798838366070562744e-02
-9.692652453417843761e-02
-9.620314344613915825e-02
-1.764054973619683864e+01
-9.955455266173611484e-02
-9.692982076296483007e-02
-1.507786810828966595e-01
-1.314381601929587029e-01
-1.286292802292845483e-01
-1.213901839248606035e-01
-1.147500630748609779e-01
-1.104161473421047118e-01
-1.133748531335142112e-01
-1.081378258662930997e-01
-1.052071145672766744e-01
-1.309930713649368750e-01
-1.114454750350930695e-01
-1.063143800501334391e-01
-1.035064100537224502e-01
-1.016006368993707804e-01
-1.001606941495803288e-01
-1.049918747734733260e-01
-1.073265331949879164e-01
-1.030720750611219955e-01
-1.048006688331704628e-01
-1.052304703025016830e-01
-1.021297635296949252e-01
-1.002398292927525053e-01
-9.887891193478844098e-02
-1.003874336201214384e-01
-1.087753447389640249e-01
-1.024667890171824108e-01
-9.998170722688055900e-02
-9.861053902422199646e-02
-9.746763794531923542e-02
-1.240952027310457773e+01
-1.170056085872769636e+01
-1.811449780803144616e-01
-9.863966374824515881e+00
-1.236800499737647357e-01
-1.140573068023122832e-01
-1.088090376523326019e-01
-1.491796036897970190e-01
-1.239403098056813118e-01
-1.164841135578601194e-01
-1.140385172015975362e-01
-1.092274180781767356e-01
-1.060510141873042683e-01
-1.049770159143195575e-01
-1.028958154337248077e-01
-1.012925722394027173e-01
-1.000052006205134764e-01
-9.893773823508379694e-02
-9.802941297735992543e-02
-9.724731233915555328e-02
-9.733448071581929373e-02
-9.663216702962452997e-02
-9.600689292502129213e-02
-9.545773999873538584e-02
-1.288266883456979095e-01
-1.036990457148510431e-01
-9.935322882324928995e-02
-9.735848905099118988e-02
-9.686035192056328957e-02
-9.776599326180347715e-02
-9.623508914781915558e-02
-9.527672938253257950e-02
-9.456375231608749043e-02
-1.193215567996090409e-01
-1.065334869820999120e-01
-1.004990781436515962e-01
-9.781854411171746200e-02
-9.624799186159846420e-02
-9.517774448572476065e-02
-9.438454575703501825e-02
-9.376136462621420531e-02
-9.324746469704899010e-02
-9.282902120132711932e-02
-9.245735094338278226e-02
-9.212620886297880063e-02
-9.949465412120753194e-02
-9.603579997361057219e-02
-9.683223549187718049e-02
-9.785039428811120876e-02
-9.577749491778943247e-02
-9.452971369358273424e-02
-9.367187069237861707e-02
-9.301692961586841002e-02
-9.302752288450448492e-02
-9.250615611144766270e-02
