5.286030958932992263e+01
4.180600983960004413e+01
3.309340171740004166e+01
2.621426822092999132e+01
2.077711044106000315e+01
1.647495824886001259e+01
1.306846237818001555e+01
1.036898575742999817e+01
8.229121410639988810e+00
6.532133818087011434e+00
5.185818830684008063e+00
4.117414903488994860e+00
3.269510746649004762e+00
2.596358413655002195e+00
2.061938298634000688e+00
1.637608894309996677e+00
1.300675525851998859e+00
1.033080181406000664e+00
8.205938730105009071e-01
6.518473491671994413e-01
5.178331127993999194e-01
4.113926327482005374e-01
3.268652910850011750e-01
2.597360280789003939e-01
2.064276433861000903e-01
1.640993123441999990e-01
1.304941916769001842e-01
1.038168679212000123e-01
8.264265661841996291e-02
6.584135060989992905e-02
5.251249495654995714e-02
4.194044871023003274e-02
3.355228992087998935e-02
2.689152561549996295e-02
2.159002727485998668e-02
1.734680820994001157e-02
1.391480489447002346e-02
1.108801787305999445e-02
8.696834773040985900e-03
6.612095105798999894e-03
4.757552113296013158e-03
3.126793816434997840e-03
1.785008008677000128e-03
8.256152365177996241e-04
2.814145762887999510e-04
6.221045489691981760e-05
7.510934932715024167e-06
3.927330914681999890e-07
6.705002507150999016e-09
1.974875857587305927e-10
1.114304535875010296e-10
