1.143328902178921379e-02
1.143282990382913852e-02
1.142874688263929156e-02
1.142920815567265332e-02
1.142866269971721561e-02
1.142917337104421872e-02
1.142863539312150359e-02
1.142808101620034454e-02
1.143150056729599559e-02
1.142642909716161739e-02
1.142687961068944089e-02
1.142631107376383161e-02
1.142577800941226886e-02
1.142520261540338512e-02
1.142762672901497661e-02
1.142708703078366278e-02
1.108926042065832597e-02
1.108859958348237806e-02
1.108796774772949877e-02
1.109015655469133485e-02
1.108952173773579235e-02
1.109274709368248020e-02
1.109207143948822208e-02
1.109240100863914842e-02
1.109175942805525929e-02
1.109109534615775397e-02
1.109042988465680328e-02
1.108535824767491532e-02
1.108661383925198425e-02
1.108789548512648104e-02
1.108724499817139234e-02
1.108756206075773784e-02
1.108344718039567904e-02
1.108381321915264187e-02
1.108312157109704772e-02
1.108344098272509917e-02
1.108276899526634829e-02
1.108314398207980826e-02
1.108251052685440760e-02
1.108187954103572771e-02
1.108219500038390946e-02
1.108152863983669252e-02
1.108093616970413919e-02
1.108029163369851633e-02
1.108152203797800432e-02
1.108087789082850411e-02
1.108026903090044042e-02
1.107963731969750266e-02
1.107896964102790538e-02
1.108024997100701473e-02
1.108060459276929977e-02
1.107995136404638439e-02
1.107927957988245199e-02
1.107862858402851834e-02
1.107802547496885767e-02
1.107927814333434929e-02
1.107860835239827570e-02
1.107891375184901113e-02
1.107765692642997783e-02
1.107697126294811089e-02
1.107629440117132227e-02
1.107310072121080700e-02
1.107243000422395048e-02
1.107268804341674656e-02
1.107299462692061011e-02
1.107327505767149133e-02
1.107449921603279562e-02
1.107384082546625237e-02
1.107313787578084741e-02
1.106703430970504276e-02
1.106636494377881245e-02
1.106566713343728851e-02
1.106596195370697019e-02
1.106719194681697431e-02
1.106746291497844210e-02
1.106764817300005116e-02
1.106797487969234106e-02
1.106724035555920783e-02
1.106746318723218943e-02
1.106678447940303948e-02
1.106703026918639567e-02
1.106632076103514738e-02
1.106565666087860542e-02
1.106679459576198274e-02
1.106801005202455619e-02
1.106824673705649950e-02
1.106751750353732189e-02
1.106776372582461351e-02
1.106702875583890841e-02
1.106629987127237362e-02
1.106556505861641150e-02
1.106578518236613594e-02
1.086127099327302906e-02
1.086062517283244155e-02
1.085992638110385052e-02
1.086020116461296377e-02
1.085951259563525985e-02
1.085985049080962460e-02
1.086013148337703314e-02
1.085945461059713291e-02
1.086068116844524090e-02
1.085995965692701862e-02
1.085930500864393071e-02
1.085403970474821053e-02
1.085331338634177960e-02
1.085356769164357547e-02
1.085284742001660363e-02
1.085410647041830032e-02
1.085524560376052543e-02
1.085551665893394815e-02
1.085470529787569208e-02
1.085494549600719318e-02
1.085511272975331690e-02
1.085531244267776488e-02
1.085453373900968112e-02
1.084921039414291598e-02
1.083584463724302123e-02
1.083502124854492966e-02
1.083073435096082622e-02
1.082986412971865230e-02
1.082907537121776363e-02
1.082920645319277939e-02
1.082939387229371608e-02
1.082855858936036635e-02
1.082870041526080331e-02
1.082790180980796289e-02
1.082703605868087435e-02
1.082619163435864958e-02
1.082628713198666853e-02
1.082548137997950584e-02
1.082562439894113430e-02
1.082476678167579483e-02
1.082034997459560902e-02
1.082049566129559062e-02
1.081966057477902303e-02
1.081977312787503996e-02
1.082087383961120516e-02
1.082100370662627230e-02
1.081563640158207489e-02
1.081482631821511706e-02
1.081488949103515639e-02
1.081409560325528353e-02
1.081326482193868677e-02
1.081239556888904420e-02
1.081257380451189874e-02
1.081273221003499832e-02
1.080736897484628652e-02
1.080657167952781862e-02
1.080698841060726695e-02
1.080716490117243460e-02
1.080636520940453371e-02
1.080651762417976849e-02
1.080312213163992646e-02
1.080331625612778595e-02
1.080447516537973683e-02
1.080556622484029131e-02
1.080483523965249798e-02
1.080401619777725253e-02
1.080319092267276009e-02
1.080341262805231163e-02
1.079813705508705229e-02
1.079735198693766371e-02
1.080042913990310674e-02
1.079966872843819529e-02
1.079988619013638046e-02
1.079754963698180067e-02
1.079777597340778918e-02
1.079698379973347173e-02
1.078828095263307217e-02
1.078755160173212185e-02
1.078682120889325712e-02
1.078608562817765827e-02
1.078531696277835669e-02
1.078559612461107986e-02
1.078485898552232654e-02
1.078162580578581088e-02
1.078089272054435534e-02
1.078117331538191136e-02
1.078239210195262691e-02
1.078172417305910125e-02
1.078196714971737386e-02
1.078221866585333567e-02
1.078163442593952845e-02
1.078095622929896649e-02
1.078031787624076331e-02
1.077964989850490468e-02
1.077454201065630897e-02
1.077393909883316535e-02
1.077432064653829555e-02
1.077560545468955050e-02
1.077500455835489132e-02
1.077632968832228921e-02
1.077576685026871567e-02
1.077514965495072162e-02
1.077459131546017364e-02
1.077410434081358184e-02
1.077350469408378669e-02
1.077393087680542441e-02
1.077432748641229780e-02
1.077570394831960272e-02
1.077616918909716885e-02
1.077562880262413446e-02
1.077790259101095438e-02
1.077645136139341459e-02
1.077500272168740308e-02
1.077545738441200440e-02
1.077494551214937431e-02
1.077540995413373871e-02
1.077492461275288832e-02
1.077632088671729056e-02
1.077139123990161415e-02
1.077185940659521057e-02
1.077326071140746223e-02
1.077121215312027737e-02
1.077073044451660674e-02
1.077306880831603413e-02
1.077261439672754471e-02
1.077212880833588494e-02
1.077258946962869612e-02
1.077309637315617200e-02
1.077357560185542712e-02
1.077312733578426017e-02
1.077456887706419383e-02
1.077505471183599732e-02
1.077458195390897100e-02
1.077415580656622060e-02
1.077368204218910781e-02
1.077605161270264386e-02
1.077752226061489717e-02
1.078184958290064055e-02
1.078425879916669605e-02
1.078383898639046108e-02
1.078530078792845799e-02
1.078486917998079837e-02
1.078439515538022128e-02
1.078585841158456217e-02
1.079549017928908665e-02
1.079791560228570216e-02
1.080128006812369409e-02
1.080183722359972197e-02
1.080139335154398951e-02
1.080282743324099785e-02
1.080426999629005395e-02
1.080482422739540566e-02
1.080180345013436773e-02
1.080042359951462541e-02
1.080186027721657081e-02
1.080334815523242842e-02
1.080288708816014125e-02
1.080243559637045908e-02
1.080487218872522130e-02
1.080436513675705167e-02
1.080392613511206232e-02
1.079416247990989952e-02
1.079371473678828602e-02
1.079329384322933946e-02
1.079279197545511895e-02
1.079235827117609389e-02
1.079286020586646237e-02
1.079234572331887361e-02
1.079187447283570106e-02
1.079238066933903284e-02
1.079285007054395402e-02
1.079334583246881543e-02
1.079285345549125218e-02
1.079238278036652975e-02
1.079189080600189907e-02
1.079334301562013924e-02
1.079287223533927954e-02
1.078888826811916571e-02
1.078842979856581112e-02
1.078978246674699472e-02
1.079118870526348146e-02
1.078374507919113538e-02
1.078514483203432683e-02
1.078459478724455058e-02
1.078509587917381163e-02
1.078556848143199035e-02
1.078505005244031166e-02
1.078547399011503191e-02
1.078594233900698543e-02
1.078638015534638152e-02
1.078588209646600370e-02
1.078533871930181971e-02
1.078483029843439918e-02
1.078524593646330854e-02
1.078568955328605000e-02
1.078612565293260439e-02
1.078652060441460080e-02
1.078600020449340356e-02
1.078550461157027664e-02
1.078682833262067584e-02
1.078727059789509439e-02
1.078670249186955768e-02
1.078709005710474372e-02
1.078846910842465312e-02
1.078789233413040595e-02
1.078834721307829481e-02
1.078871730906430862e-02
1.078912433598491413e-02
1.078858261081924903e-02
1.078990801177540614e-02
1.078933804221492675e-02
1.078968055890436317e-02
1.079610122759440405e-02
1.079551395632211835e-02
1.079583629994254786e-02
1.079621004253825470e-02
1.079748172234881731e-02
1.079686490164073753e-02
1.079812622838833246e-02
1.079846651051289200e-02
1.079878210507449927e-02
1.079816438370576059e-02
1.080130333401107569e-02
1.080160658327332553e-02
1.080184391818498138e-02
1.080121487315859052e-02
1.080053470372412810e-02
1.079987542916235367e-02
1.080205443976479072e-02
1.080134642233206849e-02
1.080065485858595041e-02
1.080470402697580878e-02
1.080494837515231892e-02
1.080420291538164955e-02
1.080443913463993537e-02
1.080371414975805043e-02
1.079944936835209625e-02
1.080153604304749833e-02
1.080077591324485504e-02
1.080281617075317356e-02
1.079761203227561084e-02
1.079775789271950059e-02
1.079794386473390856e-02
1.079716190236590379e-02
1.079633250004998803e-02
1.079646421379169656e-02
1.079662170998273857e-02
1.079677404063955279e-02
1.079685016901876793e-02
1.079697984694721370e-02
1.079613107172054144e-02
1.079532815680306172e-02
1.079633510879904508e-02
1.079641929261763306e-02
1.079648705604632081e-02
1.079115237697898973e-02
1.079024478597763459e-02
1.079031869150655354e-02
1.078942492793328461e-02
1.078854453069330588e-02
1.078949523362451174e-02
1.078949775140348663e-02
1.079042943962073980e-02
1.079140473680982072e-02
1.079046919901504795e-02
1.079051006837210974e-02
1.078957004990108159e-02
1.077489008619220145e-02
1.077394126742233470e-02
1.077299529925274980e-02
1.077204231476991229e-02
1.077110260998793458e-02
1.077290038072156904e-02
1.077288210936404311e-02
1.077188693612148550e-02
1.076300703596471189e-02
1.076200860958639524e-02
1.076297905100676890e-02
1.076195323037438221e-02
1.076289795716634488e-02
1.076282766936073783e-02
1.076186259736268760e-02
1.076181620471886383e-02
1.076174038478897727e-02
1.076364140217848410e-02
1.076263041039473081e-02
1.076166621264218297e-02
1.076442016312980678e-02
1.076626636551689456e-02
1.076529883552292816e-02
1.075990159618164799e-02
1.075796328705058529e-02
1.075892994127105456e-02
1.075890267869851653e-02
1.075983404471461159e-02
1.075889234865636847e-02
1.076075607073426546e-02
1.075976680108961005e-02
1.075973196834155605e-02
1.075880449945303304e-02
1.075879407684244421e-02
1.076073618144569692e-02
1.075974545520046177e-02
1.075975798139346823e-02
1.075976925795309527e-02
1.075978622008454295e-02
1.075978670556313084e-02
1.075891697646752174e-02
1.075892270166579033e-02
1.075801429149665818e-02
1.075709784406471935e-02
1.075712551316766914e-02
1.075808253375209501e-02
1.075808909272416708e-02
1.075718973889184388e-02
1.075819430049834886e-02
1.075819861698832682e-02
1.075820854030693809e-02
1.075824678128604710e-02
1.075735790248371140e-02
1.075645364149984719e-02
1.075648774251289873e-02
1.075553380170100014e-02
1.075025241051318081e-02
1.075031013476675235e-02
1.075030100402704983e-02
1.074939846998919889e-02
1.074850203024144656e-02
1.074758234329474191e-02
1.074666872398921842e-02
1.074576796928193578e-02
1.074487313288014639e-02
1.074393075763319105e-02
1.074301277564517279e-02
1.074398574783518197e-02
1.074394369274750752e-02
1.074396722358421895e-02
1.074305984068002484e-02
1.074210691499681569e-02
1.074307594846334035e-02
1.073863077704252482e-02
1.073770384832730546e-02
1.073676224152925532e-02
1.073587466790318357e-02
1.073492926024333625e-02
1.073393709291432969e-02
1.073300440682166922e-02
1.073298330423577869e-02
1.073200339951063675e-02
1.073202985038143077e-02
1.073106225008125386e-02
1.073101939449274539e-02
1.073006031682268747e-02
1.072904857697675601e-02
1.072377354450422884e-02
1.072374454160213327e-02
1.073897425235544913e-02
1.074744204408276116e-02
1.074744927145831856e-02
1.074205728178632274e-02
1.074204893320236838e-02
1.074112780826816035e-02
1.074110997779959692e-02
1.074015030425328268e-02
1.074102797984438293e-02
1.052165663558655290e-02
1.052167952608939680e-02
1.052455457045774374e-02
1.052459193962229471e-02
1.052368720081579313e-02
1.052276439545522108e-02
1.052182452426102428e-02
1.052094440715865310e-02
1.052094282525152177e-02
1.052005638971621054e-02
1.051914787233439522e-02
1.051818282822155823e-02
1.051291472217226117e-02
1.050758947236961859e-02
1.050856133205629005e-02
1.051045038796124924e-02
1.051143624908099442e-02
1.051050005652612827e-02
1.051334274162444259e-02
1.051332552196411647e-02
1.051337156388467038e-02
1.051339754494632316e-02
1.051244514506347039e-02
1.051338256432944422e-02
1.050805978681601353e-02
1.050806857157580987e-02
1.049834516208175868e-02
1.049930565913566663e-02
1.049401254877184268e-02
1.049308165401402482e-02
1.047900644800298271e-02
1.047811310329658553e-02
1.047717528332541871e-02
1.047713411338843659e-02
1.047811469838758405e-02
1.047907107412592020e-02
1.047912112569140096e-02
1.048006632028571777e-02
1.042595439746326486e-02
1.041919873199472803e-02
1.041925330944745882e-02
1.042020800204728967e-02
1.041937066353024535e-02
1.041848418631671422e-02
1.041761708435833857e-02
1.041769090693275487e-02
1.041688931144681141e-02
1.041704756740569754e-02
1.041616675572700802e-02
1.041536227324496924e-02
1.041459130699717503e-02
1.041470288772126246e-02
1.041487987601963372e-02
1.041939390393155709e-02
1.041957564980974457e-02
1.042068311334533662e-02
1.041995734507776203e-02
1.041922047722566337e-02
1.042129648314288511e-02
1.042060264448737943e-02
1.041991346696004642e-02
1.042016373236453498e-02
1.041946664047251753e-02
1.041632754471606519e-02
1.041658043103404346e-02
1.041685652906754536e-02
1.041711001656253632e-02
1.042302291753639289e-02
1.042326773274600618e-02
1.048885323739648726e-02
1.049097246938032225e-02
1.049224521719651845e-02
1.048818394247504060e-02
1.048941292675809565e-02
1.048972719996862750e-02
1.049195205942192802e-02
1.049225489652700662e-02
1.049258990056194454e-02
1.049575285268062111e-02
1.049611575858049560e-02
1.049736931397143684e-02
1.049677670454046349e-02
1.049622865875257313e-02
1.049561813235819208e-02
1.049502979751363620e-02
1.049541219703939605e-02
1.049478146155051993e-02
1.049521903461752247e-02
1.050115131997688377e-02
1.050245413251770475e-02
1.050192003758313071e-02
1.050321833040741316e-02
1.049829720202664039e-02
1.049865292112146797e-02
1.049465945456531761e-02
1.049410781176948575e-02
1.049354795495953049e-02
1.049299872974863643e-02
1.048902549529169559e-02
1.048847352283475629e-02
1.048788399060982500e-02
1.048827652410140240e-02
1.048866756331596518e-02
1.048807646205690905e-02
1.048756631510746121e-02
1.048699894044732329e-02
1.048649851911085014e-02
1.048598008677462112e-02
1.048821091624389801e-02
1.048857136129852964e-02
1.048989362967555662e-02
1.048937222085554420e-02
1.048977866263329888e-02
1.049017983955953005e-02
1.048968628497227995e-02
1.049007839625309274e-02
1.049136131913810076e-02
1.049184924294287342e-02
1.049131139009493174e-02
1.049173823602208601e-02
1.049123320181987763e-02
1.049074832838186970e-02
1.049117341726433540e-02
1.049158053545088537e-02
1.049111872899576026e-02
1.049061831732065429e-02
1.048756618435112663e-02
1.048708228590404523e-02
1.048751748367364109e-02
1.048890111064035638e-02
1.048930921138519802e-02
1.048888196361783681e-02
1.048929243366145819e-02
1.048880271282497806e-02
1.048835867077134269e-02
1.048783508163101535e-02
1.048920726540005129e-02
1.048872886566976255e-02
1.048916055008739141e-02
1.048869536648259007e-02
1.048727946498592689e-02
1.048679763040621937e-02
1.048633684394446181e-02
1.048680431930117812e-02
1.048628064066683789e-02
1.048675282608001365e-02
1.048724065486655518e-02
1.048767198185114428e-02
1.048724512127424333e-02
1.048671120996104433e-02
1.048715915795930646e-02
1.048669317359549567e-02
1.048714432718981376e-02
1.048852293458583246e-02
1.048895327647588090e-02
1.048847260235476891e-02
1.048892532717263931e-02
1.048843088893356042e-02
1.048795611997439814e-02
1.048746817911947078e-02
1.048697558799519501e-02
1.048646991315025159e-02
1.048687665476264949e-02
1.048731707064645344e-02
1.048775337440082181e-02
1.048908218684098739e-02
1.048423285416586956e-02
1.048367736553309018e-02
1.048407055794806260e-02
1.048452784780137120e-02
1.048395497174378979e-02
1.048341061951717570e-02
1.048288693378172931e-02
1.048240534542533089e-02
1.048181370370662550e-02
1.048132752371761130e-02
1.048719869055894649e-02
1.048664951828305603e-02
1.048701755881916581e-02
1.048740244836347119e-02
1.048247980520206069e-02
1.048283331595082149e-02
1.048405287964126152e-02
1.048444671927224216e-02
1.047465642655074150e-02
1.048330757876344416e-02
1.048547110305096154e-02
1.048053972479242452e-02
1.048090947063218085e-02
1.048306012657388916e-02
1.047906681275364779e-02
1.047932686421733893e-02
1.047968402472095571e-02
1.047999539360362081e-02
1.048029908397941565e-02
1.047882318586231855e-02
1.048193060138927213e-02
1.048221909456240920e-02
1.048340318076688288e-02
1.048282036294366157e-02
1.048219354830898405e-02
1.047475992550064849e-02
1.046978638756273713e-02
1.047013330946203191e-02
1.046950987576001496e-02
1.047074827847633942e-02
1.046917977788299620e-02
1.046858476662407972e-02
1.046799942619299796e-02
1.046920026322014675e-02
1.046951335643005881e-02
1.046890396594191142e-02
1.046918934375624249e-02
1.046426736094873897e-02
1.046369208144418486e-02
1.046403118163116187e-02
1.046339655092526529e-02
1.045512598284942425e-02
1.045450797202227000e-02
1.045485178370770228e-02
1.045614779399041926e-02
1.045553846584352381e-02
1.045411564956785083e-02
1.045353977411068308e-02
1.044962324264476355e-02
1.044909202355257145e-02
1.044855213083345676e-02
1.044987083626594537e-02
1.044934936134515706e-02
1.045067479357098504e-02
1.045111185945307199e-02
1.042482189316537924e-02
1.042523506926455908e-02
1.041619827418809041e-02
1.041574853018568773e-02
1.041105114640391259e-02
1.039959357536149320e-02
1.039915222776642556e-02
1.039633372762798630e-02
1.039594524742997080e-02
1.039555341457154905e-02
1.038425956327348847e-02
1.038484537785750936e-02
1.038542130137085420e-02
1.037785211166721878e-02
1.037846655862488879e-02
1.037913526406400271e-02
1.037980013756268673e-02
1.037960887860203511e-02
1.037939489646208351e-02
1.037589485668499213e-02
1.037762654548544418e-02
1.037930153225491946e-02
1.037922161555980723e-02
1.037489495053894525e-02
1.037488729569495394e-02
1.038305458030809938e-02
1.037881260891777326e-02
1.037551852610225575e-02
1.037466340085467509e-02
1.037052196757285751e-02
1.037068040284322423e-02
1.037266415050584756e-02
1.037195082315975000e-02
1.037214860286932161e-02
1.036812831700888865e-02
1.036837807221355559e-02
1.036440290973312042e-02
1.036655348394560291e-02
1.037052576199088381e-02
1.037268533740113435e-02
1.037064657104463938e-02
1.037011729904294827e-02
1.037056311741204120e-02
1.035930223230307340e-02
1.035552125729104905e-02
1.035786174201796736e-02
1.035002084041504282e-02
1.035326182071239637e-02
1.035055755740085966e-02
1.035029589055747219e-02
1.035090827481701010e-02
1.035249736907011171e-02
1.035496902504524398e-02
1.035658239093311533e-02
1.035917786814210054e-02
1.036024217869682511e-02
1.036466621772799343e-02
1.036547682333679998e-02
1.036307476057338195e-02
1.036488683607957734e-02
1.036670233533662847e-02
1.036855441783548007e-02
1.036951168405861323e-02
1.037325623656385615e-02
1.037520721868279323e-02
1.037626863710998035e-02
1.037824473401103599e-02
1.038302942144351919e-02
1.038685084485385483e-02
1.038802544547072666e-02
1.039014587085689348e-02
1.039231941999954958e-02
1.039026379736110277e-02
1.039246060174305736e-02
1.039557272501013749e-02
1.039785864889994707e-02
1.040013133122178954e-02
1.039490011477781084e-02
1.036931108870055296e-02
1.034282754132730998e-02
1.033813550612053961e-02
1.034584368114796135e-02
1.035094214841281515e-02
1.034863398459491372e-02
1.035380149536259051e-02
1.035389108951846777e-02
1.035584244331767302e-02
1.035509749461694697e-02
1.036121749953476494e-02
1.041852840839156517e-02
1.041597437473777525e-02
1.041766154155042423e-02
1.041944248455119702e-02
1.042978765395416452e-02
1.044026418826048477e-02
1.044380687873475329e-02
1.044744359897574991e-02
1.044926111283286940e-02
1.045381610186931105e-02
1.045567544878402318e-02
1.045849691072578240e-02
1.046035578368795411e-02
1.046409315692247571e-02
1.046603243220609221e-02
1.046799667329008018e-02
1.047000264697784365e-02
1.047289804625634903e-02
1.047523957674358942e-02
1.047726787982024635e-02
1.048199921291786962e-02
1.048493350633535048e-02
1.048190988849225999e-02
1.048405277273154086e-02
1.048644743771525063e-02
1.049039676195613960e-02
1.049338664397922449e-02
1.049556082155612795e-02
1.050044644034336949e-02
1.050534433250642496e-02
1.050842494524266771e-02
1.051066632500657384e-02
1.051378090826564707e-02
1.051448120577436196e-02
1.051761561024188753e-02
1.052077576172515128e-02
1.052306272436125123e-02
1.052712879140637291e-02
1.053212520319728868e-02
1.054140967317196420e-02
1.054371607310523699e-02
1.054602789154227005e-02
1.054831725091659976e-02
1.055154011859860651e-02
1.055055651227335134e-02
1.036311012171322113e-02
1.036819383975947154e-02
1.037150624657309436e-02
1.036963646357746092e-02
1.037417798385883473e-02
1.038023060480743748e-02
1.038535961379760848e-02
1.038871463151318751e-02
1.039295576196855482e-02
1.039531986219918193e-02
1.039962684491164274e-02
1.040204962099814875e-02
1.040442861888857783e-02
1.040719465000063473e-02
1.041240888186530621e-02
1.041484949885934826e-02
1.041822027394792051e-02
1.041640638375997303e-02
1.041978540626099618e-02
1.042405897791564423e-02
1.042403814230122294e-02
1.042656851456374816e-02
1.042935795786197224e-02
1.043180744234622689e-02
1.043428895833654196e-02
1.043861427696349264e-02
1.044108350548505169e-02
1.044541106228922579e-02
1.045153831341656160e-02
1.045256640149180329e-02
1.045687142621587636e-02
1.046209260469431121e-02
1.046464098463573307e-02
1.046801417267221104e-02
1.047049699032383090e-02
1.047389193322610483e-02
1.047639603440277296e-02
1.047888275741113394e-02
1.048230007877972575e-02
1.048662064430561092e-02
1.049284500008457188e-02
1.049622913434805280e-02
1.049872805422038050e-02
1.050212663987258946e-02
1.050461891329661050e-02
1.050031065413638103e-02
1.050375725210994128e-02
1.050808959251491904e-02
1.051056846528347979e-02
1.051300967130071318e-02
1.051546623505733927e-02
1.051885824290967920e-02
1.052322743673371648e-02
1.052659398243960785e-02
1.052995729077079237e-02
1.053335526859298064e-02
1.053580211721476083e-02
1.054190887110616030e-02
1.054103300149073462e-02
1.054436716064355989e-02
1.054683372251762064e-02
1.054928907993995559e-02
1.055720562310814500e-02
1.056057121116229375e-02
1.056300780200626968e-02
1.056846951588097210e-02
1.057100556907408784e-02
1.057009255624022891e-02
1.057259345453210285e-02
1.057972339723755109e-02
1.058220606318760471e-02
1.058471422115426878e-02
1.058717506009466437e-02
1.059059888459289341e-02
1.059306672574975537e-02
1.059549092343495778e-02
1.059983800996269244e-02
1.060227763088383499e-02
1.060479093459447408e-02
1.060720354754409421e-02
1.060961962391309896e-02
1.061302461571380848e-02
1.061637991797426822e-02
1.061974723980187336e-02
1.062206923654051248e-02
1.062593629128223173e-02
1.062540528237110316e-02
1.062882021919651226e-02
1.063589956283154080e-02
1.063919325704324424e-02
1.064154500821699531e-02
1.064396386742234163e-02
1.064904966208849932e-02
1.065151911876082921e-02
1.065476282936097044e-02
1.065708973544204040e-02
1.065940602338110582e-02
1.066174984817591653e-02
1.066782356638009202e-02
1.067015459979596056e-02
1.067242779851289639e-02
1.067566872794082841e-02
1.067794789546522294e-02
1.068115004225623534e-02
1.068343496786316668e-02
1.068568608464709642e-02
1.068890816575297949e-02
1.069113448483985547e-02
1.069339393577897583e-02
1.069750733485608750e-02
1.070067764589707413e-02
1.070285999014845314e-02
1.070504812623354271e-02
1.070725982805600073e-02
1.070943589215440223e-02
1.071254928488756843e-02
1.071466816288124853e-02
1.071776665552606582e-02
1.071655527221745084e-02
1.070996387545965732e-02
1.071299644664580608e-02
1.071511973558556506e-02
1.071719774875408600e-02
1.072214750300841402e-02
1.072418719703480995e-02
1.072724571550681856e-02
1.073489780962783025e-02
1.073696584649987303e-02
1.073899334341830818e-02
1.073664266701056073e-02
1.073964855908849519e-02
1.074070937728373483e-02
1.074179884235644707e-02
1.074382696677764551e-02
1.074678110396586408e-02
1.074875583450751911e-02
1.075168490689385088e-02
1.074931866423600377e-02
1.075128150378889570e-02
1.074984737782470716e-02
1.075184406235909704e-02
1.075658769225695116e-02
1.076235101758507041e-02
1.076522764395754575e-02
1.076719227689075693e-02
1.076911701221082256e-02
1.076766215314690044e-02
1.077054807723044905e-02
1.077436545308897535e-02
1.077632264855740186e-02
1.077916407398203484e-02
1.078204979871063944e-02
1.078396903533750464e-02
1.078778177648207458e-02
1.078969422838530617e-02
1.079352278348939299e-02
1.079637675494990456e-02
1.079824556398612835e-02
1.080207433775101818e-02
1.080401034865030932e-02
1.069517814386447899e-02
1.069939224211080737e-02
1.068991578764117052e-02
1.069812405989255429e-02
1.076682440547177197e-02
1.076967537015535367e-02
1.077158063029447395e-02
1.077442526868480424e-02
1.077634938362422717e-02
1.077823500151079382e-02
1.078008373981977769e-02
1.078194198771166568e-02
1.078386734683245071e-02
1.078576506801449085e-02
1.078758859295809655e-02
1.078947867536718050e-02
1.079140392405510823e-02
1.079322560580346473e-02
1.079485465686585988e-02
1.079670673114820935e-02
1.079417291748782301e-02
1.079691327011526522e-02
1.079872652789350650e-02
1.080151795721697762e-02
1.080335882295729855e-02
1.080511316982711405e-02
1.080690220845957616e-02
1.080868835750400242e-02
1.080610965725768702e-02
1.080789326459271477e-02
1.080960429981370728e-02
1.085680513711057525e-02
1.086104687193403980e-02
1.086666219883940937e-02
1.086391886275375231e-02
1.086568909222259717e-02
1.086733299326471218e-02
1.086784834966589806e-02
1.087139438637874100e-02
1.086869895657654322e-02
1.087223696871649978e-02
1.087486648049169197e-02
1.087842021969335701e-02
1.088383674088602877e-02
1.088638612514301884e-02
1.088808545967741639e-02
1.089064874911813662e-02
1.089323248287854887e-02
1.090670961055714878e-02
1.089045285463267031e-02
1.089397085084162567e-02
1.089558228879002749e-02
1.089714801740932978e-02
1.090156413413015564e-02
1.090504550390834597e-02
1.090662747460782386e-02
1.090913888023170575e-02
1.091070391837873320e-02
1.091226720856575648e-02
1.091382425796439716e-02
1.093326918996003622e-02
1.093131661411652321e-02
1.093287349599140687e-02
1.093535558951153584e-02
1.093244715902497340e-02
1.093053003532974167e-02
1.093489766990487014e-02
1.093733463615511985e-02
1.093886512146953829e-02
1.093245527502194857e-02
1.093587173494732154e-02
1.093835144726538512e-02
1.093985838891448764e-02
1.094133853006268829e-02
1.094379881754680567e-02
1.094085871014231076e-02
1.094234826961952046e-02
1.094382342221053572e-02
1.094533466401711487e-02
1.094679680140578024e-02
1.094825787406510098e-02
1.094095818495412903e-02
1.094242680742147332e-02
1.094674723784934758e-02
1.094623243164100264e-02
1.094765662184658123e-02
1.095009736339587307e-02
1.094960530365175246e-02
1.095297205488489183e-02
1.097440902622173059e-02
1.084677075586543658e-02
1.085147714223454532e-02
1.084862668850775438e-02
1.085106726102193220e-02
1.085248396323444491e-02
1.085588934674015966e-02
1.085732637298677736e-02
1.085638180778958524e-02
1.140152924080335695e-02
1.141012774551757730e-02
1.141161130555674516e-02
1.141409510837342392e-02
1.141688158833472667e-02
1.141934523187966045e-02
1.142163188432140063e-02
1.110126885299322387e-02
1.110359046681226418e-02
1.110585655734090682e-02
1.110724412884991213e-02
1.111055791769298938e-02
1.110855809076674583e-02
1.110247902879868409e-02
1.110134938120510908e-02
1.110141530885608296e-02
1.110379515111769438e-02
1.110522071513047639e-02
1.110754592118524085e-02
1.111090247450174234e-02
1.111226799585042328e-02
1.111371108145696625e-02
1.111613121970830842e-02
1.111756584866841445e-02
1.111897115250981560e-02
1.112039752840810608e-02
1.112181648166889712e-02
1.112423282172827349e-02
1.112566642162066133e-02
1.113000250413099385e-02
1.113244416907710824e-02
1.112953513191164423e-02
1.113196054818274723e-02
1.113533544891441227e-02
1.113768163122884521e-02
1.113917824371555773e-02
1.114160244377987788e-02
1.114301235096032058e-02
1.146867501200311314e-02
1.147225119557651260e-02
1.147488343833154983e-02
1.147643416103420917e-02
1.147564454112275090e-02
1.147921556040630738e-02
1.148577356737560430e-02
1.148737476363719673e-02
1.148459145432520825e-02
1.148719986822835382e-02
1.149076286923901395e-02
1.149431620919093289e-02
1.149791999450525647e-02
1.150247691518641209e-02
1.150409343851626146e-02
1.150571761297124011e-02
1.150731503728750355e-02
1.150793264421936558e-02
1.151052262077992445e-02
1.151208567832786092e-02
1.151369464039850472e-02
1.151828414505827632e-02
1.151987925304356376e-02
1.152148542462075494e-02
1.152308386537249582e-02
1.152469898884741877e-02
1.152829072935703664e-02
1.152949890343718531e-02
1.153307327372764778e-02
1.153566256955538931e-02
1.153725309934127558e-02
1.153886447222219128e-02
1.154052640100690016e-02
1.154304573923881951e-02
1.154465568475978969e-02
1.154819982479167104e-02
1.154981332554011995e-02
1.155040183254206487e-02
1.155197172751876514e-02
1.155354716624057247e-02
1.155613342853006875e-02
1.154896171190490824e-02
1.155052257086586383e-02
1.155307727008446188e-02
1.155024233408652283e-02
1.155377336012545705e-02
1.155537320804157601e-02
1.155689721742978078e-02
1.156037279640955914e-02
1.156396164804916228e-02
1.156544087753830045e-02
1.156798784336289521e-02
1.156955544028537980e-02
1.157404812472903437e-02
1.158093009135740745e-02
1.158246391112453637e-02
1.158497779555569748e-02
1.158507178542496005e-02
1.158858047915543865e-02
1.159106163911264795e-02
1.159244375261450632e-02
1.159591088433540272e-02
1.159595253467220546e-02
1.160047956488652852e-02
1.159517102929680590e-02
1.159524231269304199e-02
1.158795575530802320e-02
1.159640726572412107e-02
1.159011412332765223e-02
1.129712035586256935e-02
1.129859643322142157e-02
1.130107074352184639e-02
1.130568666489397724e-02
1.130376420472756736e-02
1.130527337537019610e-02
1.130666821523125531e-02
1.131021666947254652e-02
1.131168358028615019e-02
1.131519266755366855e-02
1.131868752811075393e-02
1.132112611142144405e-02
1.132258207956047223e-02
1.132404858673214700e-02
1.132856272420062517e-02
1.133098229258458142e-02
1.132806517131924699e-02
1.132954688365060865e-02
1.133194983703393437e-02
1.133445417126499079e-02
1.133788668963289781e-02
1.133940121202059448e-02
1.134082443169490660e-02
1.134325715424184221e-02
1.134569892097655845e-02
1.134712672038933924e-02
1.134950714954517659e-02
1.135098579177776061e-02
1.135342146980990174e-02
1.135485835453055835e-02
1.135630809363770422e-02
1.135768571880929612e-02
1.135910501631179521e-02
1.135174110668806489e-02
1.135147211389453577e-02
1.135393292854849044e-02
1.135534574921663251e-02
1.135672662921768244e-02
1.135813988076562163e-02
1.136157455062499107e-02
1.136299136324938307e-02
1.136434285275325293e-02
1.136573416232552862e-02
1.136279259266942572e-02
1.136619923995185917e-02
1.136319155897033174e-02
1.136664009542680612e-02
1.137110210062257029e-02
1.136710258129764069e-02
1.136843314683973032e-02
1.137089786376594726e-02
1.137095703408383916e-02
1.137232900203574704e-02
1.137474976701900384e-02
1.069078406438013149e-02
1.068959098415001203e-02
1.069165005880591199e-02
1.069269632928170587e-02
1.069473688639636239e-02
1.069590540885395104e-02
1.069701804813752953e-02
1.069388995912728610e-02
1.069596234183897536e-02
1.069798232623706685e-02
1.069913892122885575e-02
1.070026614051464674e-02
1.070141292475930601e-02
1.070255867960129281e-02
1.070370959104435804e-02
1.070488426555647569e-02
1.070603823713318394e-02
1.070713107050682428e-02
1.071021684160241606e-02
1.071133092347744710e-02
1.071351420151901018e-02
1.071472997676603013e-02
1.071588639929694012e-02
1.071710294920987655e-02
1.072019823763642986e-02
1.072234211790128351e-02
1.072449310141553210e-02
1.072858104332263113e-02
1.073171089539014939e-02
1.073385044525108911e-02
1.073601977745606076e-02
1.073821005475932532e-02
1.074038219692124638e-02
1.074158943959322224e-02
1.074377830402156037e-02
1.074502960689922154e-02
1.074719614256801348e-02
1.074934488906436648e-02
1.075248020968427864e-02
1.075372052699231917e-02
1.075493460482832356e-02
1.075617731977319448e-02
1.075930180082576744e-02
1.076238461603982489e-02
1.076361430185909969e-02
1.076154217671062598e-02
1.076277176871814553e-02
1.076395921752471355e-02
1.076093392083618538e-02
1.076306538498354726e-02
1.076522961720652490e-02
1.076641066701924422e-02
1.076851561035204949e-02
1.076972426075414706e-02
1.077091074394466441e-02
1.077306965684398862e-02
1.077519014608358319e-02
1.077632634246879738e-02
1.077947203126258975e-02
1.077633025508078178e-02
1.077747133815712931e-02
1.077532301116600026e-02
1.077650833373570635e-02
1.077763183670158234e-02
1.077876790523927056e-02
1.077994949459767926e-02
1.078202981915200344e-02
1.078407542886843443e-02
1.078525652579104613e-02
1.078638058870321804e-02
1.078752426788430474e-02
1.078861603460607235e-02
1.078644204004430666e-02
1.078332062615664118e-02
1.078448450785285222e-02
1.078132009859598950e-02
1.078239817906570010e-02
1.078351243324329571e-02
1.078559105904708035e-02
1.078764536011604311e-02
1.078455515540890745e-02
1.078237650748210472e-02
1.078345175928932531e-02
1.078551939537783326e-02
1.078857221860738541e-02
1.078969629067392903e-02
1.079078352950651500e-02
1.079190841591264396e-02
1.079304348364744544e-02
1.079416917410279050e-02
1.079526064391064626e-02
1.079833849051044410e-02
1.079945387645843240e-02
1.080058046430707255e-02
1.080362182771173012e-02
1.080469619376267683e-02
1.080683066005324808e-02
1.080793900793511168e-02
1.081006912840201326e-02
1.081212236212453388e-02
1.081614589724762786e-02
1.081722313143527667e-02
1.081935807914768434e-02
1.082050316882069221e-02
1.081733375011580296e-02
1.081847938381146068e-02
1.081966460136263991e-02
1.082072165773468458e-02
1.083051014672526541e-02
1.083361334511530327e-02
1.083473703183376532e-02
1.083587153920903719e-02
1.083795105473558777e-02
1.084102442328681824e-02
1.084305363431108289e-02
1.084519212819144013e-02
1.084627933275451178e-02
1.084837455449507056e-02
1.085046460063978854e-02
1.085348712641906639e-02
1.085554418832083631e-02
1.085671798763273785e-02
1.085779989242176627e-02
1.085892126628092494e-02
1.086003132371876623e-02
1.086112111009372369e-02
1.086218807235244527e-02
1.086323371363720827e-02
1.086436070724721217e-02
1.086636356787936721e-02
1.086744928266713921e-02
1.086846615858763805e-02
1.086956329456049801e-02
1.087057316272484024e-02
1.087164678267169525e-02
1.087553934783902151e-02
1.087655913455386897e-02
1.087857105877434137e-02
1.087958463280184161e-02
1.087629007222152763e-02
1.087821925690217809e-02
1.087922872514925261e-02
1.088021789886761508e-02
1.088120067825914042e-02
1.088219696230918049e-02
1.088505804478741811e-02
1.089086166157915946e-02
1.089462326702337128e-02
1.089553042348579727e-02
1.089744243428911880e-02
1.089838479707168004e-02
1.090120032669500763e-02
1.090208792725463720e-02
1.090302086321720022e-02
1.090391407673978186e-02
1.090480784618567435e-02
1.090661177411377837e-02
1.090747150517403993e-02
1.091021543210123068e-02
1.091301979736554982e-02
1.091481998646221668e-02
1.091657450001831155e-02
1.091740830339296003e-02
1.092497165515445012e-02
1.092675619231450561e-02
1.092944180997984516e-02
1.093024284214740016e-02
1.093101869177151401e-02
1.093272294018514737e-02
1.092583726158784761e-02
1.092660385068192422e-02
1.092829882619564957e-02
1.093286807463785329e-02
1.093546966484138482e-02
1.093809798430511564e-02
1.094260563171709812e-02
1.094331288614179727e-02
1.094496812043499641e-02
1.094563135057297076e-02
1.094724611869270225e-02
1.095076042397772134e-02
1.095142174790458313e-02
1.095296474255907926e-02
1.094931179367151022e-02
1.094985861341566530e-02
1.095052019597417790e-02
1.095102607714903802e-02
1.095162763489081204e-02
1.095210659967851309e-02
1.095363568059963370e-02
1.095513802648932430e-02
1.095659855280754248e-02
1.095807609784510590e-02
1.095716098491849276e-02
1.095763654344582977e-02
1.095812278277548228e-02
1.095855686214553155e-02
1.095903907124363454e-02
1.096045195024545650e-02
1.096087243009845683e-02
1.096221370782025917e-02
1.096262970702808863e-02
1.096403162173181095e-02
1.096633889000125060e-02
1.096668068702287037e-02
1.096705628309873649e-02
1.096835459792591151e-02
1.096966509343558042e-02
1.095544473868250920e-02
1.095576418215216466e-02
1.095798999452274498e-02
1.095829810465444656e-02
1.095859456100550799e-02
1.095885711437525646e-02
1.096009023811200106e-02
1.096129176048109624e-02
1.096825981539155392e-02
1.097810947604207880e-02
1.098412872116477125e-02
1.098624191196197891e-02
1.098649185026661507e-02
1.098952696831602231e-02
1.099074565827298441e-02
1.099089170828139450e-02
1.099107854185873111e-02
1.099409911792778062e-02
1.099431565095300260e-02
1.099451296993403208e-02
1.099658165675379551e-02
1.099329119701737516e-02
1.099346369803015644e-02
1.099352471431751244e-02
1.099368536496333343e-02
1.099378239854540730e-02
1.098960063440671854e-02
1.098968407673676581e-02
1.098644926207437145e-02
1.087558644331476990e-02
1.088205806103602867e-02
1.088327625651743999e-02
1.088446321200641290e-02
1.088469553203933946e-02
1.088586297279857916e-02
1.088607943335668203e-02
1.088820890775517650e-02
1.088842031352974492e-02
1.088855669122089712e-02
1.088972704635560000e-02
1.089085300407828527e-02
1.089104868511159632e-02
1.088927072458286023e-02
1.089711487464732967e-02
1.089627247966669550e-02
1.089634160240026024e-02
1.089745179353562507e-02
1.089754086764542843e-02
1.089764311011744494e-02
1.089873068418342403e-02
1.089879168547808891e-02
1.089886923667156456e-02
1.089991790272825181e-02
1.089990827471948483e-02
1.090096224131503408e-02
1.090091882794988823e-02
1.090096156425571401e-02
1.090193698639593985e-02
1.090385115340314869e-02
1.090378924619549335e-02
1.090384994006134492e-02
1.090379210082182727e-02
1.090379282258497132e-02
1.090377362733101901e-02
1.090462756572770781e-02
1.090457186569301559e-02
1.090542509373991324e-02
1.090534925610832373e-02
1.090520932210570573e-02
1.090606885310082402e-02
1.090689987827675109e-02
1.090676114565764659e-02
1.090757786221430332e-02
1.090742798578128378e-02
1.090730414735769684e-02
1.090809137906927941e-02
1.090880261560575083e-02
1.090956169424492188e-02
1.091123081069500511e-02
1.091200347588763137e-02
1.091266501874893838e-02
1.091246613525532691e-02
1.091220985563195675e-02
1.091196358914525190e-02
1.091168736988884849e-02
1.091141697521335469e-02
1.090771365497809203e-02
1.090592812054789855e-02
1.090752765767373511e-02
1.090816728841245177e-02
1.090879706462551113e-02
1.090839104608382765e-02
1.090900994081163075e-02
1.090961417389820810e-02
1.091008412350944271e-02
1.090975645930090769e-02
1.090930860387660274e-02
1.090987392138170232e-02
1.090942973719107902e-02
1.090901621893928565e-02
1.090947163229530337e-02
1.092992675040745792e-02
1.092951165342876362e-02
1.060775293251520722e-02
1.060869699582569006e-02
1.061290877960328373e-02
1.061298166878382743e-02
1.061334588574761734e-02
1.061275329817551634e-02
1.058897822145118787e-02
1.061064087382668913e-02
1.061187528150268032e-02
1.061226340012488487e-02
1.061090164077734509e-02
1.061114609351530499e-02
1.060520646059698140e-02
1.060455754797219943e-02
1.060385594138408411e-02
1.060309261585824780e-02
1.060425477584420011e-02
1.060352852522286268e-02
1.060280946326309405e-02
1.060203871469703359e-02
1.060221094747393691e-02
1.060140228549289604e-02
1.060069574099146809e-02
1.060081344862735288e-02
1.059998601792228219e-02
1.060010204137564437e-02
1.059073251449481334e-02
1.059084934191038309e-02
1.059098167872488117e-02
1.059011618948344294e-02
1.059020462155929425e-02
1.058506264684026636e-02
1.058419496803073533e-02
1.058331144073821652e-02
1.058238385551632174e-02
1.058246866848798484e-02
1.058251252324789865e-02
1.058162040916088738e-02
1.057977847900413819e-02
1.057888485651001416e-02
1.057036815572170649e-02
1.056942710186982957e-02
1.056949111503270589e-02
1.056855297918326761e-02
1.056762250611905166e-02
1.056858453210010075e-02
1.056762314774493429e-02
1.056762206494611667e-02
1.056765647569703204e-02
1.056866303254459100e-02
1.056766249828541143e-02
1.056670690659539287e-02
1.056670625983972996e-02
1.056675795302327442e-02
1.056154071171373776e-02
1.056151775394920111e-02
1.056054593068254770e-02
1.055962862860557704e-02
1.055862776539980355e-02
1.055774300601006709e-02
1.055773382841414081e-02
1.055871740274638704e-02
1.055774118450979702e-02
1.055442696823725643e-02
1.055526426923452527e-02
1.055537447668726710e-02
1.055446217010769933e-02
1.055344768112417148e-02
1.055346643482685601e-02
1.055441421001834627e-02
1.055446163371010805e-02
1.055344880676012571e-02
1.055253362802036250e-02
1.055346992090437815e-02
1.055348482556618846e-02
1.055349534101294139e-02
1.054833490894729192e-02
1.054828483578116802e-02
1.054928308281270072e-02
1.054411265906613458e-02
1.054320245245638117e-02
1.054223624790034779e-02
1.054127077859253608e-02
1.054038131910505459e-02
1.054039949253905532e-02
1.054040379189515562e-02
1.054045243132679076e-02
1.053951022753996623e-02
1.053858248694504625e-02
1.053958351159373606e-02
1.053865755162422882e-02
1.053869800969590813e-02
1.053967310535667591e-02
1.054069600271731987e-02
1.053974560967771944e-02
1.053466309201260900e-02
1.053371806399993824e-02
1.053283405523117340e-02
1.053287465917624247e-02
1.053196908391570638e-02
1.053203959180612145e-02
1.053400175212460856e-02
1.053407138082195459e-02
1.053412095258856977e-02
1.053324512455964916e-02
1.053336321382564167e-02
1.053246163716415815e-02
1.053250346511772594e-02
1.053448984175664634e-02
1.053356126338655246e-02
1.053366874418162034e-02
1.053376938492951720e-02
1.053289654785577283e-02
1.053194800212471291e-02
1.053490857624262908e-02
1.053406360489249002e-02
1.053408522600865656e-02
1.053325294257007744e-02
1.053237850893353270e-02
1.053151512902732873e-02
1.053069027431556733e-02
1.053069395008740354e-02
1.052987934824349374e-02
1.052991318945669698e-02
1.052998588596182165e-02
1.053104137179875291e-02
1.053107223777054180e-02
1.053017874124473167e-02
1.052932150964983743e-02
1.052842318107555068e-02
1.052852878760939491e-02
1.052664963428037552e-02
1.052582012004505373e-02
1.051742781368605190e-02
1.051652052581259454e-02
1.051560294439084740e-02
1.051472237605890168e-02
1.051057270787452737e-02
1.051060182753122893e-02
1.050968297975918633e-02
1.050973959082406213e-02
1.050976098937135908e-02
1.050887402677135561e-02
1.050889397580749042e-02
1.050797848956620470e-02
1.050893951283754513e-02
1.051090197144119442e-02
1.050277164906033255e-02
1.049191093280597495e-02
1.049102578947287874e-02
1.049106879728415979e-02
1.049010195413583625e-02
1.048919200545672843e-02
1.048832075007159921e-02
1.048741188437729913e-02
1.048843260641478883e-02
1.048752387283484987e-02
1.048848695351511234e-02
1.048756328141867318e-02
1.048668995847639937e-02
1.048673624216908337e-02
1.048586425651486416e-02
1.048499858020066761e-02
1.048508676056194612e-02
1.048514528667120714e-02
1.048430326580571462e-02
1.048625917291914553e-02
1.048538857902813967e-02
1.048456732658471953e-02
1.048463697160431293e-02
1.048382547311140292e-02
1.048297801362555424e-02
1.048210605243412100e-02
1.048321097092063878e-02
1.048233083294463665e-02
1.048152164662190071e-02
1.048069346702449819e-02
1.047988889506870289e-02
1.048003942212485766e-02
1.048203653157020812e-02
1.048216838414057529e-02
1.048130014896286703e-02
1.048050963779968009e-02
1.047971020241644964e-02
1.047892315901109532e-02
1.047907077917560083e-02
1.047498646071455541e-02
1.047510735970161311e-02
1.047430807725146726e-02
1.047350119238671211e-02
1.047271562141795405e-02
1.047190189723690504e-02
1.047116580616900758e-02
1.047140016456357507e-02
1.047340792288732787e-02
1.046845881576343069e-02
1.046854508976618678e-02
1.046958342294333072e-02
1.046973546600977328e-02
1.046890140718664472e-02
1.046810081192479230e-02
1.046728041690990312e-02
1.046233279168929525e-02
1.046147389504764949e-02
1.046249896849598543e-02
1.046170427749716463e-02
1.046273938008712885e-02
1.046194390461745866e-02
1.046204629286294485e-02
1.046218846113938609e-02
1.046139623917317560e-02
1.045730286823602986e-02
1.045650472288443648e-02
1.045849273103425028e-02
1.045758347214830256e-02
1.045682517170525537e-02
1.045690765679895343e-02
1.045610839919914985e-02
1.045526075574151025e-02
1.045446941311606315e-02
1.045363099092450586e-02
1.044956334952869270e-02
1.044870864485951054e-02
1.044469205605729964e-02
1.044383367069380390e-02
1.044298525024895709e-02
1.044311323463225326e-02
1.044233054792212227e-02
1.044143819622130737e-02
1.044067030994263318e-02
1.044076685657709461e-02
1.044089681106514199e-02
1.044095609183584225e-02
1.044017751000021928e-02
1.043932010387629318e-02
1.043852765114424395e-02
1.043771471448783419e-02
1.043688770324187505e-02
1.043603084295831318e-02
1.043523382376890934e-02
1.043445093480875260e-02
1.043357951690429379e-02
1.043278623877021312e-02
1.043381724077976393e-02
1.043395607156501030e-02
1.043595144731528090e-02
1.043700912554845935e-02
1.043620313685846013e-02
1.043538025329592348e-02
1.043736331151026188e-02
1.043329594349530487e-02
1.043346834559601491e-02
1.043450512382910686e-02
1.043374040522001937e-02
1.043289338222156207e-02
1.043300933539789352e-02
1.043315354548400402e-02
1.043227073435998298e-02
1.043152989680590052e-02
1.043160769077296560e-02
1.043077047717225897e-02
1.043094683266655200e-02
1.043107309428729923e-02
1.043021682010351545e-02
1.042938778333002588e-02
1.042860033599204116e-02
1.042865552685797066e-02
1.042790181745248575e-02
1.042796993827380114e-02
1.042812036954781502e-02
1.042910664669796997e-02
1.042415455988861261e-02
1.042332746597617391e-02
1.041829418596952259e-02
1.041746691592771411e-02
1.041760946906688905e-02
1.041673073137629885e-02
1.041685961788266050e-02
1.041694030232433177e-02
1.041886135246366217e-02
1.041803901802008069e-02
1.041812560600857349e-02
1.041728047278867378e-02
1.041642188076570726e-02
1.041141774111977586e-02
1.041059123230495508e-02
1.040741500719627281e-02
1.040654032145174081e-02
1.040567168811807122e-02
1.040574354164493405e-02
1.040488506574981792e-02
1.040406253734502302e-02
1.040312820465947620e-02
1.040507757858102032e-02
1.040702710881017540e-02
1.040611753536057824e-02
1.040525466441636834e-02
1.040439239922650791e-02
1.040347252632386338e-02
1.040357549953990421e-02
1.040451453903232237e-02
1.040546739976927308e-02
1.040455987591789276e-02
1.040370768951765119e-02
1.040370187001890025e-02
1.040282781192685725e-02
1.040570957045261133e-02
1.040565967821405549e-02
1.040393730679908986e-02
1.040391067707793424e-02
1.040299778644915817e-02
1.040211555120710771e-02
1.040119188711492899e-02
1.040032420745500528e-02
1.039939426275186818e-02
1.039846495181300130e-02
1.039751340461927791e-02
1.039938117022169532e-02
1.039846682089658886e-02
1.039750347822263922e-02
1.039758460889741477e-02
1.039660995031207839e-02
1.039565370817170827e-02
1.039564661586313971e-02
1.039471870832519435e-02
1.039836659551729436e-02
1.040113761293578326e-02
1.040295443072081737e-02
1.040201945253530977e-02
1.039692433025154843e-02
1.039599201184051441e-02
1.039087462479922931e-02
1.039083539174634474e-02
1.039167345287784344e-02
1.039075277071515105e-02
1.038977584068582344e-02
1.037894838718829080e-02
1.037893132270783884e-02
1.037986992020784385e-02
1.037887158409611828e-02
1.037788501424654133e-02
1.037695566224222481e-02
1.037692306793581466e-02
1.037685091690491307e-02
1.037586969777926083e-02
1.037674899755413639e-02
1.037856587640484385e-02
1.037851913076887414e-02
1.038031625613526632e-02
1.012018111772075742e-02
1.012120742568887663e-02
1.012116317640279414e-02
1.012030014074538804e-02
1.011622884832401488e-02
1.011535284107167344e-02
1.011444346492263585e-02
1.011542522524124313e-02
1.011452549848315501e-02
1.011368958198581754e-02
1.011275949108888551e-02
1.011277830129955931e-02
1.011188210613668363e-02
1.011193797144000449e-02
1.011199276340889880e-02
1.011109057269686182e-02
1.011112627440773591e-02
1.011022438500907596e-02
1.010617581437187745e-02
1.010527323237110468e-02
1.010437629709876051e-02
1.010352112474841198e-02
1.010352625095763644e-02
1.010356778392638988e-02
1.010357039331606817e-02
1.010360947158110527e-02
1.010271168933390973e-02
1.010271449379939249e-02
1.010179821465943817e-02
1.010092768379174111e-02
1.009590558038706010e-02
1.009586429627502835e-02
1.009587599386289891e-02
1.009499887250846391e-02
1.009501847224829156e-02
1.009406314401331897e-02
1.009409216127158358e-02
1.009316430418278308e-02
1.009226938040927272e-02
1.009131730122526244e-02
1.009037212378095794e-02
1.009032054735739363e-02
1.009125003848175203e-02
1.009033055361859693e-02
1.008942152983595582e-02
1.008846751305440652e-02
1.008433011089981263e-02
1.008344694702832320e-02
1.008247744823705452e-02
1.008148752294981895e-02
1.007967358338070392e-02
1.007872503989810063e-02
1.007774353112873486e-02
1.007678959617917987e-02
1.007863683220489893e-02
1.007862357399190445e-02
1.007767811716249115e-02
1.007762165005834237e-02
1.007665535831118141e-02
1.007574100469998089e-02
1.007663038378263723e-02
1.007656443062540652e-02
1.007560461949879096e-02
1.007468427473891780e-02
1.007369948400254310e-02
1.007367356251374912e-02
1.007367504591428521e-02
1.007358934780988244e-02
1.007357865946786717e-02
1.007356990605113786e-02
1.007440463504927913e-02
1.007345145097521266e-02
1.007246404174698927e-02
1.007150174106906035e-02
1.007052531364035879e-02
1.007055354140387431e-02
1.007043896208284495e-02
1.006952820854452660e-02
1.006854009733934401e-02
1.006755965289635700e-02
1.006658659353061938e-02
1.006743984042971635e-02
1.006827750144125184e-02
1.006733036145181399e-02
1.006819210538008151e-02
1.006717225915756964e-02
1.006623562680621607e-02
1.006521735126311365e-02
1.006422982544633547e-02
1.006323095681368671e-02
1.006316288871810481e-02
1.006215351272883932e-02
1.006211047116211885e-02
1.006109859930910330e-02
1.006010793571055287e-02
1.006086182281584057e-02
1.005990058710281437e-02
1.006072933558957612e-02
1.005966159178278176e-02
1.006049887915023457e-02
1.006039857954924704e-02
1.005933660635528921e-02
1.005833258497094811e-02
1.005909117765212135e-02
1.005807114562522891e-02
1.005700415171181805e-02
1.005777378936171737e-02
1.005669808778780761e-02
1.005564645442119653e-02
1.005462720872004126e-02
1.005449271555274027e-02
1.005338460014699141e-02
1.005410294378736476e-02
1.005397681070529375e-02
1.005290151934701802e-02
1.005268108657103761e-02
1.005251909550203791e-02
1.005143544844217668e-02
1.005031630080066053e-02
1.005012612503865775e-02
1.004994309250951956e-02
1.005155508630461124e-02
1.005043036266503077e-02
1.004931913487909501e-02
1.004906589183106151e-02
1.004795142102793241e-02
1.004770313690818949e-02
1.004747906694379578e-02
1.005127970410769726e-02
1.005012959960149832e-02
1.005077080209672638e-02
1.004961831802269299e-02
1.004846945025406404e-02
1.005366049644910130e-02
1.005245123883494532e-02
1.005221806686473762e-02
1.004776935439720062e-02
1.004660834224745981e-02
1.004539107380691097e-02
1.004602577632266250e-02
1.004483683450198110e-02
1.004362579464299424e-02
1.004241421076433952e-02
1.004206720505318277e-02
1.004080709795078692e-02
1.003956032211346383e-02
1.003926961105232503e-02
1.003797975974589016e-02
1.003673677868716259e-02
1.003730260750768793e-02
1.003880465267130428e-02
1.003754681336223135e-02
1.003625289130644950e-02
1.003497515054286790e-02
1.003458828247827915e-02
1.003426627250948722e-02
1.003298308854446048e-02
1.003165898959254738e-02
1.003037952085104878e-02
1.002592575939172635e-02
1.002553440927774972e-02
1.002514526759130595e-02
1.002380142454297254e-02
1.002253886153364922e-02
1.002122232585292948e-02
1.001989885082899163e-02
1.001862279213261431e-02
1.001726090151060407e-02
1.001682419512628201e-02
1.001641339505962569e-02
1.001505399353252480e-02
1.001060758542150070e-02
1.001015968854808945e-02
1.000967175137114015e-02
1.000925332139649543e-02
1.000881883151423686e-02
1.000742632771042286e-02
1.000607739300423543e-02
1.000474481950616203e-02
1.000426620194370085e-02
1.000286920968814983e-02
