-1.143328902178862398e-02
-1.143282990382853657e-02
-1.142874688263860634e-02
-1.142920815567197677e-02
-1.142866269971642632e-02
-1.142917337104350055e-02
-1.142863539312084613e-02
-1.142808101619969229e-02
-1.143150056729514037e-02
-1.142642909716094259e-02
-1.142687961068871924e-02
-1.142631107376336497e-02
-1.142577800941192018e-02
-1.142520261540315961e-02
-1.142762672901432609e-02
-1.142708703078317012e-02
-1.108926042065752973e-02
-1.108859958348164254e-02
-1.108796774772897141e-02
-1.109015655469091331e-02
-1.492711400915834652e+01
-1.109274709368199795e-02
-1.109207143948782136e-02
-1.109240100863863841e-02
-1.109175942805491928e-02
-1.109109534615723529e-02
-1.109042988465623429e-02
-1.108535824767437235e-02
-1.108661383925161996e-02
-1.108789548512599879e-02
-1.108724499817086845e-02
-1.108756206075732671e-02
-1.108344718039496260e-02
-1.108381321915204339e-02
-1.108312157109654812e-02
-1.108344098272486845e-02
-1.108276899526581052e-02
-1.108314398207937111e-02
-1.108251052685380218e-02
-1.108187954103499566e-02
-1.108219500038315659e-02
-1.108152863983596914e-02
-1.108093616970357367e-02
-1.108029163369807051e-02
-1.108152203797749778e-02
-1.108087789082785532e-02
-1.108026903089986970e-02
-1.107963731969690939e-02
-1.107896964102733986e-02
-1.108024997100643012e-02
-1.108060459276880710e-02
-1.107995136404584142e-02
-1.107927957988166616e-02
-1.107862858402791813e-02
-1.107802547496842920e-02
-1.107927814333384449e-02
-1.107860835239758354e-02
-1.107891375184857745e-02
-1.107765692642936547e-02
-1.107697126294761476e-02
-1.107629440117061624e-02
-1.107310072121044792e-02
-1.107243000422351506e-02
-1.107268804341635972e-02
-1.107299462692009837e-02
-1.107327505767115652e-02
-1.107449921603231857e-02
-1.107384082546575971e-02
-1.107313787578037903e-02
-1.106703430970422744e-02
-1.106636494377839265e-02
-1.106566713343653217e-02
-1.106596195370653825e-02
-1.106719194681655451e-02
-1.106746291497805179e-02
-1.106764817299959666e-02
-1.106797487969186401e-02
-1.106724035555871170e-02
-1.106746318723185810e-02
-1.106678447940280703e-02
-1.106703026918626036e-02
-1.106632076103475359e-02
-1.106565666087841807e-02
-1.106679459576147100e-02
-1.106801005202416414e-02
-1.106824673705603980e-02
-1.106751750353664535e-02
-1.106776372582417463e-02
-1.106702875583850075e-02
-1.106629987127206831e-02
-1.106556505861590496e-02
-1.106578518236555481e-02
-1.086127099327279313e-02
-1.086062517283202522e-02
-1.085992638110324510e-02
-1.086020116461237396e-02
-1.085951259563475331e-02
-1.085985049080928459e-02
-1.086013148337652660e-02
-1.085945461059655871e-02
-1.086068116844478640e-02
-1.085995965692668902e-02
-1.085930500864356121e-02
-1.085403970474743338e-02
-1.085331338634118632e-02
-1.085356769164272372e-02
-1.085284742001575882e-02
-1.085410647041764459e-02
-1.085524560375994950e-02
-1.085551665893329069e-02
-1.085470529787509707e-02
-1.085494549600664327e-02
-1.085511272975278087e-02
-1.085531244267732773e-02
-1.085453373900935325e-02
-1.084921039414227066e-02
-1.083584463724235163e-02
-1.083502124854404669e-02
-1.083073435096019999e-02
-1.082986412971788555e-02
-1.082907537121696219e-02
-1.082920645319206815e-02
-1.082939387229323383e-02
-1.082855858935966378e-02
-1.082870041526010768e-02
-1.082790180980729329e-02
-1.082703605868031577e-02
-1.082619163435828702e-02
-1.082628713198613944e-02
-1.082548137997894032e-02
-1.082562439894050460e-02
-1.082476678167542880e-02
-1.082034997459509727e-02
-1.082049566129477530e-02
-1.081966057477827363e-02
-2.798247392116364551e+01
-1.082087383961038637e-02
-1.082100370662570331e-02
-1.081563640158122140e-02
-1.081482631821430174e-02
-1.081488949103445729e-02
-1.081409560325464342e-02
-1.081326482193815941e-02
-1.081239556888857929e-02
-1.081257380451157608e-02
-1.081273221003459586e-02
-1.080736897484589794e-02
-1.080657167952728259e-02
-1.080698841060694776e-02
-1.080716490117197490e-02
-1.080636520940417462e-02
-1.080651762417930012e-02
-1.080312213163924819e-02
-1.080331625612702441e-02
-1.080447516537907243e-02
-1.080556622483969803e-02
-1.080483523965178154e-02
-1.080401619777666099e-02
-1.080319092267201936e-02
-1.080341262805167152e-02
-1.079813705508653882e-02
-1.079735198693685533e-02
-1.080042913990236948e-02
-1.079966872843746498e-02
-1.079988619013562585e-02
-1.079754963698121781e-02
-1.079777597340724100e-02
-1.079698379973295305e-02
-1.078828095263288309e-02
-1.078755160173179746e-02
-1.078682120889275751e-02
-1.078608562817712224e-02
-1.078531696277777729e-02
-1.078559612461056118e-02
-1.078485898552171418e-02
-1.078162580578531995e-02
-1.078089272054382278e-02
-1.078117331538155400e-02
-1.078239210195236844e-02
-1.078172417305878553e-02
-1.078196714971706334e-02
-1.078221866585294883e-02
-1.078163442593906875e-02
-1.078095622929859179e-02
-1.078031787624035044e-02
-1.077964989850417610e-02
-1.077454201065585794e-02
-1.077393909883260677e-02
-1.077432064653759472e-02
-1.077560545468881151e-02
-1.077500455835427549e-02
-1.077632968832172716e-02
-1.077576685026798535e-02
-1.077514965495002947e-02
-1.077459131545936352e-02
-1.077410434081283071e-02
-1.077350469408318821e-02
-1.077393087680476348e-02
-1.077432748641160391e-02
-1.077570394831903026e-02
-1.077616918909654435e-02
-1.077562880262349261e-02
-1.077790259101024661e-02
-1.077645136139271202e-02
-1.077500272168691736e-02
-1.077545738441144409e-02
-1.077494551214876368e-02
-1.077540995413325993e-02
-1.077492461275240086e-02
-1.077632088671700607e-02
-1.077139123990106598e-02
-1.077185940659461556e-02
-1.077326071140697825e-02
-1.077121215311977083e-02
-1.077073044451592673e-02
-1.077306880831555708e-02
-1.077261439672700521e-02
-1.077212880833535932e-02
-1.077258946962811673e-02
-1.077309637315550413e-02
-1.077357560185488589e-02
-1.077312733578374149e-02
-1.077456887706380352e-02
-1.077505471183536762e-02
-1.077458195390870038e-02
-1.077415580656564294e-02
-1.077368204218849546e-02
-1.077605161270224141e-02
-1.077752226061444614e-02
-1.078184958290032136e-02
-1.078425879916619472e-02
-1.078383898639034659e-02
-1.078530078792811972e-02
-1.078486917998034214e-02
-1.078439515537970607e-02
-1.553169462904289588e+01
-1.079549017928844133e-02
-1.079791560228530664e-02
-1.080128006812321011e-02
-1.080183722359930910e-02
-1.080139335154341879e-02
-1.080282743324034733e-02
-1.080426999628953701e-02
-1.080482422739495810e-02
-1.080180345013392711e-02
-1.080042359951380836e-02
-1.080186027721603825e-02
-1.080334815523208147e-02
-1.080288708815960522e-02
-1.080243559637008958e-02
-1.080487218872463150e-02
-1.080436513675687646e-02
-1.080392613511179344e-02
-1.079416247990962197e-02
-1.079371473678788010e-02
-1.079329384322887282e-02
-1.079279197545464884e-02
-1.079235827117564460e-02
-1.079286020586608420e-02
-1.079234572331883545e-02
-1.079187447283555881e-02
-1.079238066933880906e-02
-1.079285007054379790e-02
-1.079334583246870094e-02
-1.079285345549093993e-02
-1.079238278036614637e-02
-1.079189080600140987e-02
-1.079334301561985822e-02
-1.079287223533872443e-02
-1.078888826811847529e-02
-1.078842979856525081e-02
-1.078978246674656798e-02
-1.079118870526279104e-02
-1.078374507919090119e-02
-1.078514483203383591e-02
-1.078459478724404230e-02
-1.078509587917317672e-02
-1.078556848143149248e-02
-1.078505005243983808e-02
-1.078547399011442302e-02
-1.078594233900645113e-02
-1.078638015534578824e-02
-1.078588209646546420e-02
-1.078533871930128542e-02
-1.078483029843390478e-02
-1.078524593646288179e-02
-1.078568955328549142e-02
-1.078612565293209091e-02
-1.078652060441415671e-02
-1.078600020449289876e-02
-1.078550461156983775e-02
-1.078682833262024909e-02
-1.078727059789461387e-02
-1.078670249186925237e-02
-1.078709005710426667e-02
-1.078846910842395576e-02
-1.078789233413004860e-02
-1.078834721307793919e-02
-1.078871730906403280e-02
-1.078912433598460709e-02
-1.078858261081891597e-02
-1.078990801177490133e-02
-1.078933804221435776e-02
-1.078968055890383582e-02
-1.079610122759380557e-02
-1.079551395632167600e-02
-1.079583629994224081e-02
-1.079621004253777071e-02
-1.079748172234830210e-02
-1.079686490164046692e-02
-1.079812622838795602e-02
-1.079846651051256587e-02
-1.079878210507399967e-02
-1.079816438370544487e-02
-1.080130333401047027e-02
-1.080160658327266807e-02
-1.080184391818454076e-02
-1.080121487315801286e-02
-1.080053470372358861e-02
-1.079987542916174652e-02
-1.080205443976443858e-02
-1.080134642233172154e-02
-1.080065485858562775e-02
-1.080470402697553296e-02
-1.080494837515214544e-02
-1.080420291538153159e-02
-1.080443913463972026e-02
-1.080371414975772430e-02
-1.079944936835167818e-02
-1.080153604304700740e-02
-1.080077591324456188e-02
-1.080281617075255600e-02
-1.079761203227504705e-02
-1.079775789271912589e-02
-1.079794386473337774e-02
-1.079716190236540939e-02
-1.079633250004956128e-02
-1.079646421379133921e-02
-1.079662170998236907e-02
-1.079677404063902196e-02
-1.079685016901831690e-02
-1.079697984694660134e-02
-1.079613107171985796e-02
-1.079532815680223079e-02
-1.079633510879849344e-02
-1.079641929261701896e-02
-1.079648705604573274e-02
-1.079115237697863584e-02
-1.079024478597717315e-02
-1.079031869150589955e-02
-1.078942492793251266e-02
-1.078854453069250444e-02
-1.078949523362362009e-02
-1.078949775140270601e-02
-1.079042943962007367e-02
-1.079140473680918234e-02
-1.079046919901452233e-02
-1.079051006837138289e-02
-1.078957004990032179e-02
-1.077489008619166022e-02
-1.077394126742178652e-02
-1.077299529925221031e-02
-1.077204231476942310e-02
-1.077110260998745232e-02
-1.077290038072121342e-02
-1.077288210936345678e-02
-1.077188693612105182e-02
-1.076300703596398331e-02
-1.076200860958579329e-02
-1.076297905100616868e-02
-1.076195323037357904e-02
-1.076289795716581753e-02
-1.076282766936008904e-02
-1.076186259736213943e-02
-1.076181620471818555e-02
-1.076174038478852450e-02
-1.076364140217801919e-02
-1.076263041039426764e-02
-1.076166621264166602e-02
-1.076442016312955871e-02
-1.076626636551650425e-02
-1.076529883552233835e-02
-1.075990159618114318e-02
-1.075796328705001109e-02
-1.075892994127090364e-02
-1.075890267869811755e-02
-1.075983404471418138e-02
-1.075889234865577866e-02
-1.076075607073378668e-02
-1.075976680108883636e-02
-1.075973196834113972e-02
-1.075880449945242762e-02
-1.075879407684210247e-02
-1.076073618144536038e-02
-1.075974545520007666e-02
-1.075975798139320108e-02
-1.075976925795265465e-02
-1.075978622008416132e-02
-1.075978670556290533e-02
-1.075891697646718173e-02
-1.075892270166541737e-02
-1.075801429149611174e-02
-1.075709784406410872e-02
-1.075712551316709668e-02
-1.075808253375154511e-02
-1.075808909272346278e-02
-1.075718973889110315e-02
-1.075819430049750405e-02
-1.075819861698744211e-02
-1.075820854030626848e-02
-1.075824678128544862e-02
-1.075735790248307129e-02
-1.075645364149932677e-02
-1.075648774251240954e-02
-1.075553380170035135e-02
-1.075025241051260315e-02
-1.075031013476622499e-02
-1.075030100402647390e-02
-1.074939846998878602e-02
-1.074850203024090185e-02
-1.074758234329419547e-02
-1.074666872398885933e-02
-1.074576796928156629e-02
-1.074487313287969190e-02
-1.074393075763276605e-02
-1.074301277564449104e-02
-1.074398574783463553e-02
-1.074394369274714843e-02
-1.074396722358374190e-02
-1.074305984067946973e-02
-1.074210691499625191e-02
-1.074307594846261003e-02
-1.073863077704198532e-02
-1.073770384832683708e-02
-1.073676224152897082e-02
-1.073587466790287999e-02
-1.073492926024296155e-02
-1.073393709291397234e-02
-1.073300440682135003e-02
-1.073298330423537450e-02
-1.073200339951022389e-02
-1.073202985038088260e-02
-1.073106225008072998e-02
-1.073101939449221109e-02
-1.073006031682248972e-02
-1.072904857697635009e-02
-1.072377354450358526e-02
-1.072374454160155387e-02
-1.073897425235503973e-02
-1.074744204408202043e-02
-1.074744927145771835e-02
-1.074205728178598447e-02
-1.074204893320215501e-02
-1.074112780826790188e-02
-1.074110997779943906e-02
-1.074015030425307451e-02
-1.074102797984431354e-02
-1.052165663558592840e-02
-1.052167952608875148e-02
-1.052455457045731874e-02
-1.052459193962196338e-02
-1.052368720081521027e-02
-1.052276439545449770e-02
-1.052182452426038417e-02
-1.052094440715779962e-02
-1.052094282525072554e-02
-1.052005638971540390e-02
-1.051914787233365102e-02
-1.051818282822076372e-02
-1.051291472217144932e-02
-1.050758947236889000e-02
-1.050856133205557187e-02
-1.051045038796061086e-02
-1.051143624908033349e-02
-1.051050005652555061e-02
-1.051334274162385105e-02
-1.051332552196347463e-02
-1.051337156388402333e-02
-1.051339754494566049e-02
-1.051244514506297946e-02
-1.051338256432888391e-02
-1.050805978681533699e-02
-1.050806857157531894e-02
-1.049834516208108734e-02
-1.049930565913526244e-02
-1.049401254877132400e-02
-1.049308165401352695e-02
-1.047900644800248138e-02
-1.047811310329620563e-02
-1.047717528332485666e-02
-1.047713411338777219e-02
-1.047811469838690404e-02
-1.047907107412543969e-02
-1.047912112569077819e-02
-1.048006632028519909e-02
-1.042595439746292312e-02
-1.041919873199403761e-02
-1.041925330944680136e-02
-1.042020800204674150e-02
-1.041937066352963299e-02
-1.041848418631611747e-02
-1.041761708435771233e-02
-1.041769090693205058e-02
-1.041688931144606201e-02
-1.041704756740489263e-02
-1.041616675572612852e-02
-1.041536227324407933e-02
-1.041459130699659737e-02
-1.041470288772047142e-02
-1.041487987601882360e-02
-1.041939390393052667e-02
-1.041957564980897782e-02
-1.042068311334460283e-02
-1.041995734507717396e-02
-1.041922047722513428e-02
-1.042129648314205938e-02
-1.042060264448689370e-02
-1.041991346695968559e-02
-1.042016373236404753e-02
-1.041946664047204048e-02
-1.041632754471538864e-02
-1.041658043103339815e-02
-1.041685652906702148e-02
-1.041711001656217724e-02
-1.042302291753579614e-02
-1.880028540799325754e+01
-1.048885323739594776e-02
-1.049097246937972724e-02
-1.049224521719601885e-02
-1.048818394247459998e-02
-1.048941292675734105e-02
-1.048972719996803422e-02
-1.049195205942142148e-02
-1.049225489652660069e-02
-1.049258990056147443e-02
-1.049575285268006253e-02
-1.049611575857997692e-02
-1.049736931397091295e-02
-1.049677670453991879e-02
-1.049622865875212210e-02
-1.049561813235756584e-02
-1.049502979751290935e-02
-1.049541219703860502e-02
-1.049478146154981736e-02
-1.834959597449496727e+01
-1.050115131997645182e-02
-1.050245413251725893e-02
-1.050192003758279244e-02
-1.050321833040684244e-02
-1.049829720202594824e-02
-1.049865292112086082e-02
-1.049465945456496026e-02
-1.049410781176919605e-02
-1.049354795495904304e-02
-1.049299872974814377e-02
-1.048902549529131568e-02
-1.048847352283451169e-02
-1.048788399060952489e-02
-1.048827652410111791e-02
-1.048866756331560610e-02
-1.048807646205648751e-02
-1.048756631510723222e-02
-1.048699894044694166e-02
-1.048649851911037656e-02
-1.048598008677398448e-02
-1.048821091624331514e-02
-1.048857136129801616e-02
-1.048989362967517325e-02
-1.048937222085497521e-02
-1.048977866263268652e-02
-1.049017983955885525e-02
-1.048968628497158953e-02
-1.049007839625243528e-02
-1.049136131913760636e-02
-1.049184924294236688e-02
-1.049131139009462990e-02
-1.049173823602170437e-02
-1.049123320181931558e-02
-1.049074832838145163e-02
-1.049117341726376815e-02
-1.049158053545031118e-02
-1.049111872899538903e-02
-1.049061831732020326e-02
-1.048756618435057325e-02
-1.048708228590348145e-02
-1.048751748367308771e-02
-1.048890111064008750e-02
-1.048930921138503322e-02
-1.048888196361751762e-02
-1.048929243366103492e-02
-1.048880271282465193e-02
-1.048835867077088299e-02
-1.048783508163060596e-02
-1.048920726539923423e-02
-1.048872886566897152e-02
-1.048916055008657956e-02
-1.048869536648189098e-02
-1.048727946498518963e-02
-1.048679763040565559e-02
-1.048633684394403853e-02
-1.048680431930067852e-02
-1.048628064066629839e-02
-1.048675282607962854e-02
-1.048724065486600875e-02
-1.048767198185070366e-02
-1.048724512127383220e-02
-1.048671120996050136e-02
-1.048715915795876696e-02
-1.048669317359502730e-02
-1.048714432718908345e-02
-1.048852293458513510e-02
-1.048895327647502394e-02
-1.048847260235398482e-02
-1.048892532717183614e-02
-1.048843088893284398e-02
-1.048795611997360017e-02
-1.048746817911873352e-02
-1.048697558799432245e-02
-1.048646991314948138e-02
-1.048687665476199203e-02
-1.048731707064587751e-02
-1.048775337440029792e-02
-1.048908218684030044e-02
-1.048423285416535955e-02
-1.048367736553257670e-02
-1.048407055794739473e-02
-1.048452784780089242e-02
-1.048395497174331621e-02
-1.048341061951676284e-02
-1.048288693378130951e-02
-1.048240534542501171e-02
-1.048181370370613111e-02
-1.048132752371710302e-02
-1.048719869055855965e-02
-1.048664951828255643e-02
-1.048701755881858294e-02
-1.048740244836293342e-02
-1.048247980520167558e-02
-1.048283331595041730e-02
-1.048405287964078794e-02
-1.048444671927182929e-02
-1.047465642655049517e-02
-1.048330757876291680e-02
-1.048547110305047929e-02
-1.048053972479212614e-02
-1.048090947063189809e-02
-1.048306012657327854e-02
-1.047906681275335636e-02
-1.047932686421701454e-02
-1.047968402472069203e-02
-1.047999539360326866e-02
-1.048029908397894554e-02
-1.047882318586199589e-02
-1.048193060138881243e-02
-1.048221909456193562e-02
-1.048340318076632603e-02
-1.048282036294316370e-02
-1.048219354830864404e-02
-1.047475992550019573e-02
-1.046978638756230692e-02
-1.047013330946163293e-02
-1.046950987575947893e-02
-1.047074827847587104e-02
-1.046917977788229884e-02
-1.046858476662338583e-02
-1.046799942619240989e-02
-1.046920026321955174e-02
-1.046951335642959391e-02
-1.046890396594138406e-02
-1.046918934375566136e-02
-1.046426736094838161e-02
-1.046369208144360546e-02
-1.046403118163077503e-02
-1.046339655092468936e-02
-1.045512598284902873e-02
-1.045450797202162815e-02
-1.045485178370695462e-02
-1.045614779398998211e-02
-1.045553846584283512e-02
-1.045411564956715000e-02
-1.045353977411000654e-02
-1.044962324264436283e-02
-1.044909202355235288e-02
-1.044855213083290685e-02
-1.044987083626563659e-02
-1.044934936134481532e-02
-1.045067479357082545e-02
-1.045111185945285341e-02
-1.042482189316508608e-02
-1.042523506926418438e-02
-1.041619827418752489e-02
-1.041574853018537028e-02
-1.610772411182695052e+01
-1.039959357536110809e-02
-1.039915222776598494e-02
-1.039633372762745200e-02
-1.039594524742943824e-02
-1.039555341457127496e-02
-1.038425956327274600e-02
-1.038484537785667669e-02
-1.038542130137018807e-02
-1.037785211166660816e-02
-1.037846655862417755e-02
-1.037913526406340943e-02
-1.037980013756213855e-02
-1.037960887860144357e-02
-1.037939489646146941e-02
-1.037589485668455325e-02
-1.037762654548483009e-02
-1.037930153225412148e-02
-1.037922161555877160e-02
-1.037489495053854974e-02
-1.037488729569442311e-02
-1.038305458030751825e-02
-1.037881260891707243e-02
-1.037551852610171972e-02
-1.037466340085427784e-02
-1.037052196757268230e-02
-1.037068040284285300e-02
-1.037266415050554745e-02
-1.037195082315949500e-02
-1.037214860286893650e-02
-1.036812831700847752e-02
-1.036837807221295364e-02
-1.036440290973291226e-02
-1.036655348394511372e-02
-1.037052576199022809e-02
-1.037268533740050118e-02
-1.037064657104432019e-02
-1.037011729904257877e-02
-1.037056311741161273e-02
-1.035930223230244543e-02
-1.035552125729034649e-02
-1.035786174201732378e-02
-1.035002084041444781e-02
-1.035326182071166258e-02
-1.035055755740025424e-02
-1.035029589055674708e-02
-1.035090827481645326e-02
-1.035249736906941956e-02
-1.035496902504435233e-02
-1.035658239093248389e-02
-1.035917786814146736e-02
-1.036024217869599764e-02
-1.036466621772721627e-02
-1.036547682333594129e-02
-1.036307476057266030e-02
-1.036488683607890426e-02
-1.036670233533597968e-02
-1.036855441783496833e-02
-1.036951168405811016e-02
-1.037325623656327502e-02
-1.037520721868234221e-02
-1.037626863710947034e-02
-1.037824473401050170e-02
-1.038302942144308204e-02
-1.038685084485314013e-02
-1.038802544547007094e-02
-1.039014587085643898e-02
-1.039231941999900488e-02
-1.039026379736041582e-02
-1.039246060174238255e-02
-1.039557272500923890e-02
-1.039785864889927747e-02
-1.040013133122122749e-02
-1.039490011477722103e-02
-1.036931108869996142e-02
-1.034282754132702202e-02
-1.033813550611997582e-02
-1.034584368114749818e-02
-1.035094214841252372e-02
-1.034863398459458413e-02
-1.035380149536218979e-02
-1.035389108951782593e-02
-1.035584244331724628e-02
-1.035509749461657053e-02
-1.036121749953437116e-02
-1.041852840839102914e-02
-1.041597437473732596e-02
-1.041766154155010504e-02
-1.041944248455105651e-02
-1.042978765395354696e-02
-1.044026418826014650e-02
-1.044380687873422767e-02
-1.044744359897543766e-02
-1.044926111283230041e-02
-1.045381610186886870e-02
-1.045567544878363980e-02
-1.045849691072513535e-02
-1.046035578368734002e-02
-1.046409315692184080e-02
-1.046603243220566894e-02
-1.046799667328965171e-02
-1.047000264697729895e-02
-1.047289804625563432e-02
-1.047523957674318176e-02
-1.047726787981994277e-02
-1.048199921291716186e-02
-1.048493350633463925e-02
-1.048190988849167886e-02
-1.048405277273098402e-02
-1.048644743771471113e-02
-1.049039676195570071e-02
-1.049338664397876826e-02
-1.049556082155558324e-02
-1.050044644034305377e-02
-1.050534433250579699e-02
-1.050842494524219586e-02
-1.051066632500621129e-02
-1.051378090826537125e-02
-1.051448120577398032e-02
-1.051761561024142783e-02
-1.052077576172491882e-02
-1.052306272436101010e-02
-1.052712879140586810e-02
-1.053212520319695734e-02
-1.054140967317133276e-02
-1.054371607310467668e-02
-1.054602789154155361e-02
-1.054831725091588505e-02
-1.055154011859777384e-02
-1.055055651227298531e-02
-1.036311012171274235e-02
-1.036819383975904826e-02
-1.037150624657258262e-02
-1.036963646357708102e-02
-1.037417798385847217e-02
-1.038023060480682512e-02
-1.038535961379707939e-02
-1.038871463151259424e-02
-1.039295576196788869e-02
-1.039531986219846375e-02
-1.039962684491105120e-02
-1.040204962099774456e-02
-1.040442861888797935e-02
-1.040719465000014554e-02
-1.041240888186447354e-02
-1.041484949885868386e-02
-1.041822027394720233e-02
-1.041640638375961395e-02
-1.041978540626057985e-02
-1.042405897791513596e-02
-1.042403814230084998e-02
-1.042656851456349142e-02
-1.042935795786168254e-02
-1.043180744234582444e-02
-1.043428895833595736e-02
-1.043861427696308845e-02
-1.044108350548458158e-02
-1.928679225644606987e+01
-1.045153831341590761e-02
-1.045256640149117532e-02
-1.045687142621510440e-02
-1.046209260469377518e-02
-1.046464098463524214e-02
-1.046801417267160562e-02
-1.047049699032317517e-02
-1.047389193322544217e-02
-1.047639603440226816e-02
-1.047888275741053546e-02
-1.048230007877905441e-02
-1.048662064430520499e-02
-1.049284500008441055e-02
-1.049622913434797820e-02
-1.049872805422010294e-02
-1.050212663987220435e-02
-1.050461891329626356e-02
-1.050031065413582418e-02
-1.050375725210919708e-02
-1.050808959251428414e-02
-1.051056846528267835e-02
-1.051300967130004357e-02
-1.051546623505647017e-02
-1.051885824290871470e-02
-1.052322743673296014e-02
-1.052659398243899203e-02
-1.052995729077001695e-02
-1.053335526859217573e-02
-1.053580211721395765e-02
-1.054190887110563468e-02
-1.054103300149000257e-02
-1.054436716064283130e-02
-1.054683372251682787e-02
-1.054928907993945945e-02
-1.055720562310750489e-02
-1.056057121116172129e-02
-1.056300780200591927e-02
-1.056846951588046729e-02
-1.057100556907364375e-02
-1.057009255623979696e-02
-1.057259345453168652e-02
-1.057972339723704802e-02
-1.058220606318723521e-02
-1.058471422115382470e-02
-1.058717506009412661e-02
-1.059059888459241636e-02
-1.059306672574915342e-02
-1.059549092343445298e-02
-1.059983800996219111e-02
-1.060227763088361468e-02
-1.060479093459400224e-02
-1.060720354754347665e-02
-1.060961962391277803e-02
-1.061302461571334878e-02
-1.061637991797389179e-02
-1.061974723980121937e-02
-1.062206923653989145e-02
-1.062593629128168356e-02
-1.062540528237060009e-02
-1.062882021919612369e-02
-1.063589956283134477e-02
-1.063919325704301873e-02
-1.064154500821662234e-02
-1.064396386742195999e-02
-1.064904966208841432e-02
-1.065151911876033829e-02
-1.065476282936050206e-02
-1.065708973544149743e-02
-1.065940602338068428e-02
-1.066174984817550887e-02
-1.066782356637951956e-02
-1.067015459979559627e-02
-1.067242779851253383e-02
-1.067566872794032187e-02
-1.067794789546487773e-02
-1.068115004225573920e-02
-1.068343496786273994e-02
-1.068568608464643722e-02
-1.068890816575238968e-02
-1.069113448483943914e-02
-1.069339393577854215e-02
-1.069750733485539881e-02
-1.070067764589660922e-02
-1.070285999014821202e-02
-1.070504812623334495e-02
-1.070725982805571103e-02
-1.070943589215388007e-02
-1.071254928488714689e-02
-1.071466816288081658e-02
-1.071776665552550550e-02
-1.071655527221695298e-02
-1.070996387545905537e-02
-1.071299644664532209e-02
-1.071511973558504291e-02
-1.071719774875346150e-02
-1.072214750300774268e-02
-1.072418719703426004e-02
-1.072724571550631202e-02
-1.073489780962712248e-02
-1.073696584649922424e-02
-1.073899334341801154e-02
-1.073664266701025022e-02
-1.073964855908820723e-02
-1.074070937728334105e-02
-1.074179884235594920e-02
-1.074382696677723785e-02
-1.074678110396540091e-02
-1.074875583450707502e-02
-1.075168490689341373e-02
-1.074931866423577305e-02
-1.075128150378854008e-02
-1.074984737782429603e-02
-1.075184406235856101e-02
-1.075658769225649493e-02
-1.076235101758470092e-02
-1.076522764395711901e-02
-1.076719227689031111e-02
-1.076911701221024489e-02
-1.076766215314649972e-02
-1.077054807723029639e-02
-1.077436545308872035e-02
-1.077632264855707053e-02
-1.077916407398188565e-02
-1.078204979871024392e-02
-1.078396903533715943e-02
-1.078778177648162528e-02
-1.078969422838510148e-02
-1.079352278348897666e-02
-1.079637675494956629e-02
-1.079824556398581784e-02
-1.080207433775055501e-02
-1.080401034864996758e-02
-1.069517814386385796e-02
-1.069939224211034594e-02
-1.068991578764066225e-02
-1.069812405989204775e-02
-1.076682440547130706e-02
-1.076967537015466499e-02
-1.077158063029383037e-02
-1.077442526868417801e-02
-1.077634938362361655e-02
-1.077823500151031330e-02
-1.078008373981900227e-02
-1.078194198771123026e-02
-1.078386734683193723e-02
-1.078576506801405543e-02
-1.078758859295748766e-02
-1.078947867536657335e-02
-1.079140392405440220e-02
-1.079322560580276043e-02
-1.079485465686521803e-02
-1.079670673114746862e-02
-1.079417291748743096e-02
-1.079691327011508481e-02
-1.079872652789297741e-02
-1.080151795721663935e-02
-1.080335882295670701e-02
-1.080511316982643230e-02
-1.080690220845919799e-02
-1.080868835750345425e-02
-1.080610965725728109e-02
-1.080789326459207812e-02
-1.080960429981312441e-02
-1.085680513710999238e-02
-1.086104687193344825e-02
-1.086666219883893406e-02
-1.086391886275313648e-02
-1.086568909222174889e-02
-1.086733299326414492e-02
-1.086784834966548520e-02
-1.087139438637834549e-02
-1.086869895657577995e-02
-1.087223696871583538e-02
-1.087486648049104665e-02
-1.087842021969280884e-02
-1.088383674088546672e-02
-1.088638612514258690e-02
-1.088808545967687169e-02
-1.089064874911759885e-02
-1.089323248287783069e-02
-1.090670961055632132e-02
-1.089045285463251071e-02
-1.089397085084117811e-02
-1.089558228878991300e-02
-1.089714801740910947e-02
-1.090156413412959012e-02
-1.090504550390776484e-02
-1.090662747460732426e-02
-1.090913888023119747e-02
-1.091070391837817982e-02
-1.091226720856538872e-02
-1.091382425796406062e-02
-1.093326918995930069e-02
-1.093131661411615198e-02
-1.093287349599096625e-02
-1.093535558951111430e-02
-1.093244715902449461e-02
-1.093053003532941381e-02
-1.093489766990448503e-02
-1.093733463615500362e-02
-1.093886512146908380e-02
-1.093245527502165193e-02
-1.093587173494680286e-02
-1.093835144726503124e-02
-1.093985838891420662e-02
-1.094133853006217828e-02
-1.094379881754621933e-02
-1.094085871014203667e-02
-1.094234826961928454e-02
-1.094382342221020959e-02
-1.094533466401690150e-02
-1.094679680140536217e-02
-1.094825787406458403e-02
-1.094095818495361555e-02
-1.094242680742102056e-02
-1.094674723784871094e-02
-1.094623243164012660e-02
-1.094765662184607122e-02
-1.095009736339523296e-02
-1.094960530365139163e-02
-1.095297205488447549e-02
-1.097440902622093609e-02
-1.084677075586472882e-02
-1.085147714223385317e-02
-1.084862668850745428e-02
-1.085106726102157311e-02
-1.085248396323427490e-02
-1.085588934673996885e-02
-1.085732637298644082e-02
-1.085638180778925564e-02
-1.140152924080302561e-02
-1.141012774551715750e-02
-1.141161130555637393e-02
-1.141409510837303881e-02
-1.141688158833431208e-02
-1.141934523187942627e-02
-1.142163188432105715e-02
-1.110126885299260110e-02
-1.110359046681163100e-02
-1.110585655734045232e-02
-1.110724412884958080e-02
-1.111055791769238743e-02
-1.110855809076619072e-02
-1.110247902879837011e-02
-1.110134938120490612e-02
-1.110141530885600664e-02
-1.110379515111721213e-02
-1.110522071513009995e-02
-1.110754592118487656e-02
-1.111090247450142489e-02
-1.111226799585002430e-02
-1.111371108145678237e-02
-1.111613121970825638e-02
-1.111756584866790271e-02
-1.111897115250936631e-02
-1.112039752840765852e-02
-1.112181648166832466e-02
-1.112423282172767154e-02
-1.112566642162022938e-02
-1.113000250413024445e-02
-1.113244416907645772e-02
-1.112953513191109085e-02
-1.113196054818223202e-02
-1.113533544891390052e-02
-1.113768163122821377e-02
-1.113917824371506334e-02
-1.114160244377934532e-02
-1.114301235095971516e-02
-1.146867501200262741e-02
-1.147225119557593841e-02
-1.147488343833101034e-02
-1.147643416103367141e-02
-1.147564454112236752e-02
-1.147921556040570196e-02
-1.148577356737534583e-02
-1.148737476363687927e-02
-1.148459145432505733e-02
-1.148719986822810055e-02
-1.149076286923876415e-02
-1.149431620919059635e-02
-1.149791999450484187e-02
-1.150247691518571820e-02
-1.150409343851562134e-02
-1.150571761297061908e-02
-1.150731503728669863e-02
-1.150793264421870639e-02
-1.151052262077941098e-02
-1.151208567832705601e-02
-1.151369464039788022e-02
-1.151828414505765702e-02
-1.151987925304295661e-02
-1.152148542462019636e-02
-1.152308386537188693e-02
-1.152469898884667804e-02
-1.152829072935634969e-02
-1.152949890343666142e-02
-1.153307327372725573e-02
-1.153566256955481859e-02
-1.153725309934070312e-02
-1.153886447222156504e-02
-1.154052640100648210e-02
-1.154304573923840317e-02
-1.154465568475936815e-02
-1.154819982479140909e-02
-1.154981332553979556e-02
-1.155040183254200589e-02
-1.155197172751850666e-02
-1.155354716623993062e-02
-1.155613342852987620e-02
-1.154896171190433231e-02
-1.155052257086524627e-02
-1.155307727008392585e-02
-1.155024233408577343e-02
-1.155377336012482214e-02
-1.155537320804099662e-02
-1.155689721742938700e-02
-1.156037279640911505e-02
-1.156396164804851003e-02
-1.156544087753781126e-02
-1.156798784336226724e-02
-1.156955544028492877e-02
-1.157404812472858854e-02
-1.158093009135682458e-02
-1.158246391112422932e-02
-1.158497779555513543e-02
-1.158507178542467729e-02
-1.158858047915509518e-02
-1.159106163911242070e-02
-1.159244375261427040e-02
-1.159591088433517200e-02
-1.159595253467210832e-02
-1.160047956488615729e-02
-1.159517102929616059e-02
-1.159524231269234290e-02
-1.158795575530742646e-02
-1.159640726572363882e-02
-1.159011412332756896e-02
-1.129712035586210965e-02
-1.129859643322100003e-02
-1.130107074352170934e-02
-1.130568666489361294e-02
-1.130376420472689776e-02
-1.130527337536948486e-02
-1.130666821523078520e-02
-1.131021666947192375e-02
-1.131168358028551701e-02
-1.131519266755303191e-02
-1.131868752811033066e-02
-1.132112611142072588e-02
-1.132258207955981477e-02
-1.132404858673148607e-02
-1.132856272419997812e-02
-1.133098229258414601e-02
-1.132806517131895729e-02
-1.132954688365033803e-02
-1.133194983703355620e-02
-1.133445417126449466e-02
-1.133788668963221780e-02
-1.133940121201999253e-02
-1.134082443169433414e-02
-1.134325715424120730e-02
-1.134569892097578130e-02
-1.134712672038874250e-02
-1.134950714954468219e-02
-1.135098579177708754e-02
-1.135342146980912285e-02
-1.135485835453015763e-02
-1.135630809363738329e-02
-1.135768571880890233e-02
-1.135910501631137021e-02
-1.135174110668773877e-02
-1.135147211389420270e-02
-1.135393292854824238e-02
-1.135534574921629077e-02
-1.135672662921751244e-02
-1.135813988076537356e-02
-1.136157455062479851e-02
-1.136299136324927551e-02
-1.136434285275298578e-02
-1.136573416232513310e-02
-1.136279259266890357e-02
-1.136619923995123814e-02
-1.136319155896973326e-02
-1.136664009542638805e-02
-1.137110210062204120e-02
-1.136710258129723129e-02
-1.136843314683940939e-02
-1.137089786376560378e-02
-1.137095703408364834e-02
-1.137232900203555622e-02
-1.137474976701855454e-02
-1.069078406437971862e-02
-1.068959098414957141e-02
-1.069165005880543841e-02
-1.069269632928133811e-02
-1.069473688639592350e-02
-1.069590540885379144e-02
-1.069701804813734738e-02
-1.069388995912680732e-02
-1.069596234183859025e-02
-1.069798232623654817e-02
-1.069913892122835788e-02
-1.070026614051419397e-02
-1.070141292475894346e-02
-1.070255867960099444e-02
-1.070370959104387752e-02
-1.070488426555587722e-02
-1.070603823713254903e-02
-1.070713107050620498e-02
-1.071021684160163370e-02
-1.071133092347671158e-02
-1.071351420151816884e-02
-1.071472997676547849e-02
-1.071588639929624970e-02
-1.071710294920936481e-02
-1.072019823763587648e-02
-1.072234211790080299e-02
-1.072449310141522505e-02
-1.072858104332206040e-02
-1.073171089538945029e-02
-1.073385044525065370e-02
-1.073601977745559759e-02
-1.073821005475892980e-02
-1.074038219692093066e-02
-1.074158943959255784e-02
-1.074377830402111107e-02
-1.074502960689873929e-02
-1.074719614256765265e-02
-1.074934488906394148e-02
-1.075248020968365414e-02
-1.075372052699171202e-02
-1.075493460482785692e-02
-1.075617731977266886e-02
-1.075930180082514294e-02
-1.076238461603929580e-02
-1.076361430185866427e-02
-1.076154217671003444e-02
-1.076277176871772052e-02
-1.076395921752401098e-02
-1.076093392083584364e-02
-1.076306538498294357e-02
-1.076522961720621958e-02
-1.076641066701875850e-02
-1.076851561035154468e-02
-1.076972426075363184e-02
-1.077091074394406073e-02
-1.077306965684354974e-02
-1.077519014608323798e-02
-1.077632634246840533e-02
-1.077947203126235209e-02
-1.077633025508000289e-02
-1.077747133815634348e-02
-1.077532301116526127e-02
-1.077650833373530910e-02
-1.077763183670112437e-02
-1.077876790523867902e-02
-1.077994949459712935e-02
-1.078202981915162527e-02
-1.078407542886787411e-02
-1.078525652579052224e-02
-1.078638058870253803e-02
-1.078752426788389535e-02
-1.078861603460577225e-02
-1.078644204004371339e-02
-1.078332062615649373e-02
-1.078448450785247058e-02
-1.078132009859539449e-02
-1.078239817906498539e-02
-1.078351243324247866e-02
-1.078559105904663105e-02
-1.078764536011551402e-02
-1.078455515540818581e-02
-1.078237650748172308e-02
-1.078345175928895408e-02
-1.078551939537744642e-02
-1.078857221860713735e-02
-1.078969629067363760e-02
-1.079078352950609172e-02
-1.079190841591216692e-02
-1.079304348364692329e-02
-1.079416917410223019e-02
-1.079526064391000788e-02
-1.079833849051025675e-02
-1.079945387645811147e-02
-1.080058046430668051e-02
-1.080362182771148205e-02
-1.080469619376237325e-02
-1.080683066005279185e-02
-1.080793900793459821e-02
-1.081006912840148243e-02
-1.081212236212420776e-02
-1.081614589724714214e-02
-1.081722313143483952e-02
-1.081935807914725760e-02
-1.082050316882023425e-02
-1.081733375011553061e-02
-1.081847938381113108e-02
-1.081966460136209000e-02
-1.698906307378150871e+01
-1.083051014672502255e-02
-1.083361334511494592e-02
-1.083473703183340797e-02
-1.083587153920886718e-02
-1.083795105473529981e-02
-1.084102442328637589e-02
-1.084305363431055554e-02
-1.084519212819089022e-02
-1.084627933275384565e-02
-1.084837455449441310e-02
-1.085046460063939303e-02
-1.085348712641858067e-02
-1.085554418832040784e-02
-1.085671798763231284e-02
-1.085779989242136555e-02
-1.085892126628055371e-02
-1.086003132371844704e-02
-1.086112111009345481e-02
-1.086218807235191444e-02
-1.086323371363663581e-02
-1.086436070724664839e-02
-1.086636356787873750e-02
-1.086744928266655807e-02
-1.086846615858713151e-02
-1.086956329456014760e-02
-1.087057316272447421e-02
-1.087164678267113146e-02
-1.087553934783873182e-02
-1.087655913455350468e-02
-1.087857105877382095e-02
-1.087958463280163345e-02
-1.087629007222110263e-02
-1.087821925690184675e-02
-1.087922872514877036e-02
-1.088021789886728548e-02
-1.088120067825894960e-02
-1.088219696230904691e-02
-1.088505804478697575e-02
-1.089086166157874833e-02
-1.089462326702292025e-02
-1.089553042348549196e-02
-1.089744243428881869e-02
-1.089838479707122727e-02
-1.090120032669471620e-02
-1.090208792725441515e-02
-1.090302086321699553e-02
-1.090391407673947828e-02
-1.090480784618537945e-02
-1.090661177411348347e-02
-1.090747150517355595e-02
-1.091021543210078312e-02
-1.091301979736516298e-02
-1.091481998646174484e-02
-1.091657450001782929e-02
-1.091740830339244656e-02
-1.092497165515401818e-02
-1.092675619231411530e-02
-1.092944180997944097e-02
-1.093024284214706363e-02
-1.093101869177104911e-02
-1.290297708628746420e+01
-1.092583726158737924e-02
-1.092660385068161197e-02
-1.092829882619542059e-02
-1.093286807463720103e-02
-1.093546966484102573e-02
-1.093809798430474614e-02
-1.094260563171658984e-02
-1.094331288614137573e-02
-1.094496812043461477e-02
-1.094563135057274178e-02
-1.094724611869239868e-02
-1.095076042397722695e-02
-1.095142174790428302e-02
-1.095296474255856405e-02
-1.094931179367124308e-02
-1.094985861341538774e-02
-1.095052019597394198e-02
-1.095102607714870321e-02
-1.095162763489053621e-02
-1.095210659967829972e-02
-1.095363568059946890e-02
-1.095513802648917165e-02
-1.095659855280744534e-02
-1.095807609784472079e-02
-1.095716098491832276e-02
-1.095763654344542731e-02
-1.095812278277493064e-02
-1.095855686214520369e-02
-1.095903907124316790e-02
-1.096045195024497425e-02
-1.096087243009780804e-02
-1.096221370781970926e-02
-1.096262970702754740e-02
-1.096403162173117951e-02
-1.096633889000033987e-02
-1.096668068702218862e-02
-1.096705628309818659e-02
-1.096835459792528528e-02
-1.096966509343490562e-02
-1.095544473868193848e-02
-1.095576418215127301e-02
-1.095798999452200773e-02
-1.095829810465383247e-02
-1.095859456100495115e-02
-1.095885711437474992e-02
-1.096009023811143554e-02
-1.096129176048059144e-02
-1.096825981539103871e-02
-1.097810947604146645e-02
-1.098412872116408950e-02
-1.098624191196139431e-02
-1.098649185026631496e-02
-1.098952696831574649e-02
-1.099074565827277451e-02
-1.099089170828107531e-02
-1.099107854185822283e-02
-1.099409911792743021e-02
-1.099431565095265392e-02
-1.099451296993362269e-02
-1.099658165675341734e-02
-1.099329119701688423e-02
-1.099346369802996215e-02
-1.099352471431730600e-02
-1.099368536496294138e-02
-1.099378239854482270e-02
-1.098960063440622414e-02
-1.098968407673635815e-02
-1.098644926207372960e-02
-1.087558644331459642e-02
-1.088205806103578061e-02
-1.088327625651722141e-02
-1.088446321200597401e-02
-1.088469553203908619e-02
-1.088586297279827558e-02
-1.088607943335664734e-02
-1.088820890775492149e-02
-1.088842031352927481e-02
-1.088855669122055191e-02
-1.088972704635520102e-02
-1.089085300407793486e-02
-1.089104868511107591e-02
-1.088927072458242828e-02
-1.089711487464709548e-02
-1.089627247966642141e-02
-1.089634160240001912e-02
-1.089745179353543078e-02
-1.089754086764524108e-02
-1.089764311011707718e-02
-1.089873068418298688e-02
-1.089879168547769686e-02
-1.089886923667124016e-02
-1.089991790272799334e-02
-1.089990827471903553e-02
-1.090096224131448591e-02
-1.090091882794959159e-02
-1.090096156425542605e-02
-1.090193698639560158e-02
-1.090385115340272194e-02
-1.090378924619510650e-02
-1.090384994006098583e-02
-1.090379210082119410e-02
-1.090379282258443008e-02
-1.090377362733058013e-02
-1.090462756572723076e-02
-1.090457186569233558e-02
-1.090542509373953854e-02
-1.090534925610792301e-02
-1.090520932210526685e-02
-1.090606885310043371e-02
-1.090689987827643016e-02
-1.090676114565736210e-02
-1.090757786221424608e-02
-1.090742798578101663e-02
-1.090730414735764132e-02
-1.090809137906919787e-02
-1.090880261560550277e-02
-1.090956169424455585e-02
-1.091123081069471368e-02
-1.091200347588716993e-02
-1.091266501874857756e-02
-1.091246613525512568e-02
-1.091220985563174165e-02
-1.091196358914500210e-02
-1.091168736988846165e-02
-1.091141697521284641e-02
-1.150992520345306147e+01
-1.090592812054754293e-02
-1.090752765767345756e-02
-1.090816728841213085e-02
-1.090879706462517459e-02
-1.090839104608331070e-02
-1.090900994081126993e-02
-1.090961417389780565e-02
-1.091008412350909056e-02
-1.090975645930077065e-02
-1.090930860387637376e-02
-1.090987392138147334e-02
-1.090942973719062972e-02
-1.090901621893865941e-02
-4.340382172883845868e+01
-1.092992675040713353e-02
-1.092951165342828657e-02
-1.060775293251460007e-02
-1.060869699582516791e-02
-1.061290877960276852e-02
-1.061298166878296353e-02
-1.061334588574683498e-02
-1.061275329817468888e-02
-1.058897822145088083e-02
-1.061064087382602127e-02
-1.061187528150205756e-02
-1.061226340012426557e-02
-1.061090164077672059e-02
-1.061114609351489213e-02
-1.060520646059658241e-02
-1.060455754797199994e-02
-1.060385594138343011e-02
-1.060309261585798239e-02
-1.060425477584376469e-02
-1.060352852522238910e-02
-1.060280946326291190e-02
-1.060203871469703532e-02
-1.060221094747381548e-02
-1.060140228549271389e-02
-1.060069574099124605e-02
-1.060081344862711869e-02
-1.059998601792195606e-02
-1.060010204137536508e-02
-1.059073251449454273e-02
-1.059084934191006390e-02
-1.059098167872460187e-02
-1.059011618948291732e-02
-1.059020462155850321e-02
-1.058506264683982227e-02
-1.058419496803026695e-02
-1.058331144073773600e-02
-1.058238385551583949e-02
-1.058246866848728575e-02
-1.058251252324742334e-02
-1.058162040916051094e-02
-1.057977847900370277e-02
-1.057888485650953364e-02
-1.057036815572118954e-02
-1.056942710186945487e-02
-1.056949111503228435e-02
-1.056855297918297791e-02
-1.056762250611855379e-02
-1.056858453209958380e-02
-1.056762314774453877e-02
-1.056762206494559278e-02
-1.056765647569651335e-02
-1.056866303254404803e-02
-1.056766249828482336e-02
-1.056670690659507195e-02
-1.056670625983941077e-02
-1.056675795302291360e-02
-1.056154071171345674e-02
-1.056151775394902417e-02
-1.056054593068204810e-02
-1.055962862860519366e-02
-1.055862776539934211e-02
-1.055774300600959177e-02
-1.055773382841364814e-02
-1.055871740274597417e-02
-1.055774118450922977e-02
-1.055442696823657989e-02
-1.055526426923381576e-02
-1.055537447668669984e-02
-1.055446217010701238e-02
-1.055344768112362504e-02
-1.055346643482624885e-02
-1.055441421001787443e-02
-1.055446163370958590e-02
-1.055344880675980132e-02
-1.055253362801963739e-02
-1.055346992090411273e-02
-1.055348482556580335e-02
-1.055349534101249209e-02
-1.054833490894695192e-02
-1.054828483578070311e-02
-1.054928308281235204e-02
-1.054411265906568529e-02
-1.054320245245582779e-02
-1.054223624789963655e-02
-1.054127077859189424e-02
-1.054038131910460183e-02
-1.054039949253839092e-02
-1.054040379189459357e-02
-1.054045243132601187e-02
-1.053951022753928102e-02
-1.053858248694428817e-02
-1.053958351159323646e-02
-1.053865755162344819e-02
-1.053869800969521597e-02
-1.053967310535613294e-02
-1.054069600271674567e-02
-1.053974560967708453e-02
-1.053466309201230022e-02
-1.053371806399950976e-02
-1.053283405523041880e-02
-1.053287465917551909e-02
-1.053196908391495698e-02
-1.053203959180539807e-02
-1.053400175212399273e-02
-1.053407138082135958e-02
-1.053412095258804936e-02
-1.053324512455935426e-02
-1.053336321382531207e-02
-1.053246163716380079e-02
-1.053250346511738766e-02
-1.053448984175616929e-02
-1.053356126338613960e-02
-1.053366874418121268e-02
-1.053376938492910087e-02
-1.053289654785528537e-02
-1.053194800212431913e-02
-1.053490857624212948e-02
-1.053406360489206155e-02
-1.053408522600809624e-02
-1.053325294256934365e-02
-1.053237850893292381e-02
-1.053151512902678402e-02
-1.053069027431505211e-02
-1.053069395008675822e-02
-1.052987934824272526e-02
-1.052991318945615574e-02
-1.052998588596132552e-02
-1.053104137179831576e-02
-1.053107223777018965e-02
-1.053017874124434136e-02
-1.052932150964921813e-02
-1.052842318107503720e-02
-1.052852878760904970e-02
-1.052664963427998868e-02
-1.052582012004466168e-02
-1.051742781368539617e-02
-1.051652052581197178e-02
-1.051560294439039291e-02
-1.051472237605847494e-02
-1.051057270787431400e-02
-1.051060182753098607e-02
-1.050968297975865030e-02
-1.050973959082377070e-02
-1.050976098937090805e-02
-1.050887402677081091e-02
-1.050889397580701858e-02
-1.050797848956554724e-02
-1.050893951283689114e-02
-1.051090197144061850e-02
-1.050277164905986417e-02
-1.049191093280526545e-02
-1.049102578947241383e-02
-1.049106879728346764e-02
-1.049010195413521349e-02
-1.048919200545620802e-02
-1.048832075007110481e-02
-1.048741188437682728e-02
-1.048843260641418342e-02
-1.048752387283437976e-02
-1.048848695351475326e-02
-1.048756328141810940e-02
-1.048668995847605936e-02
-1.048673624216881796e-02
-1.048586425651447211e-02
-1.048499858020010556e-02
-1.048508676056136325e-02
-1.048514528667068325e-02
-1.048430326580496522e-02
-1.048625917291854011e-02
-1.048538857902751864e-02
-1.048456732658392503e-02
-1.048463697160353231e-02
-1.048382547311059280e-02
-1.048297801362500954e-02
-1.048210605243361099e-02
-1.048321097092015826e-02
-1.048233083294422205e-02
-1.048152164662123111e-02
-1.048069346702399859e-02
-1.047988889506821023e-02
-1.048003942212421581e-02
-1.048203653156963913e-02
-1.048216838414014335e-02
-1.048130014896219049e-02
-1.048050963779910416e-02
-1.047971020241602290e-02
-1.047892315901061133e-02
-1.047907077917521745e-02
-1.047498646071398296e-02
-1.047510735970097299e-02
-1.047430807725095031e-02
-1.047350119238611710e-02
-1.047271562141747700e-02
-1.047190189723637248e-02
-1.047116580616853920e-02
-1.047140016456296965e-02
-1.047340792288674848e-02
-1.046845881576293977e-02
-2.259935601859364951e+01
-1.046958342294273051e-02
-1.046973546600926327e-02
-1.046890140718614685e-02
-1.046810081192439505e-02
-1.046728041690937056e-02
-1.046233279168901943e-02
-1.046147389504723316e-02
-1.046249896849550665e-02
-1.046170427749678992e-02
-1.046273938008680446e-02
-1.046194390461699895e-02
-1.046204629286267423e-02
-1.046218846113883272e-02
-1.046139623917280090e-02
-1.045730286823571935e-02
-1.045650472288387790e-02
-1.045849273103374895e-02
-1.045758347214782030e-02
-1.045682517170486332e-02
-1.045690765679851628e-02
-1.045610839919865025e-02
-1.045526075574102452e-02
-1.045446941311547334e-02
-1.045363099092400626e-02
-1.044956334952823300e-02
-1.044870864485905083e-02
-1.044469205605690586e-02
-1.044383367069351073e-02
-1.044298525024860494e-02
-1.044311323463193060e-02
-1.044233054792176665e-02
-1.044143819622079562e-02
-1.044067030994198786e-02
-1.044076685657638164e-02
-1.044089681106452269e-02
-1.044095609183537561e-02
-1.044017750999972488e-02
-1.043932010387586123e-02
-1.043852765114377905e-02
-1.043771471448703796e-02
-1.043688770324124881e-02
-1.043603084295767307e-02
-1.043523382376864740e-02
-1.043445093480848893e-02
-1.043357951690396246e-02
-1.043278623876970138e-02
-1.043381724077922616e-02
-1.043395607156446213e-02
-1.043595144731482641e-02
-1.043700912554781403e-02
-1.043620313685794318e-02
-1.043538025329561122e-02
-1.043736331150970156e-02
-1.043329594349499956e-02
-1.043346834559591083e-02
-1.043450512382875818e-02
-1.043374040521968457e-02
-1.043289338222130359e-02
-1.043300933539746678e-02
-1.043315354548360503e-02
-1.043227073435983726e-02
-1.043152989680579124e-02
-1.043160769077276263e-02
-1.043077047717205948e-02
-1.043094683266652251e-02
-1.043107309428717606e-02
-1.043021682010340442e-02
-1.042938778332978302e-02
-1.042860033599181044e-02
-1.042865552685781801e-02
-1.042790181745221686e-02
-1.042796993827362940e-02
-1.042812036954726858e-02
-1.042910664669759874e-02
-1.042415455988831077e-02
-1.042332746597575063e-02
-1.041829418596910972e-02
-1.041746691592738104e-02
-1.041760946906637904e-02
-1.041673073137578884e-02
-1.041685961788220080e-02
-1.041694030232378880e-02
-1.041886135246341410e-02
-1.041803901801971986e-02
-1.041812560600825256e-02
-1.041728047278821061e-02
-1.041642188076522847e-02
-1.041141774111938902e-02
-1.041059123230455088e-02
-1.040741500719553035e-02
-1.040654032145117355e-02
-1.040567168811749876e-02
-1.040574354164447955e-02
-1.040488506574938424e-02
-1.040406253734436383e-02
-1.040312820465884476e-02
-1.040507757858054327e-02
-1.040702710880971049e-02
-1.040611753536004047e-02
-1.040525466441571088e-02
-1.040439239922605515e-02
-1.040347252632336378e-02
-1.040357549953944624e-02
-1.040451453903186788e-02
-1.040546739976888450e-02
-1.040455987591763429e-02
-1.040370768951750201e-02
-1.040370187001856024e-02
-1.040282781192661439e-02
-1.040570957045225918e-02
-1.040565967821371895e-02
-1.040393730679877414e-02
-1.040391067707738260e-02
-1.040299778644875051e-02
-1.040211555120669484e-02
-1.040119188711467572e-02
-1.040032420745473814e-02
-1.039939426275135297e-02
-1.039846495181251038e-02
-1.039751340461873320e-02
-1.039938117022122348e-02
-1.039846682089600079e-02
-1.039750347822194186e-02
-1.039758460889682150e-02
-1.039660995031171237e-02
-1.039565370817132489e-02
-1.039564661586251347e-02
-1.039471870832476413e-02
-1.039836659551688323e-02
-1.040113761293527672e-02
-1.040295443072041838e-02
-1.040201945253494374e-02
-1.039692433025112862e-02
-1.039599201184020563e-02
-1.039087462479866032e-02
-1.039083539174585555e-02
-1.039167345287711139e-02
-1.039075277071459420e-02
-1.038977584068531169e-02
-1.037894838718799589e-02
-1.037893132270729935e-02
-1.037986992020733037e-02
-1.037887158409579215e-02
-1.037788501424605214e-02
-1.037695566224192123e-02
-1.037692306793549374e-02
-1.037685091690456266e-02
-1.037586969777886010e-02
-1.037674899755401149e-02
-1.037856587640443272e-02
-1.037851913076841444e-02
-1.038031625613484478e-02
-1.012018111772037404e-02
-1.012120742568852622e-02
-1.012116317640238301e-02
-1.012030014074504283e-02
-1.011622884832331405e-02
-1.011535284107095527e-02
-1.011444346492207207e-02
-1.011542522524050587e-02
-1.011452549848247846e-02
-1.011368958198541335e-02
-1.011275949108826448e-02
-1.011277830129911001e-02
-1.011188210613606607e-02
-1.011193797143942162e-02
-1.011199276340820144e-02
-1.011109057269636742e-02
-1.011112627440714611e-02
-1.011022438500864228e-02
-1.010617581437132581e-02
-1.010527323237042814e-02
-1.010437629709844479e-02
-1.010352112474803207e-02
-1.010352625095706398e-02
-1.010356778392599783e-02
-1.010357039331539336e-02
-1.010360947158062822e-02
-1.010271168933335982e-02
-1.010271449379906289e-02
-1.010179821465921439e-02
-1.010092768379115477e-02
-1.009590558038649111e-02
-1.009586429627460855e-02
-1.009587599386239584e-02
-1.009499887250819676e-02
-1.009501847224796543e-02
-1.009406314401293560e-02
-1.009409216127099551e-02
-1.009316430418232512e-02
-1.009226938040898996e-02
-1.009131730122487906e-02
-1.009037212378039589e-02
-1.009032054735685760e-02
-1.009125003848128886e-02
-1.009033055361809039e-02
-1.008942152983557071e-02
-1.008846751305424172e-02
-1.008433011089933037e-02
-1.008344694702794156e-02
-1.008247744823661043e-02
-1.008148752294901057e-02
-1.007967358338010891e-02
-1.007872503989745878e-02
-1.007774353112832720e-02
-1.007678959617887109e-02
-1.007863683220451556e-02
-1.007862357399157832e-02
-1.007767811716187359e-02
-1.007762165005790349e-02
-1.007665535831070956e-02
-1.007574100469951078e-02
-1.007663038378216712e-02
-1.007656443062488957e-02
-1.007560461949831565e-02
-1.007468427473854483e-02
-1.007369948400204350e-02
-1.007367356251331024e-02
-1.007367504591388449e-02
-1.007358934780946784e-02
-1.007357865946747512e-02
-1.007356990605065040e-02
-1.007440463504867545e-02
-1.007345145097478939e-02
-1.007246404174649487e-02
-1.007150174106892504e-02
-1.007052531364007776e-02
-1.007055354140353604e-02
-1.007043896208256566e-02
-1.006952820854415884e-02
-1.006854009733907859e-02
-1.006755965289600659e-02
-1.006658659353009896e-02
-1.006743984042939716e-02
-1.006827750144085633e-02
-1.006733036145131266e-02
-1.006819210537970508e-02
-1.006717225915720881e-02
-1.006623562680595066e-02
-1.006521735126268344e-02
-1.006422982544595557e-02
-1.006323095681323915e-02
-1.006316288871764338e-02
-1.006215351272828767e-02
-1.006211047116168690e-02
-1.006109859930852737e-02
-1.792031530203708201e+01
-1.006086182281526811e-02
-1.005990058710237202e-02
-1.006072933558926560e-02
-1.005966159178238797e-02
-1.006049887914983558e-02
-1.006039857954888622e-02
-1.005933660635493880e-02
-1.005833258497081280e-02
-1.005909117765173624e-02
-1.005807114562486983e-02
-1.005700415171134447e-02
-1.005777378936131491e-02
-1.005669808778743984e-02
-1.005564645442087214e-02
-1.005462720871976370e-02
-1.005449271555235863e-02
-1.005338460014641722e-02
-1.005410294378674720e-02
-1.005397681070480456e-02
-1.005290151934653056e-02
-1.005268108657052760e-02
-1.005251909550147586e-02
-1.005143544844174473e-02
-1.005031630080039859e-02
-1.005012612503812866e-02
-1.004994309250913792e-02
-1.005155508630410123e-02
-1.005043036266461270e-02
-1.004931913487860061e-02
-1.004906589183075100e-02
-1.004795142102759414e-02
-1.004770313690779050e-02
-1.004747906694350781e-02
-1.005127970410714389e-02
-1.005012959960101260e-02
-1.005077080209625454e-02
-1.004961831802219686e-02
-1.004846945025371190e-02
-1.005366049644876650e-02
-1.005245123883452552e-02
-1.005221806686437507e-02
-1.004776935439690745e-02
-1.004660834224694113e-02
-1.004539107380652586e-02
-1.004602577632231382e-02
-1.004483683450169140e-02
-1.004362579464270280e-02
-1.004241421076382777e-02
-1.004206720505274389e-02
-1.004080709795032375e-02
-1.003956032211300933e-02
-1.003926961105195206e-02
-1.003797975974535066e-02
-1.003673677868663523e-02
-1.003730260750727507e-02
-1.003880465267093826e-02
-1.003754681336178206e-02
-1.003625289130608694e-02
-1.003497515054257126e-02
-1.003458828247808660e-02
-1.003426627250923742e-02
-1.003298308854399558e-02
-1.003165898959206860e-02
-1.003037952085075041e-02
-1.002592575939135165e-02
-1.002553440927727614e-02
-1.002514526759090176e-02
-1.002380142454255794e-02
-1.002253886153315482e-02
-1.002122232585228589e-02
-1.001989885082845907e-02
-1.001862279213210777e-02
-1.001726090151008886e-02
-1.001682419512589170e-02
-1.001641339505940712e-02
-1.001505399353215010e-02
-1.001060758542122488e-02
-1.001015968854776679e-02
-1.000967175137093719e-02
-1.000925332139623522e-02
-1.000881883151391767e-02
-1.000742632770991285e-02
-1.000607739300358665e-02
-1.000474481950559304e-02
-1.000426620194338340e-02
-1.000286920968770574e-02
