0.000000000000000000e+00
0.000000000000000000e+00
0.000000000000000000e+00
0.000000000000000000e+00
0.000000000000000000e+00
0.000000000000000000e+00
0.000000000000000000e+00
0.000000000000000000e+00
0.000000000000000000e+00
0.000000000000000000e+00
3.370785558948208305e+00
2.835780909245984471e+00
2.397043520927350180e+00
2.034721862230711942e+00
1.733099275421244423e+00
1.479838677697616012e+00
1.265311664764223964e+00
1.082159933920148420e+00
9.247725856897396346e-01
7.889330191659045255e-01
6.714765200284584790e-01
5.699790234437726033e-01
4.825473005244741986e-01
4.075955460219785054e-01
3.437286524383701969e-01
2.896564768478627205e-01
2.441467802017684152e-01
2.060321717547851372e-01
1.742053418542421073e-01
1.476469824490894978e-01
1.254439853519073167e-01
1.068002366405708392e-01
9.104820658897043451e-02
7.763971856520797410e-02
6.613951849295879315e-02
5.621016356763549465e-02
4.759388159641861349e-02
4.009796232871624261e-02
3.357579764523163646e-02
2.791449029073601179e-02
2.302341667828581087e-02
1.882514648840673613e-02
1.525139537006019695e-02
1.223693462993005916e-02
9.719950672438928962e-03
7.640969747165724316e-03
5.942340307310365471e-03
4.570302244450101699e-03
3.474574683002115173e-03
2.609736891366415228e-03
6.551621590037405747e-03
