1.756000000000000061e-01
1.539000000000000090e-01
1.610000000000000042e-01
1.507000000000000006e-01
1.511000000000000121e-01
1.401999999999999913e-01
1.353000000000000036e-01
1.421000000000000041e-01
1.370000000000000107e-01
1.448000000000000120e-01
1.338000000000000023e-01
1.413000000000000089e-01
1.330999999999999961e-01
1.317000000000000115e-01
1.438000000000000111e-01
1.449999999999999900e-01
1.403000000000000080e-01
1.413999999999999979e-01
1.287000000000000088e-01
1.388999999999999957e-01
1.323999999999999899e-01
1.365000000000000102e-01
1.337000000000000133e-01
1.310000000000000053e-01
1.469999999999999918e-01
1.423000000000000098e-01
1.373999999999999944e-01
1.766999999999999960e-01
1.569000000000000117e-01
1.365999999999999992e-01
1.418999999999999984e-01
1.373999999999999944e-01
1.471999999999999975e-01
1.406000000000000028e-01
1.355999999999999983e-01
1.373000000000000054e-01
1.212000000000000022e-01
1.845999999999999863e-01
1.524000000000000077e-01
1.398000000000000076e-01
1.406999999999999917e-01
1.443000000000000116e-01
1.466999999999999971e-01
1.348999999999999921e-01
1.446999999999999953e-01
1.385000000000000120e-01
1.368999999999999939e-01
1.325000000000000067e-01
1.423999999999999988e-01
1.342000000000000137e-01
1.317000000000000115e-01
1.333999999999999908e-01
1.353000000000000036e-01
1.330999999999999961e-01
1.421999999999999931e-01
1.337000000000000133e-01
1.328999999999999904e-01
1.257000000000000062e-01
1.218000000000000055e-01
1.285000000000000031e-01
1.226000000000000006e-01
1.265000000000000013e-01
1.330000000000000071e-01
1.280000000000000027e-01
1.361999999999999877e-01
1.330999999999999961e-01
2.119999999999999940e-01
1.748000000000000109e-01
1.428999999999999992e-01
1.502999999999999892e-01
1.411999999999999922e-01
1.328000000000000014e-01
1.302999999999999992e-01
1.203000000000000042e-01
1.313999999999999890e-01
3.720999999999999863e-01
2.218999999999999861e-01
1.892000000000000071e-01
1.829999999999999960e-01
1.610999999999999932e-01
1.600999999999999923e-01
1.472999999999999865e-01
1.456999999999999962e-01
1.537000000000000033e-01
1.550999999999999879e-01
1.481999999999999984e-01
1.458000000000000129e-01
1.537000000000000033e-01
1.512000000000000011e-01
6.415999999999999481e-01
4.060000000000000275e-01
2.763999999999999790e-01
2.812000000000000055e-01
1.991999999999999882e-01
1.955999999999999961e-01
1.927000000000000102e-01
2.117999999999999883e-01
1.899000000000000132e-01
1.665999999999999981e-01
1.598999999999999866e-01
1.706999999999999906e-01
1.663999999999999924e-01
1.726000000000000034e-01
1.685000000000000109e-01
1.663000000000000034e-01
1.600999999999999923e-01
1.613999999999999879e-01
1.519000000000000072e-01
1.544999999999999984e-01
1.436000000000000054e-01
1.461999999999999966e-01
1.406999999999999917e-01
1.373000000000000054e-01
1.388000000000000067e-01
1.524000000000000077e-01
1.507999999999999896e-01
1.376000000000000001e-01
1.411999999999999922e-01
1.534000000000000086e-01
1.489000000000000046e-01
1.468000000000000138e-01
1.486999999999999988e-01
1.340999999999999970e-01
1.285999999999999921e-01
1.376000000000000001e-01
1.360999999999999988e-01
1.310999999999999943e-01
1.272999999999999965e-01
1.391000000000000014e-01
1.323999999999999899e-01
1.476999999999999980e-01
1.406000000000000028e-01
1.328000000000000014e-01
1.290999999999999925e-01
1.381999999999999895e-01
1.262999999999999956e-01
1.361999999999999877e-01
1.497999999999999887e-01
1.353999999999999926e-01
1.386999999999999900e-01
1.353000000000000036e-01
1.252000000000000057e-01
1.396000000000000019e-01
1.247000000000000053e-01
1.792999999999999872e-01
1.353000000000000036e-01
1.363999999999999935e-01
1.426999999999999935e-01
1.386999999999999900e-01
1.313000000000000000e-01
1.318999999999999895e-01
1.411000000000000032e-01
1.236000000000000015e-01
1.255000000000000004e-01
1.413999999999999979e-01
1.385000000000000120e-01
1.302999999999999992e-01
2.023999999999999966e-01
1.585999999999999910e-01
1.398000000000000076e-01
1.444000000000000006e-01
1.491000000000000103e-01
1.368999999999999939e-01
1.499999999999999944e-01
1.472999999999999865e-01
1.325000000000000067e-01
1.181999999999999995e-01
1.267999999999999960e-01
1.413000000000000089e-01
1.441000000000000059e-01
1.307000000000000106e-01
1.255999999999999894e-01
1.356999999999999873e-01
2.101999999999999980e-01
1.633000000000000007e-01
1.658000000000000029e-01
1.426000000000000045e-01
1.428999999999999992e-01
1.322000000000000119e-01
1.408000000000000085e-01
1.368000000000000049e-01
1.159000000000000030e-01
1.807999999999999885e-01
1.569000000000000117e-01
1.446999999999999953e-01
1.272000000000000075e-01
1.504000000000000059e-01
1.332000000000000128e-01
1.476000000000000090e-01
1.409999999999999865e-01
1.199999999999999956e-01
1.406000000000000028e-01
1.363999999999999935e-01
1.360999999999999988e-01
1.335000000000000075e-01
1.327000000000000124e-01
1.302000000000000102e-01
1.345999999999999974e-01
1.318000000000000005e-01
1.252000000000000057e-01
1.236000000000000015e-01
1.285999999999999921e-01
1.228999999999999954e-01
1.393999999999999961e-01
1.262000000000000066e-01
1.282999999999999974e-01
1.315000000000000058e-01
1.458000000000000129e-01
1.320999999999999952e-01
1.232000000000000040e-01
1.275999999999999912e-01
1.247999999999999943e-01
1.754000000000000004e-01
1.484999999999999931e-01
1.438000000000000111e-01
1.451999999999999957e-01
1.312000000000000111e-01
1.292000000000000093e-01
1.376000000000000001e-01
1.444000000000000006e-01
1.356999999999999873e-01
1.292000000000000093e-01
1.383999999999999952e-01
1.282000000000000084e-01
1.221000000000000002e-01
1.272999999999999965e-01
1.413000000000000089e-01
1.323999999999999899e-01
1.350000000000000089e-01
1.796000000000000096e-01
1.593999999999999861e-01
1.514999999999999958e-01
1.343000000000000027e-01
1.297000000000000097e-01
1.337000000000000133e-01
1.323000000000000009e-01
1.328999999999999904e-01
1.199000000000000066e-01
1.360999999999999988e-01
1.386999999999999900e-01
1.202000000000000013e-01
1.351999999999999869e-01
1.318999999999999895e-01
1.313999999999999890e-01
1.388999999999999957e-01
1.233000000000000068e-01
1.398000000000000076e-01
1.353999999999999926e-01
1.323999999999999899e-01
1.406000000000000028e-01
1.333999999999999908e-01
1.173000000000000015e-01
1.269000000000000128e-01
1.287999999999999978e-01
1.333000000000000018e-01
1.242999999999999938e-01
1.227000000000000035e-01
1.358999999999999930e-01
1.348999999999999921e-01
1.239999999999999991e-01
1.313000000000000000e-01
1.215999999999999998e-01
1.300000000000000044e-01
1.160999999999999949e-01
1.250000000000000000e-01
1.426000000000000045e-01
1.257000000000000062e-01
2.124000000000000055e-01
1.675000000000000100e-01
1.414999999999999869e-01
2.255000000000000060e-01
1.847000000000000031e-01
1.565000000000000002e-01
1.514000000000000068e-01
1.385000000000000120e-01
1.401999999999999913e-01
1.398999999999999966e-01
1.419999999999999873e-01
1.378000000000000058e-01
1.418000000000000094e-01
1.280000000000000027e-01
1.293999999999999873e-01
1.338999999999999913e-01
1.320999999999999952e-01
1.292000000000000093e-01
1.386999999999999900e-01
1.221000000000000002e-01
1.217000000000000026e-01
1.226000000000000006e-01
1.293999999999999873e-01
1.928999999999999881e-01
1.547000000000000042e-01
1.353000000000000036e-01
1.366999999999999882e-01
1.471999999999999975e-01
1.403000000000000080e-01
1.355999999999999983e-01
1.370000000000000107e-01
1.333999999999999908e-01
1.375000000000000111e-01
1.203999999999999931e-01
1.231000000000000011e-01
2.837999999999999967e-01
1.920999999999999930e-01
1.685000000000000109e-01
1.532999999999999918e-01
1.524999999999999967e-01
1.489000000000000046e-01
1.476000000000000090e-01
1.418999999999999984e-01
1.494999999999999940e-01
1.403999999999999970e-01
1.373999999999999944e-01
1.269000000000000128e-01
1.340000000000000080e-01
1.451999999999999957e-01
1.761999999999999955e-01
1.506000000000000116e-01
1.482999999999999874e-01
1.290000000000000036e-01
1.496000000000000107e-01
1.297999999999999987e-01
1.313000000000000000e-01
1.409999999999999865e-01
1.411999999999999922e-01
1.298999999999999877e-01
2.151000000000000134e-01
1.539999999999999980e-01
1.477999999999999869e-01
1.492999999999999883e-01
1.325000000000000067e-01
1.454999999999999905e-01
1.295999999999999930e-01
1.476000000000000090e-01
1.378999999999999948e-01
1.270000000000000018e-01
1.335000000000000075e-01
1.280999999999999917e-01
1.337000000000000133e-01
1.395000000000000129e-01
1.340999999999999970e-01
1.257999999999999952e-01
1.269000000000000128e-01
1.360999999999999988e-01
1.214999999999999969e-01
1.285999999999999921e-01
1.337000000000000133e-01
1.293999999999999873e-01
1.175999999999999962e-01
1.213000000000000050e-01
1.242999999999999938e-01
1.265999999999999903e-01
1.192000000000000004e-01
1.219999999999999973e-01
1.264000000000000123e-01
1.210999999999999993e-01
1.307000000000000106e-01
1.237000000000000044e-01
1.277999999999999969e-01
1.282000000000000084e-01
1.160999999999999949e-01
1.131999999999999951e-01
1.214999999999999969e-01
1.327000000000000124e-01
1.228999999999999954e-01
1.267000000000000071e-01
1.140999999999999931e-01
1.386999999999999900e-01
1.242999999999999938e-01
1.209999999999999964e-01
1.095000000000000001e-01
1.219999999999999973e-01
1.144000000000000017e-01
1.287000000000000088e-01
1.208000000000000046e-01
1.721999999999999920e-01
1.491999999999999993e-01
1.424999999999999878e-01
1.350999999999999979e-01
1.272999999999999965e-01
1.368999999999999939e-01
1.279000000000000137e-01
1.496999999999999997e-01
1.208000000000000046e-01
1.156999999999999973e-01
1.302000000000000102e-01
1.287999999999999978e-01
1.272000000000000075e-01
1.275000000000000022e-01
1.160000000000000059e-01
1.290000000000000036e-01
2.280000000000000082e-01
1.492999999999999883e-01
1.504000000000000059e-01
1.295000000000000040e-01
1.539999999999999980e-01
1.506000000000000116e-01
1.325999999999999956e-01
1.303999999999999881e-01
1.325999999999999956e-01
1.217000000000000026e-01
1.283999999999999864e-01
1.267999999999999960e-01
1.360999999999999988e-01
1.371999999999999886e-01
1.365999999999999992e-01
1.169000000000000039e-01
1.255000000000000004e-01
1.218999999999999945e-01
1.983000000000000040e-01
1.521000000000000130e-01
1.436000000000000054e-01
1.411999999999999922e-01
1.403000000000000080e-01
1.192000000000000004e-01
1.333999999999999908e-01
1.257000000000000062e-01
1.421999999999999931e-01
1.270999999999999908e-01
1.287999999999999978e-01
1.323999999999999899e-01
1.302000000000000102e-01
1.313999999999999890e-01
1.293999999999999873e-01
1.388000000000000067e-01
1.282000000000000084e-01
1.234999999999999987e-01
1.380000000000000115e-01
1.237000000000000044e-01
1.131000000000000061e-01
1.170000000000000068e-01
1.277999999999999969e-01
1.257000000000000062e-01
1.275000000000000022e-01
1.678999999999999937e-01
1.436999999999999944e-01
1.353999999999999926e-01
1.260000000000000009e-01
1.337000000000000133e-01
1.403999999999999970e-01
1.292000000000000093e-01
1.693000000000000060e-01
1.590999999999999914e-01
1.322000000000000119e-01
1.297000000000000097e-01
1.315999999999999948e-01
1.358000000000000040e-01
1.360000000000000098e-01
1.315000000000000058e-01
1.436000000000000054e-01
1.250000000000000000e-01
1.270000000000000018e-01
1.228999999999999954e-01
1.252999999999999947e-01
1.295000000000000040e-01
1.288999999999999868e-01
1.238999999999999962e-01
1.424999999999999878e-01
1.315000000000000058e-01
1.305999999999999939e-01
1.213000000000000050e-01
1.198000000000000037e-01
1.759000000000000008e-01
1.562000000000000055e-01
1.562000000000000055e-01
2.122999999999999887e-01
1.643000000000000016e-01
1.421999999999999931e-01
1.310999999999999943e-01
1.353000000000000036e-01
1.322000000000000119e-01
1.481999999999999984e-01
1.363000000000000045e-01
1.380000000000000115e-01
1.221000000000000002e-01
1.365000000000000102e-01
1.715000000000000135e-01
1.575000000000000011e-01
1.499999999999999944e-01
1.411999999999999922e-01
1.292000000000000093e-01
1.418999999999999984e-01
1.323000000000000009e-01
1.895999999999999908e-01
1.526000000000000134e-01
1.327000000000000124e-01
1.385000000000000120e-01
1.421999999999999931e-01
1.312000000000000111e-01
1.469000000000000028e-01
1.305999999999999939e-01
1.308999999999999886e-01
1.426000000000000045e-01
1.419999999999999873e-01
1.315999999999999948e-01
1.346999999999999864e-01
1.358000000000000040e-01
1.350999999999999979e-01
1.257999999999999952e-01
1.282999999999999974e-01
1.210999999999999993e-01
1.203999999999999931e-01
1.318000000000000005e-01
1.325000000000000067e-01
1.310000000000000053e-01
1.280000000000000027e-01
1.282000000000000084e-01
1.255000000000000004e-01
1.330999999999999961e-01
1.318000000000000005e-01
1.279000000000000137e-01
1.307999999999999996e-01
1.238999999999999962e-01
1.250999999999999890e-01
1.421000000000000041e-01
1.226000000000000006e-01
1.373999999999999944e-01
1.203000000000000042e-01
1.365000000000000102e-01
1.393999999999999961e-01
1.335999999999999965e-01
1.236000000000000015e-01
1.232000000000000040e-01
1.213000000000000050e-01
1.192000000000000004e-01
1.223000000000000059e-01
1.660999999999999976e-01
1.464999999999999913e-01
1.250999999999999890e-01
1.325999999999999956e-01
1.282999999999999974e-01
1.234999999999999987e-01
1.247000000000000053e-01
1.300999999999999934e-01
1.298999999999999877e-01
1.338000000000000023e-01
1.315000000000000058e-01
1.163000000000000006e-01
1.280000000000000027e-01
1.958999999999999908e-01
2.477000000000000035e-01
1.771999999999999964e-01
1.585999999999999910e-01
1.625000000000000056e-01
1.428999999999999992e-01
1.456999999999999962e-01
1.363999999999999935e-01
1.511000000000000121e-01
1.418000000000000094e-01
1.315999999999999948e-01
1.346999999999999864e-01
1.290999999999999925e-01
4.056000000000000161e-01
2.300000000000000100e-01
1.885999999999999899e-01
1.809000000000000052e-01
1.537000000000000033e-01
1.491999999999999993e-01
1.507000000000000006e-01
1.403999999999999970e-01
1.335000000000000075e-01
1.340999999999999970e-01
1.438000000000000111e-01
1.297000000000000097e-01
1.353000000000000036e-01
1.370999999999999996e-01
1.318000000000000005e-01
1.360999999999999988e-01
1.411999999999999922e-01
1.355999999999999983e-01
1.322000000000000119e-01
1.297999999999999987e-01
1.252000000000000057e-01
1.343999999999999917e-01
1.295999999999999930e-01
1.260999999999999899e-01
1.237000000000000044e-01
1.365000000000000102e-01
1.305999999999999939e-01
1.282999999999999974e-01
1.279000000000000137e-01
1.381000000000000005e-01
1.193000000000000033e-01
1.238999999999999962e-01
3.335000000000000187e-01
2.011000000000000010e-01
1.658000000000000029e-01
2.041000000000000036e-01
1.592999999999999972e-01
1.443000000000000116e-01
1.406999999999999917e-01
1.421000000000000041e-01
1.381999999999999895e-01
1.418999999999999984e-01
1.343999999999999917e-01
1.290000000000000036e-01
1.152999999999999997e-01
1.333999999999999908e-01
1.429999999999999882e-01
1.170000000000000068e-01
1.265999999999999903e-01
1.262000000000000066e-01
1.368999999999999939e-01
1.423000000000000098e-01
1.181999999999999995e-01
1.356999999999999873e-01
1.325999999999999956e-01
1.345000000000000084e-01
1.323999999999999899e-01
1.189000000000000057e-01
1.262000000000000066e-01
1.242000000000000048e-01
1.280000000000000027e-01
1.262000000000000066e-01
1.127999999999999975e-01
1.302999999999999992e-01
1.285000000000000031e-01
1.213000000000000050e-01
1.401000000000000023e-01
1.335999999999999965e-01
1.378999999999999948e-01
1.307000000000000106e-01
1.231000000000000011e-01
1.145000000000000046e-01
1.322000000000000119e-01
1.351999999999999869e-01
1.283999999999999864e-01
1.229999999999999982e-01
1.234999999999999987e-01
1.243999999999999967e-01
1.140000000000000041e-01
1.149000000000000021e-01
1.204999999999999960e-01
1.255000000000000004e-01
1.297000000000000097e-01
1.164000000000000035e-01
1.335999999999999965e-01
1.315999999999999948e-01
