-1.755999999999832417e-01
-1.538999999999867141e-01
-1.609999999999842391e-01
-1.506999999999864837e-01
-1.510999999999858567e-01
-1.401999999999841706e-01
-1.352999999999879299e-01
-1.420999999999823515e-01
-1.369999999999821638e-01
-1.447999999999881882e-01
-1.337999999999869571e-01
-1.412999999999888512e-01
-1.330999999999899486e-01
-1.316999999999873550e-01
-1.437999999999818590e-01
-1.449999999999851408e-01
-1.402999999999850755e-01
-1.413999999999859258e-01
-1.286999999999850208e-01
-1.388999999999840085e-01
-1.323999999999832533e-01
-1.364999999999840785e-01
-1.336999999999849698e-01
-1.309999999999885423e-01
-1.469999999999875850e-01
-1.422999999999888521e-01
-8.344123041277358155e+00
-1.766999999999762927e-01
-1.568999999999831640e-01
-1.365999999999879255e-01
-1.418999999999827621e-01
-1.373999999999834520e-01
-1.471999999999838160e-01
-1.405999999999877070e-01
-1.355999999999853989e-01
-1.372999999999821308e-01
-1.373674690601649395e+01
-1.845999999999801411e-01
-1.523999999999857691e-01
-1.397999999999844922e-01
-1.406999999999834772e-01
-1.442999999999842464e-01
-1.466999999999855364e-01
-1.348999999999831445e-01
-1.446999999999826758e-01
-1.384999999999864118e-01
-1.368999999999833961e-01
-1.324999999999858791e-01
-1.423999999999855659e-01
-1.341999999999857474e-01
-1.316999999999855508e-01
-1.333999999999836705e-01
-1.352999999999850711e-01
-1.330999999999812056e-01
-1.421999999999840059e-01
-1.336999999999874400e-01
-1.328999999999861403e-01
-1.256999999999872386e-01
-1.217999999999876265e-01
-1.284999999999837939e-01
-1.225999999999874829e-01
-1.264999999999844582e-01
-1.329999999999860738e-01
-1.279999999999823224e-01
-1.361999999999853606e-01
-9.687286338301014155e+00
-2.119999999999696572e-01
-1.747999999999729770e-01
-1.428999999999838455e-01
-1.502999999999822256e-01
-1.411999999999857258e-01
-1.327999999999796843e-01
-1.302999999999823466e-01
-1.202999999999919273e-01
-3.490662008252845538e+01
-3.720999999999592966e-01
-2.218999999999751727e-01
-1.891999999999769144e-01
-1.829999999999755711e-01
-1.610999999999829790e-01
-1.600999999999771772e-01
-1.472999999999814735e-01
-1.456999999999845086e-01
-1.536999999999816569e-01
-1.550999999999841117e-01
-1.481999999999817907e-01
-1.457999999999841367e-01
-1.536999999999785205e-01
-3.851602357750733319e+01
-6.415999999999397740e-01
-4.059999999999573950e-01
-2.763999999999781632e-01
-2.811999999999786892e-01
-1.991999999999784221e-01
-1.955999999999823435e-01
-1.926999999999826352e-01
-2.117999999999835847e-01
-1.898999999999863575e-01
-1.665999999999850933e-01
-1.598999999999849431e-01
-1.706999999999846140e-01
-1.663999999999835611e-01
-1.725999999999817403e-01
-1.684999999999832188e-01
-1.662999999999764389e-01
-1.600999999999775658e-01
-1.613999999999821411e-01
-1.518999999999819384e-01
-1.544999999999864260e-01
-1.435999999999843513e-01
-1.461999999999849531e-01
-1.406999999999824780e-01
-1.372999999999837961e-01
-1.387999999999868228e-01
-1.523999999999827992e-01
-1.507999999999844187e-01
-1.375999999999813761e-01
-1.411999999999872801e-01
-1.533999999999818564e-01
-1.488999999999881252e-01
-1.467999999999854976e-01
-1.486999999999855104e-01
-1.340999999999848147e-01
-1.285999999999877519e-01
-1.375999999999847900e-01
-1.360999999999868149e-01
-1.310999999999878929e-01
-1.272999999999888665e-01
-1.390999999999834036e-01
-1.323999999999856958e-01
-1.476999999999839552e-01
-1.405999999999856531e-01
-1.327999999999908698e-01
-1.290999999999881132e-01
-1.381999999999834472e-01
-1.262999999999876999e-01
-1.361999999999854716e-01
-1.497999999999839738e-01
-1.353999999999845605e-01
-1.386999999999834199e-01
-1.352999999999844327e-01
-1.251999999999853508e-01
-1.395999999999827657e-01
-9.724659308441188088e+00
-1.792999999999795036e-01
-1.352999999999865977e-01
-1.363999999999861990e-01
-1.426999999999821744e-01
-1.386999999999810884e-01
-1.312999999999838463e-01
-1.318999999999851125e-01
-1.410999999999841270e-01
-1.235999999999854021e-01
-1.254999999999846239e-01
-1.413999999999814017e-01
-1.384999999999809717e-01
-9.045118188716607222e+00
-2.023999999999717414e-01
-1.585999999999824217e-01
-1.397999999999855192e-01
-1.443999999999831252e-01
-1.490999999999802761e-01
-1.368999999999853667e-01
-1.499999999999835631e-01
-1.472999999999840548e-01
-1.324999999999827982e-01
-1.181999999999877871e-01
-1.267999999999863403e-01
-1.412999999999783596e-01
-1.440999999999817982e-01
-1.306999999999858275e-01
-1.255999999999872219e-01
-9.131067160350902157e+00
-2.101999999999872304e-01
-1.632999999999811824e-01
-1.657999999999841267e-01
-1.425999999999847112e-01
-1.428999999999855108e-01
-1.321999999999874664e-01
-1.407999999999858809e-01
-1.367999999999817418e-01
-1.161757730044682013e+01
-1.807999999999757579e-01
-1.568999999999844408e-01
-1.446999999999870612e-01
-1.271999999999872122e-01
-1.503999999999805770e-01
-1.331999999999828599e-01
-1.475999999999839940e-01
-1.409999999999844711e-01
-1.199999999999897121e-01
-1.405999999999867633e-01
-1.363999999999853108e-01
-1.360999999999890631e-01
-1.334999999999848252e-01
-1.326999999999866897e-01
-1.301999999999876589e-01
-1.345999999999830110e-01
-1.317999999999826255e-01
-1.251999999999842961e-01
-1.235999999999858046e-01
-1.285999999999886123e-01
-1.228999999999900450e-01
-1.393999999999825101e-01
-1.261999999999840472e-01
-1.282999999999870078e-01
-1.314999999999871549e-01
-1.457999999999844420e-01
-1.320999999999854235e-01
-1.231999999999869450e-01
-1.275999999999834766e-01
-9.142351139586967435e+00
-1.753999999999805159e-01
-1.484999999999810916e-01
-1.437999999999847733e-01
-1.451999999999847857e-01
-1.311999999999865496e-01
-1.291999999999865756e-01
-1.375999999999854562e-01
-1.443999999999800166e-01
-1.356999999999864148e-01
-1.291999999999866033e-01
-1.383999999999856456e-01
-1.281999999999852424e-01
-1.220999999999851093e-01
-1.272999999999893106e-01
-1.412999999999825507e-01
-1.323999999999858623e-01
-1.625416125834081527e+01
-1.795999999999780272e-01
-1.593999999999830552e-01
-1.514999999999859515e-01
-1.342999999999872351e-01
-1.296999999999898234e-01
-1.336999999999841926e-01
-1.322999999999844301e-01
-1.328999999999867510e-01
-1.198999999999876831e-01
-1.360999999999832066e-01
-1.386999999999823929e-01
-1.201999999999895097e-01
-1.351999999999837221e-01
-1.318999999999840300e-01
-1.313999999999804214e-01
-1.388999999999853685e-01
-1.232999999999874752e-01
-1.397999999999818832e-01
-1.353999999999863091e-01
-1.323999999999841692e-01
-1.405999999999850425e-01
-1.333999999999825603e-01
-1.172999999999880527e-01
-1.268999999999868011e-01
-1.287999999999841771e-01
-1.332999999999864571e-01
-1.242999999999842148e-01
-1.226999999999871110e-01
-1.358999999999851993e-01
-1.348999999999862531e-01
-1.239999999999889246e-01
-1.312999999999811263e-01
-1.215999999999904241e-01
-1.299999999999841838e-01
-1.160999999999879073e-01
-1.249999999999854006e-01
-1.425999999999857937e-01
-9.837263262877238290e+00
-2.123999999999689470e-01
-1.674999999999803035e-01
-1.822765833142415914e+01
-2.254999999999776350e-01
-1.846999999999765218e-01
-1.564999999999884261e-01
-1.513999999999831314e-01
-1.384999999999848852e-01
-1.401999999999852253e-01
-1.398999999999856747e-01
-1.419999999999810025e-01
-1.377999999999822978e-01
-1.417999999999858540e-01
-1.279999999999878457e-01
-1.293999999999850548e-01
-1.338999999999839763e-01
-1.320999999999849239e-01
-1.291999999999841886e-01
-1.386999999999878885e-01
-1.220999999999843322e-01
-1.216999999999879706e-01
-1.225999999999861229e-01
8.706000000000300165e-01
-1.928999999999853887e-01
-1.546999999999811859e-01
-1.352999999999832947e-01
-1.366999999999878590e-01
-1.471999999999863973e-01
-1.402999999999867131e-01
-1.355999999999829009e-01
-1.369999999999886031e-01
-1.333999999999825603e-01
-1.374999999999849398e-01
-1.203999999999871562e-01
-2.676883256549128731e+01
-2.837999999999645251e-01
-1.920999999999701002e-01
-1.684999999999749754e-01
-1.532999999999851426e-01
-1.524999999999828715e-01
-1.488999999999813528e-01
-1.475999999999811907e-01
-1.418999999999851769e-01
-1.494999999999831186e-01
-1.403999999999868686e-01
-1.373999999999834520e-01
-1.268999999999858574e-01
-1.339999999999826608e-01
-1.346647353792275936e+01
-1.761999999999799282e-01
-1.505999999999868832e-01
-1.482999999999867480e-01
-1.289999999999881242e-01
-1.495999999999854113e-01
-1.297999999999842335e-01
-1.312999999999817091e-01
-1.409999999999837772e-01
-1.411999999999826172e-01
-2.079173394633237137e+01
-2.150999999999824719e-01
-1.539999999999888125e-01
-1.477999999999827507e-01
-1.492999999999845284e-01
-1.324999999999864897e-01
-1.454999999999827820e-01
-1.295999999999852825e-01
-1.475999999999807188e-01
-1.378999999999830084e-01
-1.269999999999867901e-01
-1.334999999999854081e-01
-1.280999999999867800e-01
-1.336999999999835265e-01
-1.394999999999858020e-01
-1.340999999999862580e-01
-1.257999999999834251e-01
-1.268999999999842476e-01
-1.360999999999876753e-01
-1.214999999999878122e-01
-1.285999999999846710e-01
-1.336999999999854694e-01
-1.293999999999860817e-01
-1.175999999999916834e-01
-1.212999999999856970e-01
-1.242999999999892385e-01
-1.265999999999860293e-01
-1.191999999999847903e-01
-1.219999999999883400e-01
-1.263999999999842194e-01
-1.210999999999874538e-01
-1.306999999999841344e-01
-1.236999999999864736e-01
-1.277999999999862024e-01
-1.281999999999893503e-01
-1.160999999999877824e-01
-1.131999999999889761e-01
-1.214999999999881036e-01
-1.326999999999836921e-01
-1.228999999999869641e-01
-1.266999999999823545e-01
-1.140999999999864761e-01
-1.386999999999795063e-01
-1.242999999999865740e-01
-1.209999999999885195e-01
-1.094999999999891754e-01
-1.219999999999852452e-01
-1.143999999999876921e-01
-1.286999999999848265e-01
-1.263906158360195597e+01
-1.721999999999822561e-01
-1.491999999999828741e-01
-1.424999999999839173e-01
-1.350999999999855372e-01
-1.272999999999851195e-01
-1.368999999999858663e-01
-1.278999999999873016e-01
-1.496999999999828190e-01
-1.207999999999883473e-01
-1.156999999999858836e-01
-1.301999999999847724e-01
-1.287999999999857592e-01
-1.271999999999865461e-01
-1.274999999999860689e-01
-1.159999999999875991e-01
-2.628080834835747481e+01
-2.279999999999784421e-01
-1.492999999999859717e-01
-1.503999999999832415e-01
-1.294999999999842943e-01
-1.539999999999840663e-01
-1.505999999999853289e-01
-1.325999999999849244e-01
-1.303999999999853887e-01
-1.325999999999845080e-01
-1.216999999999869853e-01
-1.283999999999830832e-01
-1.267999999999822602e-01
-1.360999999999857046e-01
-1.371999999999819475e-01
-1.365999999999848447e-01
-1.168999999999851686e-01
-1.254999999999804883e-01
-1.143546771529658201e+01
-1.982999999999724150e-01
-1.520999999999883556e-01
-1.435999999999855448e-01
-1.411999999999805633e-01
-1.402999999999860470e-01
-1.191999999999868581e-01
-1.333999999999803399e-01
-1.256999999999898476e-01
-1.421999999999846442e-01
-1.270999999999853913e-01
-1.287999999999836775e-01
-1.323999999999852240e-01
-1.301999999999852164e-01
-1.313999999999846957e-01
-1.293999999999840833e-01
-1.387999999999846024e-01
-1.281999999999835771e-01
-1.234999999999872311e-01
-1.379999999999845239e-01
-1.236999999999870564e-01
-1.130999999999888345e-01
-1.277999999999875902e-01
-1.169999999999855739e-01
-1.256999999999845463e-01
-1.507253865786986502e+01
-1.678999999999840065e-01
-1.436999999999887812e-01
-1.353999999999856152e-01
-1.259999999999865117e-01
-1.336999999999886890e-01
-1.403999999999858417e-01
-2.935995839115427231e+01
-1.692999999999815486e-01
-1.590999999999846981e-01
-1.321999999999859399e-01
-1.296999999999872144e-01
-1.315999999999845904e-01
-1.357999999999837948e-01
-1.359999999999851050e-01
-1.314999999999850178e-01
-1.435999999999824361e-01
-1.249999999999875100e-01
-1.269999999999851525e-01
-1.228999999999882131e-01
-1.252999999999869774e-01
-1.294999999999842943e-01
-1.288999999999856372e-01
-1.238999999999842727e-01
-1.424999999999841671e-01
-1.314999999999858227e-01
-1.305999999999876149e-01
-1.212999999999878759e-01
-1.233196387702987629e+01
-1.758999999999792119e-01
-1.561999999999805488e-01
-1.093169432880176650e+01
-2.122999999999730381e-01
-1.642999999999853189e-01
-1.421999999999832565e-01
-1.310999999999865606e-01
-1.352999999999838499e-01
-1.321999999999863562e-01
-1.481999999999858431e-01
-1.362999999999849332e-01
-1.379999999999846072e-01
-1.220999999999888147e-01
-9.561479983765694968e+00
-1.714999999999800295e-01
-1.574999999999834588e-01
-1.499999999999851452e-01
-1.411999999999833388e-01
-1.291999999999823845e-01
-1.418999999999853989e-01
-1.571584289352301234e+01
-1.895999999999858632e-01
-1.525999999999837764e-01
-1.326999999999857183e-01
-1.384999999999857179e-01
-1.421999999999850883e-01
-1.311999999999853006e-01
-1.468999999999828776e-01
-1.305999999999855332e-01
-1.308999999999853059e-01
-1.425999999999838508e-01
-1.419999999999872753e-01
-1.315999999999850067e-01
-1.346999999999839714e-01
-1.357999999999818519e-01
-1.350999999999871748e-01
-1.257999999999825091e-01
-1.282999999999886731e-01
-1.210999999999867183e-01
-1.203999999999895987e-01
-1.317999999999828198e-01
-1.324999999999828260e-01
-1.309999999999825471e-01
-1.279999999999826832e-01
-1.281999999999819673e-01
-1.254999999999842908e-01
-1.330999999999875338e-01
-1.317999999999807381e-01
-1.278999999999838044e-01
-1.307999999999867047e-01
-1.238999999999893659e-01
-1.250999999999865830e-01
-1.420999999999869590e-01
-1.225999999999895090e-01
-1.373999999999860055e-01
-1.202999999999874031e-01
-1.364999999999838842e-01
-1.393999999999842865e-01
-1.335999999999820109e-01
-1.235999999999854854e-01
-1.231999999999846829e-01
-1.212999999999849893e-01
-1.191999999999865112e-01
-9.673113925168472349e+00
-1.660999999999775156e-01
-1.464999999999804237e-01
-1.250999999999852785e-01
-1.325999999999834533e-01
-1.282999999999869800e-01
-1.234999999999859821e-01
-1.246999999999870712e-01
-1.300999999999822299e-01
-1.298999999999828348e-01
-1.337999999999819889e-01
-1.314999999999845737e-01
-1.162999999999866502e-01
-1.133972990829717453e+01
-9.677506378934173981e+00
-2.476999999999682789e-01
-1.771999999999766262e-01
-1.585999999999820609e-01
-1.624999999999821310e-01
-1.428999999999837067e-01
-1.456999999999857853e-01
-1.363999999999846724e-01
-1.510999999999816656e-01
-1.417999999999843275e-01
-1.315999999999843684e-01
-1.346999999999859143e-01
8.709000000000582942e-01
-4.055999999999602146e-01
-2.299999999999800260e-01
-1.885999999999736776e-01
-1.808999999999724717e-01
-1.536999999999853761e-01
-1.491999999999858717e-01
-1.506999999999822926e-01
-1.403999999999835380e-01
-1.334999999999862963e-01
-1.340999999999823167e-01
-1.437999999999841905e-01
-1.296999999999855768e-01
-1.352999999999845437e-01
-1.370999999999822083e-01
-1.317999999999864558e-01
-1.360999999999851773e-01
-1.411999999999859201e-01
-1.355999999999857319e-01
-1.321999999999877162e-01
-1.297999999999880916e-01
-1.251999999999827973e-01
-1.343999999999845596e-01
-1.295999999999824792e-01
-1.260999999999839194e-01
-1.236999999999859184e-01
-1.364999999999826075e-01
-1.305999999999848393e-01
-1.282999999999844543e-01
-1.278999999999846926e-01
-1.380999999999847627e-01
-1.192999999999842659e-01
-1.124930914311595131e+01
-1.235504974455490945e+01
-2.010999999999822097e-01
-9.167762235044058627e+00
-2.040999999999739689e-01
-1.592999999999833438e-01
-1.442999999999858840e-01
-1.406999999999820339e-01
-1.420999999999856545e-01
-1.381999999999840578e-01
-1.418999999999868145e-01
-1.343999999999846151e-01
-1.289999999999817126e-01
-1.152999999999904240e-01
-1.333999999999843089e-01
-1.429999999999825300e-01
-1.169999999999872392e-01
-1.265999999999853909e-01
-1.261999999999848798e-01
-1.368999999999863382e-01
-1.422999999999829124e-01
-1.181999999999819168e-01
-1.356999999999859430e-01
-1.325999999999822876e-01
-1.344999999999843543e-01
-1.323999999999811439e-01
-1.188999999999877655e-01
-1.261999999999865452e-01
-1.241999999999866267e-01
-1.279999999999854587e-01
-1.261999999999849909e-01
-1.127999999999873132e-01
-1.302999999999840119e-01
-1.284999999999865972e-01
-1.212999999999860995e-01
-1.400999999999839041e-01
-1.335999999999815391e-01
-1.378999999999844517e-01
-1.306999999999819972e-01
-1.230999999999847355e-01
-1.144999999999864876e-01
-1.321999999999866060e-01
-1.351999999999831115e-01
-1.283999999999840269e-01
-1.229999999999869670e-01
-1.234999999999855519e-01
-1.243999999999839123e-01
-1.139999999999888464e-01
-1.148999999999897187e-01
-1.204999999999872978e-01
-1.254999999999858729e-01
-1.296999999999873532e-01
-1.163999999999883739e-01
-1.335999999999843424e-01
-1.315999999999845349e-01
