1.092960074748348553e+01
1.315829272960139917e+01
1.290956640363705787e+01
1.112376286155253524e+01
8.949610170882575488e+00
7.006839125035398297e+00
5.468543156440198061e+00
4.307726536691182773e+00
3.446382964011717842e+00
2.777924845160432810e+00
2.192414737225991672e+00
1.666477688866387030e+00
1.265339742611827356e+00
1.013641994364565146e+00
8.441348341388423826e-01
7.008342434575215441e-01
5.868991771368928800e-01
4.964730475107405616e-01
4.041901873780849863e-01
3.077739164916311054e-01
2.192458726623565668e-01
1.466747530006009825e-01
9.915187000874275958e-02
8.226973801437212352e-02
8.668619546704915690e-02
9.172420927928222334e-02
8.403382572319512134e-02
6.786088096695831740e-02
5.309653054251224635e-02
4.417827227015180824e-02
4.317292755324026593e-02
4.853682824593227169e-02
5.036213701935444986e-02
4.033306643889610771e-02
2.317075577676998288e-02
9.283780543093197307e-03
2.551367119382963716e-03
4.740390983922436181e-04
5.876713280774838183e-05
4.807115044209965111e-06
2.571961904686779907e-07
8.942941002139638770e-09
2.011725737241327725e-10
2.918722702663273025e-12
2.725593180474732627e-14
1.636013965878581122e-16
6.306502402001258665e-19
1.560335722969410695e-21
2.476940571880775275e-24
2.522192395368187209e-27
2.976766706132881131e-47
