2.250885435520999422e+01
1.787927747401003487e+01
1.420204993801999471e+01
1.128108887809000827e+01
8.960897840312995299e+00
7.117860761216996401e+00
5.653873877474991261e+00
4.491068623962996220e+00
3.567380021975992577e+00
2.833656468615000978e+00
2.250890489133000383e+00
1.787927793832000622e+00
1.420204931901000833e+00
1.128108874295001840e+00
8.960899031640994217e-01
7.117859738212992671e-01
5.653874016526017066e-01
4.491069101768999094e-01
3.567379937931999256e-01
2.833656510979998822e-01
2.250890433040005079e-01
1.787927776601004881e-01
1.420204993570999275e-01
1.128108951989000297e-01
8.960897964630008816e-02
7.117859623294985061e-02
5.653874982965997192e-02
4.491068560607992810e-02
3.567379891705002581e-02
2.833656951086002684e-02
2.250890387008998988e-02
1.787927703814002484e-02
1.420204929694998848e-02
1.128108897130999239e-02
8.960899232668991313e-03
7.117859684698996103e-03
5.653873810063002152e-03
4.491068981597004170e-03
3.567380184960995942e-03
2.833656135222992895e-03
2.250890582889998603e-03
1.787921345202994703e-03
1.420212900915000711e-03
1.128113323068000119e-03
8.960838180434015652e-04
7.117859238600996851e-04
5.653842901545005168e-04
4.491090636895000705e-04
3.567393959827000948e-04
2.833643354939002182e-04
1.007468695036998737e-03
