5.182101654232639659e-02
5.056471999221490848e-02
5.734853866571919256e-02
6.204200162809668517e-02
5.190413684412999856e-02
5.004598168563709898e-02
4.724588644007420707e-02
4.588022132803398767e-02
5.836478382007889709e-02
5.064151636970200265e-02
4.710771632897309269e-02
4.642676280689930074e-02
4.444654537864349553e-02
4.507208679185811112e-02
5.489359313482990860e-02
4.743679472806858893e-02
4.489303835710471008e-02
4.459041155403059564e-02
4.274141132746830940e-02
5.034623683749000350e-02
4.628452131238349615e-02
1.621359216919457946e-01
9.636722016735448093e-02
7.817421698421839205e-02
6.621060707570598780e-02
6.183060507716338361e-02
5.678899057526579780e-02
5.250387924579948823e-02
6.246611796697388447e-02
5.911453729761242254e-02
5.582078232456929440e-02
5.387664829126088961e-02
5.362228459688579002e-02
5.243838443424268803e-02
4.836595602468010680e-02
4.831597156922359110e-02
4.576244095999609102e-02
4.526575033451690072e-02
4.404317510948270453e-02
4.332071303985860627e-02
4.583298423795880566e-02
4.372978697024038769e-02
4.229274967614349984e-02
4.173415062577670587e-02
4.429361244339478920e-02
4.096858814849589636e-02
4.108468108843639499e-02
4.378706530190300955e-02
4.008202662850399861e-02
4.441580050624120007e-02
4.365337891209120080e-02
4.041946710028600925e-02
3.931102951729820855e-02
4.111431775420491125e-02
4.107537031897989799e-02
4.454018533768499405e-02
4.200401215360161089e-02
4.550996323148439465e-02
4.526166905221990638e-02
4.275254406865689610e-02
4.025839849088111433e-02
4.723784065414270150e-02
4.145421128608159367e-02
4.468108765436189234e-02
4.169133453352559526e-02
4.356884616575109476e-02
4.432792504017338958e-02
4.163895593282690433e-02
3.973390001334969890e-02
3.943753989989679659e-02
3.845168813198230479e-02
3.775992303565548630e-02
4.469362197057660802e-02
4.366614913478810561e-02
4.249671842842910746e-02
4.798199499166419524e-02
4.565369322037150096e-02
3.951530207589201010e-02
3.883411614793210592e-02
3.769915369415280382e-02
4.165317587673898758e-02
3.913918334694699991e-02
3.953199190696969623e-02
5.945585835118980672e-02
4.620298065754238626e-02
4.320300705920410156e-02
4.015341062951159612e-02
3.998648655626930309e-02
3.909927450179818964e-02
3.765943587623760830e-02
3.911600509216160704e-02
4.078161772985180317e-02
3.947543442160919569e-02
3.908329008889668832e-02
3.747017602433631162e-02
4.124439356264759243e-02
3.641482167102520068e-02
3.745391694289339213e-02
3.897073014170909788e-02
3.784153062865990708e-02
4.098675217793439074e-02
3.899623643062109790e-02
3.711304080537099898e-02
3.736781987570399893e-02
3.597739707241580376e-02
4.408708818938610052e-02
3.855346921349170342e-02
4.152683840080338001e-02
4.191563579031121201e-02
3.925751489044729259e-02
3.982127589533769607e-02
4.371773801540319165e-02
3.962982666768780082e-02
4.008041079316810446e-02
4.189530760826840755e-02
4.126423023029179848e-02
7.640508816331910424e-02
4.707486044153350035e-02
4.684570205064610138e-02
4.079644791388509911e-02
3.865622054993919643e-02
3.933819277619880067e-02
3.849979034573681319e-02
3.796835015847889461e-02
3.799730360425429554e-02
3.668597214187210159e-02
3.723623339180119618e-02
3.623987621993560171e-02
3.664026477876029114e-02
3.667366499104809940e-02
3.572212487369030853e-02
3.583682165951829895e-02
3.738873093190001051e-02
3.651008604613519698e-02
3.559923088745099717e-02
3.538298932603649999e-02
8.779105911570309062e-02
6.400305985596101144e-02
5.953342542920569969e-02
4.952427152331700250e-02
4.747104356680898612e-02
4.308710569606040430e-02
4.211343167364780399e-02
3.972883968043119940e-02
4.532304101133289437e-02
4.084262592837520356e-02
4.353316902444159808e-02
4.117718605748760946e-02
4.425202296881581426e-02
4.834622614988600547e-02
4.221194336319909063e-02
7.006132679869407631e-02
8.128882862715561264e-02
5.175580048796689370e-02
6.478731253672970203e-02
5.791935028518489098e-02
4.623449696114639157e-02
4.344186629051279697e-02
4.223467638697399329e-02
4.227042815048739910e-02
4.115624585643241212e-02
4.031197670680240069e-02
9.923264187714191109e-02
5.874459993535800784e-02
5.226805856059890676e-02
7.155724468275001526e-02
5.625081405866910744e-02
5.087493664096859325e-02
4.834210261871579178e-02
4.477171475066740736e-02
4.239850807874599725e-02
4.204851400268229400e-02
4.163312761176500565e-02
4.242712681720348794e-02
3.974057838251620484e-02
6.386368407362721933e-02
4.815990308403179931e-02
4.662584775872880699e-02
5.282300371071209366e-02
4.346928851866629917e-02
4.420642577968970227e-02
4.251909729247980996e-02
4.145253691190120549e-02
3.934935141729559160e-02
3.854527776722060234e-02
3.845673307123860518e-02
3.704590167522280042e-02
3.822306355491438684e-02
4.073038891746329909e-02
4.742181469864520382e-02
3.973908354573800483e-02
4.040462381918069612e-02
3.866490878561289202e-02
3.811757637202670135e-02
3.747009640154240484e-02
3.890837621919650963e-02
3.858529099608030283e-02
3.764577710435600133e-02
3.986455594874810382e-02
4.419304736737870304e-02
3.934087651048260442e-02
3.837466623043230690e-02
4.162815139906640011e-02
3.906462346575950706e-02
3.858198907152650403e-02
3.878598089716141228e-02
3.683859459121449631e-02
3.882131565026289421e-02
3.643821233478330285e-02
3.703962342589920548e-02
3.758360313894309329e-02
3.836082574734690082e-02
3.851102901968900954e-02
5.210203532523250552e-02
4.153405040762039868e-02
4.264398649309850131e-02
3.826092055658859847e-02
3.713064149119029572e-02
3.976863546992139009e-02
3.918949918245649700e-02
3.983087032700979857e-02
3.944382780214759215e-02
3.930873111731370689e-02
3.760685201099760178e-02
3.619758466492179610e-02
3.500479793917970345e-02
3.472603639522550689e-02
5.379110340433169990e-02
4.071506239136259836e-02
4.328588568534380565e-02
6.085989290172041238e-02
4.616609382805657996e-02
4.113823488085559948e-02
3.966763992594359023e-02
3.910803348653629080e-02
4.144612942617450363e-02
4.021463077017445875e-01
2.223078770892504552e-01
1.555968770179911864e-01
1.214113263761240763e-01
1.014253406365506760e-01
1.980477635583376694e-01
1.242349308993270091e-01
9.847352110989231189e-02
9.327352526654757170e-02
8.006234723048719082e-02
8.571992206915249324e-02
7.963779471898710383e-02
6.693941090302731045e-02
6.363716528802938754e-02
6.621796265810470095e-02
6.001852030709240587e-02
5.684653846134758715e-02
6.678612015463590568e-02
5.485442228301559697e-02
5.146074255561911004e-02
4.931542645204499420e-02
4.984843266536489320e-02
4.853855143863230331e-02
4.781730464331429564e-02
4.731655590156081531e-02
4.772996022312091940e-02
4.895554894220466996e-02
4.758310699049350667e-02
4.731932339959809414e-02
4.430346267029310753e-02
4.468355393573609363e-02
4.925610587386237971e-02
4.577364707517739967e-02
4.550343769964559221e-02
4.293596775499849971e-02
4.839123250146819266e-02
4.842996924470759773e-02
4.338117952778560577e-02
4.206504848508359901e-02
4.117999375343378565e-02
4.618016956423110636e-02
4.387582131542288461e-02
4.099114371097508508e-02
4.146120623160751140e-02
4.511891186616489441e-02
4.279577963750898911e-02
4.161025895349020759e-02
4.188890803405100755e-02
4.000911984734558530e-02
3.994880068969109549e-02
3.937211811622779584e-02
5.033477109490098328e-02
4.284790589248099746e-02
3.942358305578269606e-02
3.908555163238679880e-02
4.214884980505279738e-02
3.941021348199669899e-02
3.860846319687739198e-02
3.960221106549999953e-02
3.953251475392109693e-02
3.899351050819459957e-02
5.767100903122369948e-02
4.694626335573398590e-02
4.118310934748199009e-02
3.925652302720690490e-02
4.063388910773979568e-02
3.949547578867799308e-02
3.966601006882669589e-02
3.847442187978170058e-02
3.788629989368640094e-02
3.811886025563239466e-02
5.183979008513649872e-02
4.829226491901769669e-02
4.553329127321589093e-02
4.285705196573588727e-02
4.161225591210780672e-02
4.036579597915809781e-02
4.370598216493890020e-02
5.520424548264130787e-02
4.383139536962589455e-02
4.390307336125578996e-02
3.986792892920290599e-02
3.923074026025000216e-02
4.040069887796419318e-02
4.222089556652788844e-02
3.877177781645740201e-02
3.798562658341329834e-02
4.523167724773399095e-02
4.087225766627580054e-02
3.855859180453240220e-02
4.144842688205879061e-02
3.894964313085078761e-02
4.548507018657300255e-02
6.644288202021500500e-02
4.627136478642080580e-02
5.216900819255201188e-02
4.826259420007690537e-02
4.693030651300991729e-02
4.388851471758058176e-02
4.179479412135440886e-02
3.954720884173829748e-02
3.843613276532419770e-02
3.897012682443170423e-02
3.847213153889200016e-02
4.009783280894020641e-02
4.160214109671961369e-02
3.687031251910060509e-02
3.675036539673360442e-02
3.756903732390189099e-02
4.103903444915760201e-02
3.893571650455820293e-02
3.836508396380249736e-02
3.660069363171370577e-02
4.385665889629840331e-02
3.972932309140740637e-02
3.759691702021161069e-02
3.840832073976820082e-02
3.752198575820148846e-02
4.243368244512880916e-02
4.262195383830450629e-02
3.987328921679489380e-02
3.906280019412969318e-02
3.727927512704280744e-02
5.189731807893749327e-02
3.837340463111739430e-02
3.722700739894079652e-02
3.607419988782669534e-02
3.644272687518489845e-02
3.839502789502090285e-02
3.921881024939189581e-02
3.807273255721060207e-02
3.974879393988019899e-02
3.647145447268079765e-02
4.221186201082462175e-02
4.327694080340029059e-02
5.657617595233490476e-02
4.601269494497921275e-02
4.237465659066289025e-02
4.146050027742530925e-02
4.033333004959351042e-02
2.593150004064365133e-01
7.304173794221018035e-02
5.575698271781009269e-02
5.539872695610739695e-02
5.169937641550939600e-02
4.738841805923930950e-02
4.687528066140320832e-02
4.429211202906369049e-02
4.508070400067440420e-02
4.409665709491110419e-02
4.832402817873409501e-02
4.338471839358549326e-02
4.534294853192270131e-02
4.084491763480430082e-02
3.996155157682790282e-02
3.875257411409908925e-02
3.854264356624249876e-02
4.428091317793640680e-02
4.232754069040890743e-02
3.874308429924409186e-02
4.078251075103279943e-02
4.181706483744989516e-02
4.021494275402438118e-02
3.806982194835360073e-02
3.772711789674949856e-02
3.557816105103230042e-02
3.686954343569450593e-02
4.002754968641500377e-02
7.118058769540787367e-02
5.255856308384468378e-02
4.449338789360010593e-02
4.224737893346409978e-02
4.481327925374111593e-02
4.070735328823458371e-02
4.031337523527889904e-02
3.703870678827660828e-02
3.694813788591259918e-02
4.561138824481360265e-02
3.665639808142240330e-02
3.610389563724419187e-02
3.646347789231039332e-02
3.636226511718470417e-02
3.659075277920580127e-02
3.682122622506729670e-02
3.435020050465099201e-02
3.373701479214650384e-02
3.622440400759239371e-02
3.410655051718999159e-02
3.349407930229920255e-02
3.410354287973680482e-02
3.816256710052640111e-02
3.501264714518610710e-02
3.718865955178769778e-02
3.628614755690839910e-02
3.486058021982920557e-02
3.694586814299950089e-02
4.055083275332309334e-02
3.615537522806990672e-02
3.627985827212699965e-02
3.415242636874379900e-02
3.342140185261180396e-02
3.557038809140230379e-02
3.433508335680680174e-02
3.963407916299668821e-02
3.799670759036299222e-02
3.625698891640469906e-02
3.908445492898019596e-02
4.644372929880920264e-02
3.781806029432760452e-02
3.622029934068480422e-02
3.817983312985960553e-02
3.466127004288710456e-02
3.772423110843140664e-02
7.697260795315580273e-02
6.254602516639690135e-02
4.891354147215389025e-02
4.864646698278699694e-02
4.459183725654230351e-02
4.211943948478329147e-02
3.870436433499509915e-02
5.404128105407190324e-02
4.047774811338549633e-02
3.955452976057290126e-02
4.557361481829740740e-02
4.256922139522571064e-02
3.878526525109609463e-02
3.810043151844350051e-02
3.575074426519209148e-02
3.514666328430779418e-02
3.816485917421390262e-02
3.639466299060070686e-02
3.597370841233529792e-02
3.616059914879089787e-02
8.722092567079248182e-02
4.727844173365579328e-02
4.777319151234229316e-02
6.017144674372298940e-02
4.990123859452191141e-02
4.452397153663339990e-02
4.638982280921950113e-02
4.328969998207138348e-02
4.173104604908150356e-02
4.133620357437450821e-02
3.833515074485909641e-02
5.743689582577708730e-02
5.231267492448261891e-02
4.460848226249240767e-02
4.195472658262028309e-02
4.836761931904458300e-02
4.152016678161899593e-02
3.904133522890601560e-02
4.178991436938980092e-02
3.761339151237509670e-02
3.702329489868158574e-02
3.727097591268141441e-02
3.760944074555870598e-02
3.829461864751939476e-02
3.646071111655069252e-02
5.641888435803039947e-02
5.806725000626302563e-02
4.717866972077840865e-02
3.907944080422320887e-02
4.042335505655190314e-02
3.890261507697480997e-02
3.667058320843340213e-02
3.586054732928200400e-02
3.768164666989973210e-02
3.529040680787810108e-02
3.600928313165920047e-02
3.378622590647119978e-02
3.490445357229170903e-02
3.409164007068821167e-02
3.537108992375869593e-02
3.449867631829500736e-02
3.338084416087040707e-02
3.545286468491690157e-02
3.467370718744950536e-02
3.334051680138599288e-02
3.222021248934980181e-02
4.679701052776100850e-02
3.555839382175580293e-02
3.400734091994270236e-02
3.535758028234950445e-02
3.368611956709840344e-02
5.577107730140429959e-02
3.993097380182550338e-02
3.670180634875350872e-02
3.750440225842909675e-02
3.883024039292078816e-02
3.739908774262340474e-02
3.294285225870910772e+00
1.585809103105678020e+00
1.020402038323018790e+00
7.587032113747546047e-01
6.000128541894260703e-01
4.978740043088384359e-01
4.252034700675680345e-01
3.793768170870834844e-01
3.399483522575852401e-01
3.022486604779981989e-01
2.691395606569984555e-01
2.471812157272561539e-01
2.221245085284923870e-01
2.046097765768566390e-01
1.913334079909911056e-01
1.773641496804514439e-01
1.737147482114692887e-01
1.593266712017959164e-01
1.550227076986476771e-01
2.413858124816141149e-01
1.842589081610928603e-01
1.601751313292288925e-01
1.499078142990326878e-01
1.387941485935057229e-01
1.308897373805978370e-01
1.260583164954460489e-01
1.198516287808856495e-01
1.120972689287701302e-01
1.089219720526403701e-01
1.079590129524464065e-01
1.029139938109204372e-01
9.829802549975211190e-02
1.015004224929372117e-01
9.450833789270209062e-02
9.330075610581696488e-02
8.968289843186309784e-02
8.647462693411672729e-02
8.377096034824543791e-02
8.232594642317342393e-02
8.427935497582078606e-02
9.360446637851532747e-02
8.630296148760631392e-02
8.209863340332521076e-02
7.933290723365241104e-02
7.793619818846408975e-02
7.576879903453659360e-02
7.563837377190699152e-02
7.783802264420390526e-02
7.419551303907369333e-02
7.295287653567256170e-02
7.044384601620669317e-02
6.795088286022117618e-02
6.670384205474948203e-02
6.643151133109279072e-02
6.630287307880598779e-02
6.516822504991050258e-02
6.342825488232599340e-02
6.967746433017049656e-02
6.442665681845849424e-02
6.315916488913370097e-02
6.273088505928811620e-02
6.175662194104523245e-02
5.961164375184350300e-02
6.215549847653511345e-02
5.886490964398969489e-02
5.780878840160728893e-02
5.647234075267908160e-02
5.609973176537350753e-02
5.598680878681337042e-02
5.634344863562607691e-02
6.536442307939427376e-02
5.606531185647779109e-02
5.650494430451670491e-02
5.461858988106158691e-02
5.479897508695659447e-02
5.486021462812779720e-02
5.280885809399949588e-02
5.368993178390400051e-02
5.399632836113170409e-02
5.252011525732060149e-02
5.089942084813068451e-02
5.641747398609149589e-02
5.585149976673701305e-02
5.413399341974289847e-02
1.045349507611837148e-01
6.297312032198532084e-02
5.820123741353230157e-02
5.599262617550690435e-02
5.324873641585481376e-02
5.195487624316898895e-02
5.056304161476261883e-02
5.032345769574009947e-02
5.375362034702829694e-02
5.618554250661260407e-02
5.396674817259668883e-02
5.511988770955900813e-02
5.292800569475011180e-02
5.052614719740338572e-02
5.095133225591141207e-02
5.583135839639708636e-02
5.198510365376440151e-02
4.969273946866760439e-02
4.787715827979108912e-02
4.949707673754610154e-02
4.704912873001659834e-02
4.665490291964301262e-02
4.506166568474770373e-02
5.886283363687009468e-02
5.126988786549283722e-02
5.289499130285121864e-02
4.912693854090400408e-02
4.741159208202869874e-02
5.006151024087189538e-02
4.727600275060859364e-02
4.832369119226279791e-02
5.163047931911299987e-02
4.664667962018719666e-02
8.974586152746499845e-02
5.967855588340230388e-02
5.648826425691888531e-02
5.728714612910919962e-02
5.716849597337910621e-02
5.618138796134500290e-02
5.280701373251951020e-02
5.048114412999388928e-02
5.160414821955400938e-02
5.066984641444079868e-02
5.285505488748359210e-02
4.917597043730329714e-02
4.994454118329821890e-02
4.739833161412990159e-02
4.530739411147820250e-02
4.898907750737700739e-02
4.710530030672450269e-02
4.657703864982560421e-02
4.525349165296070619e-02
5.006448124099088792e-02
4.535506766851109955e-02
4.470454966403990260e-02
4.463549614559840506e-02
4.559565682559769961e-02
4.594667065719291316e-02
4.469471771970710133e-02
4.539430014503480909e-02
4.466125605604230608e-02
4.484957006556410108e-02
4.582541047952690128e-02
4.224332222155069427e-02
4.604228415999800372e-02
4.536131750184349554e-02
4.696670344885679749e-02
4.534213503602221168e-02
4.409453981454480170e-02
4.245927179644989891e-02
4.332374449737519395e-02
4.401594027236181011e-02
4.346896770151710554e-02
4.391356337827009848e-02
4.730594888404209691e-02
4.347000595223470681e-02
5.188743475263430521e-02
4.761149656086359483e-02
5.492136446211019762e-02
4.904491233458779104e-02
5.159281385063151093e-02
4.594794613591469956e-02
4.783190907093039235e-02
7.518291108831774983e-01
3.412399213553214961e-01
2.338709396269353091e-01
1.732252619495716905e-01
1.417732791916956059e-01
1.408532726769222976e-01
1.109581901414339322e-01
1.001004516624603019e-01
9.330622327027159046e-02
8.484632783215267926e-02
8.129452533923239854e-02
8.365891962706190066e-02
7.484826155023999172e-02
6.995312788136485993e-02
7.677396745481702978e-02
7.269763515933819198e-02
7.363540000004721586e-02
6.490166835250750499e-02
6.398953068995087701e-02
6.199341931892992513e-02
5.840780369674152678e-02
6.376339955700768836e-02
6.305518166761610310e-02
5.886081523759360834e-02
5.662965632148451306e-02
5.514629452988947800e-02
5.250285798110509300e-02
5.372309707267858281e-02
5.214217655366189946e-02
5.061406346379919430e-02
4.961389028626420755e-02
5.179641219063749191e-02
6.320051810867728659e-02
6.878955839617857670e-02
6.496941274151310508e-02
1.004644388059506566e-01
6.354221946340658789e-02
5.873947944876529992e-02
6.736366200833930618e-02
5.643964873838120538e-02
5.186664467387059468e-02
6.069645765174788710e-02
5.698635894799140844e-02
5.660819674674880120e-02
5.178128098716239941e-02
4.915827248885579898e-02
4.971175846640097512e-02
4.892952592749619939e-02
5.119671220101990050e-02
5.124436890109799331e-02
5.524675304289219241e-02
5.836913669423518525e-02
4.976087554887860531e-02
5.143229322848940493e-02
4.732160191697800528e-02
4.763424874404030562e-02
5.988784308296069003e-02
4.959247425006579196e-02
5.415632902592670134e-02
4.803944303534741361e-02
4.921275518014478489e-02
4.440706203776129818e-02
4.969680132573199571e-02
4.582413843818157473e-02
4.544560828766982391e-02
4.634454770763460352e-02
4.744118362524149535e-02
5.423118060093070486e-02
4.886879810117471246e-02
5.001256238727560394e-02
4.500944944086038985e-02
4.373788615127691820e-02
6.382039800753701309e-02
1.393245326096352599e-01
1.588937284874895051e-01
1.514597246884110404e-01
1.104116191272912911e-01
1.016504794434704984e-01
9.191563689882352450e-02
8.718773820317779477e-02
9.234708233038656233e-02
9.761828860848915934e-02
8.351103760173704538e-02
8.529010880861523369e-02
7.084794260999399684e-02
7.930128950982640035e-02
6.569324348495120258e-02
6.192524011365407866e-02
7.645117910379839454e-02
7.660548358972388283e-02
6.959722990272619592e-02
6.289570038749368874e-02
5.873320210391959340e-02
5.863077179588430110e-02
5.386799807817780478e-02
5.389352429459630389e-02
4.988632588934039519e-02
5.414131552194539898e-02
5.100631941174890022e-02
4.902634816969209802e-02
4.744600360618360380e-02
4.737839311961920125e-02
7.734029416795827616e-02
5.856882242544766970e-02
6.487717939397261158e-02
5.558580730262238645e-02
5.331300487970548618e-02
4.978693171475289531e-02
7.519937032783129138e-02
5.652297260647958649e-02
5.505766495608430816e-02
5.193892163203368134e-02
6.370403266615440319e-02
6.117842746731631115e-02
5.332632394849121105e-02
5.219621751265329790e-02
4.947534737595638693e-02
5.946520280209830617e-02
5.316884773411050674e-02
4.823175167980210676e-02
4.716123281368918979e-02
4.723591325102749483e-02
5.825424303113371088e-02
5.240761886317380630e-02
4.765985178186060711e-02
4.688002222805159880e-02
4.677029559330830172e-02
4.904011925316830584e-02
6.792281445859811584e-02
4.877816172854858301e-02
4.763181704486429968e-02
4.488162951468201850e-02
4.569224304823388261e-02
8.037008258290551099e-02
7.107793537125860206e-02
5.928871035632050923e-02
5.515495917337327053e-02
5.124410663369229069e-02
4.737460817934650154e-02
5.026410297105128600e-02
4.563278408000780162e-02
4.492503720557449592e-02
5.652990172034601940e-02
6.241577901959439317e-02
5.149641025002069106e-02
4.877766215996569982e-02
4.587239888159979490e-02
4.764886243851591124e-02
4.535725422402230034e-02
7.068461315080730445e-02
5.167690296569289049e-02
7.471774507874241744e-02
5.805127980323479542e-02
5.217481337514848910e-02
5.159387702378310375e-02
4.818300231795220184e-02
4.769216903489652271e-02
9.231873233937633039e-01
2.852459527930075733e-01
1.702070904022740805e-01
1.299838714192753653e-01
1.045818012750909937e-01
9.173981947937140391e-02
8.174464520377179577e-02
7.625696954576291486e-02
6.962999227150108716e-02
6.607637584921950691e-02
6.382813393922322220e-02
6.368894997002970404e-02
6.030264547360521948e-02
5.720013595435381737e-02
5.567382752399429452e-02
5.586748550018937054e-02
5.218576990077731376e-02
8.189916797197778486e-02
6.470785990630099904e-02
6.312869517975809586e-02
5.697721622762520755e-02
5.388638801022847813e-02
5.278657594052039992e-02
5.489725354032418819e-02
5.269309983523141200e-02
5.157953509197209935e-02
5.037054985636970489e-02
5.069681188840619718e-02
4.851379350606890156e-02
5.250048445816430515e-02
4.922308509399409698e-02
4.791098162588379450e-02
4.597727306472620956e-02
4.453350215624759384e-02
5.241887319373718379e-02
4.759306714678120803e-02
4.555873123089700799e-02
4.419564866731869740e-02
4.428597909863040555e-02
4.352000413601309764e-02
4.457799252107479820e-02
4.891244200584941165e-02
4.619534595935578802e-02
4.375589093811959457e-02
4.271589321998921912e-02
4.334715415670150479e-02
4.145264090771159926e-02
4.080381437417580914e-02
4.402999414118809879e-02
4.127749766620730093e-02
4.115101940816441595e-02
3.928920957135629416e-02
4.178055607807511229e-02
4.154160694073030097e-02
4.336417145576130366e-02
4.282544303837180349e-02
4.219119073502860390e-02
4.336055590756341532e-02
5.809971374155970675e-02
4.640409775898751005e-02
4.381490961318679211e-02
4.916356843886800915e-02
4.328954235124529010e-02
4.148206981819680533e-02
4.748783241098281094e-02
4.232365251527599181e-02
4.221124471143880563e-02
4.030339557059220423e-02
3.948921929583829038e-02
4.015060124393108471e-02
8.072988522829108171e-02
5.051066963189700804e-02
4.555336372460850464e-02
4.351826676956380147e-02
4.371378383956361219e-02
4.147226557779430667e-02
4.021886927375461357e-02
3.878931307854419780e-02
4.046051047889610147e-02
3.793827148183259029e-02
3.919251850308570068e-02
4.253929100419660825e-02
4.002379861365450153e-02
3.974769535991048985e-02
3.775128803584990034e-02
3.772930814330530125e-02
3.751269136853079694e-02
4.019869319443130501e-02
3.739922087467239392e-02
4.015184109425159326e-02
3.989169110170081439e-02
4.158006443445870504e-02
4.193591389105269518e-02
3.896046528084559646e-02
3.685426418434719492e-02
5.402856857633450000e-02
4.169171455240140017e-02
4.117528696563699936e-02
5.252062647883411206e-02
4.401635069376929471e-02
4.058241618282199675e-02
4.169686336837760687e-02
4.547425188714499661e-02
4.033520768585339283e-02
3.874620109506331234e-02
3.770601880770869940e-02
4.135908371931410615e-02
3.784570105335599566e-02
3.819908787745689843e-02
3.875177894886289859e-02
3.694031788919579368e-02
4.481923114435319017e-02
3.784442817744421150e-02
4.708134785803048949e-02
4.948345375228779819e-02
4.473752906636150467e-02
4.206779635749630791e-02
3.983236936696060715e-02
5.297908159394910943e-02
4.543278279543040005e-02
4.429727522832141440e-02
4.178704151823770668e-02
4.203056213933060309e-02
4.257269442944280891e-02
4.007899860918000268e-02
4.283793494741909569e-02
3.908580835157170891e-02
4.176953159851900382e-02
3.866688300363189945e-02
3.866214378426690440e-02
3.993124101471530463e-02
3.983792762316990671e-02
3.639104497492100243e-02
3.505776686310310003e-02
3.727056220169059492e-02
3.788531532009529329e-02
3.744421322146539860e-02
4.147821612073278319e-02
3.669867002781249110e-02
4.079385731004040588e-02
3.937974055340520696e-02
3.757444120373069213e-02
3.602522271395739578e-02
3.676767709231921338e-02
3.506551663771151350e-02
3.569343188971649261e-02
3.416756503759599273e-02
3.416396672365579895e-02
3.648892483688468552e-02
3.498757184145510901e-02
3.524478719013321437e-02
3.407155270273019149e-02
3.676429713428670115e-02
3.803384878020830279e-02
3.442731560399470148e-02
4.016850512795819284e-02
3.612254763200779817e-02
3.483695205413481211e-02
3.691504117281450836e-02
3.491410981763000410e-02
3.910186788898930427e-02
3.501746841062890192e-02
3.827881110022349209e-02
3.901639501213360894e-02
3.698874533420470206e-02
3.663900162325191279e-02
3.952380225290199472e-02
3.718872504785459415e-02
3.598835474024759951e-02
6.860051508524479813e-02
5.321267854099358957e-02
4.754820049825350670e-02
4.537683614447410307e-02
4.383725935504039634e-02
4.778866958643750856e-02
5.874997643131790043e-02
4.685365762457610606e-02
4.242999019086848844e-02
5.040592235152049905e-02
4.378502548697840030e-02
6.698802950485117924e-02
5.307116397715239825e-02
5.234961098576410704e-02
4.384824925241690569e-02
4.150442009354089745e-02
4.635281673510109612e-02
4.259013092562958375e-02
4.020285048499041419e-02
4.061357370215958745e-02
3.995043773551220506e-02
3.741114836550330641e-02
3.659411343503801012e-02
3.563547744320059302e-02
3.858418173301141063e-02
3.765111216211149137e-02
3.742692076831309611e-02
4.370237374129020552e-02
4.409424378790909038e-02
4.407511862492419219e-02
3.950720072495419316e-02
3.835702282522048673e-02
5.062149385465850027e-02
4.443479915976569078e-02
4.091117538369449386e-02
3.913154939631167950e-02
3.743204115150450262e-02
4.039640582904979738e-02
4.574511579059869354e-02
4.017709371507488525e-02
3.690542539103390529e-02
3.658270749640500641e-02
3.504714133689439126e-02
3.539377289650050967e-02
3.723865475408820458e-02
3.810161889672140229e-02
4.653976201019249803e-02
3.820067045520020299e-02
3.620643200721139487e-02
3.800672745236240158e-02
3.663745061550569004e-02
3.681475482254179671e-02
3.595666937036290367e-02
3.633624531823730075e-02
4.928738845948198166e-02
4.230293408981150582e-02
4.095103104953760204e-02
4.015121382483360229e-02
4.064987392983671066e-02
3.905884210522748284e-02
8.537186477084639236e-02
5.673348873518021390e-02
5.965362178936179510e-02
5.202773991430079126e-02
4.877871632378420058e-02
4.210432103570970613e-02
4.346709875587310978e-02
3.982327546839090071e-02
4.268541694939281123e-02
3.875113000618950893e-02
4.167468007333329644e-02
4.002710077981869868e-02
4.254700609288868812e-02
4.748168260346320030e-02
5.768441119333379830e-02
4.465708659784760337e-02
4.070556371009770302e-02
4.079217934441069227e-02
3.851389358277569619e-02
3.939795592675029989e-02
4.026926751380078412e-02
3.980975328927670309e-02
3.749677514437040754e-02
3.761453797359669976e-02
3.611707843151229502e-02
3.513222717268010137e-02
3.559596317755741451e-02
3.458958088820879295e-02
3.572179591231079698e-02
3.398025550093009689e-02
3.973370251650349544e-02
3.803304881511460761e-02
3.632824375221799934e-02
3.898522555799720929e-02
4.308313964454129480e-02
5.067785599605958979e-02
3.921035869968540755e-02
3.785725209477779768e-02
3.731247861985029224e-02
3.695160828117620422e-02
3.834821364860500903e-02
3.689703541682049642e-02
3.721077458475269273e-02
3.867284849271129116e-02
3.799592317565780170e-02
5.066012377140691192e-02
4.053107884782219950e-02
3.875534366983818951e-02
3.770712221660959401e-02
4.992505003210770398e-02
4.390596396172190274e-02
4.770395694621101107e-02
4.317119246128871268e-02
3.828825487843328518e-02
3.643673785321090847e-02
3.527007114456139764e-02
3.528168163255519102e-02
3.512021263497620144e-02
3.379828195958869963e-02
3.646255022534140855e-02
4.735247959892798647e-02
3.795334765101219393e-02
3.594575031895790029e-02
3.610875989822470017e-02
3.544968776150439482e-02
3.617516241536850724e-02
5.276548045701168893e-02
4.504511252708390256e-02
4.097021315859030594e-02
3.764023449430319718e-02
3.577908964292749600e-02
3.534103024005800370e-02
3.787749422528419174e-02
3.463406294311080491e-02
3.640782875212059816e-02
3.436801694805530216e-02
3.394308002239849326e-02
3.597768172928590691e-02
3.379756859867428381e-02
3.928649115015060006e-02
3.714624998332209660e-02
3.408459702550369758e-02
3.850128147211259733e-02
4.800184722243350244e-02
4.102926714407419129e-02
3.830658343445839109e-02
3.865637055264119909e-02
3.717063541573938784e-02
3.598466733458909744e-02
3.512950184718199864e-02
3.443870289824631226e-02
3.439409540314080499e-02
3.903319521679060600e-02
3.359156524886050543e-02
3.277432947856940421e-02
3.527502041383899500e-02
4.381830659670879480e-02
4.343633264140579764e-02
3.779331994351910196e-02
3.622486654077590462e-02
4.773226912896350038e-02
1.372877019052992364e-01
6.748185986047820772e-02
6.234758620466131218e-02
7.077799716895849524e-02
6.238856571187172823e-02
9.538440859662533633e-02
8.357700588396452246e-02
6.336467896105718589e-02
5.550491381765670224e-02
6.351243642515561061e-02
7.109337668770177032e-02
5.469114256895971082e-02
5.028526161002509071e-02
6.622907873414579649e-02
6.704558890714139296e-02
5.505369418648009550e-02
5.262847485420390353e-02
4.926629484728200364e-02
4.560751819532889856e-02
4.603360576163119389e-02
4.415538423733959827e-02
4.638778320705098934e-02
4.423958635585409360e-02
4.574022440220728430e-02
4.129677026807369866e-02
4.106408785694780350e-02
4.317781045466029949e-02
4.281210211090209772e-02
3.924557771044100835e-02
4.055711145972530629e-02
3.843335016235640417e-02
5.021073173558011221e-02
4.112058742801969619e-02
3.867970982415619430e-02
3.921510822740600227e-02
3.621272324784538532e-02
3.617802189449169370e-02
3.571905715911719709e-02
3.485960858712591065e-02
3.629082274642390221e-02
4.032325400841981627e-02
3.605286333497511458e-02
3.747639952957670245e-02
3.599995716477311092e-02
3.444703305550579631e-02
3.420159246447469770e-02
3.748310045941349866e-02
3.575208736883778854e-02
3.442622427385530481e-02
3.338261108605239391e-02
3.722223863345858891e-02
3.665758944123560098e-02
3.775201818027810324e-02
4.402563748667559507e-02
2.471913955251372197e-01
7.368172508588251290e-02
5.440235796925148998e-02
4.775291250459189757e-02
5.997381696633207609e-02
4.868055608924511113e-02
4.399468548186060562e-02
5.367187813614610059e-02
8.366702009524479289e-02
6.221738114410139964e-02
5.345928773473089535e-02
5.003789651215470591e-02
4.630341283494280452e-02
4.484684054492150962e-02
4.374385164076158294e-02
4.322398840950301274e-02
4.290629460582730259e-02
3.946421645140320983e-02
3.801624920079130221e-02
3.802225510836301781e-02
3.747881094278519842e-02
3.823690690209959747e-02
3.710736074340340029e-02
3.756077123874549534e-02
3.582515521654290602e-02
4.953358384563770478e-02
4.076653531644650053e-02
4.126918496098989919e-02
3.805159558546839654e-02
3.750871137092028768e-02
3.638587544517620648e-02
3.810705966334449607e-02
4.628468737408738404e-02
4.252300160319397865e-02
5.134960214845210591e-02
5.112827374783891071e-02
4.732248282793510147e-02
4.229506270350769787e-02
4.105659852899069123e-02
3.784398838801149301e-02
3.773761405640128908e-02
3.871911438604140610e-02
3.593497451358379502e-02
3.795781058960039089e-02
4.131870807452398681e-02
3.774535235589190907e-02
3.574785816631371321e-02
3.514708041994979437e-02
3.423059183232499830e-02
3.565704395302309732e-02
3.768196432400630624e-02
3.598734001056629744e-02
4.176952142400278817e-02
3.681486782821661446e-02
3.508722490145849138e-02
3.564495968201089604e-02
3.562380265159600240e-02
3.648526009190759811e-02
3.593428490224719746e-02
3.652732361705578884e-02
3.333068638230130692e-02
3.388029458002810718e-02
3.653449303960119160e-02
3.588722597258138525e-02
3.511992662066638904e-02
3.827816169757339293e-02
3.706175490000889611e-02
3.621975144018139969e-02
3.851968753849250443e-02
3.421533683848379526e-02
3.406697873493799711e-02
3.269566401218679946e-02
3.335387134918379320e-02
3.499410890119330347e-02
3.386520917242330508e-02
3.287035669667368737e-02
3.316530041562040093e-02
3.253404136037071209e-02
3.243233425547280974e-02
4.322567429146990936e-02
3.465469684655340249e-02
3.463626517460789700e-02
3.643613405339879430e-02
3.593051541614009775e-02
3.385215696721969453e-02
3.376784845126690193e-02
3.740330406961888537e-02
3.662090409545139258e-02
4.354373796219770248e-02
3.928197705543400031e-02
3.586459198634989187e-02
4.320101114551970489e-02
3.473623098597730663e-02
3.428469367254610017e-02
3.314336895318970022e-02
3.180476196573318870e-02
3.115517242384820140e-02
3.131220781148600502e-02
3.725578906237041188e-02
3.359492024421539824e-02
3.183144548276679170e-02
9.444878234186279697e-02
4.343493606887890990e-02
3.974725513883170525e-02
3.689492747051879851e-02
3.822236635291740431e-02
4.054873752341439652e-02
4.240313743835780191e-02
3.516746822153780233e-02
3.506983802295829400e-02
3.444905313244359113e-02
3.245288316796830774e-02
3.260921518922269696e-02
3.237363074195759999e-02
3.112160235209000120e-02
1.394035609904606121e-01
7.752946546100969449e-02
6.201828758194819630e-02
5.260367730005609255e-02
5.446742721899510559e-02
4.554261916751269068e-02
4.625911258629280404e-02
4.359397158271559325e-02
4.081408233276510172e-02
3.871009433902450336e-02
3.773895151677019583e-02
5.508449993231649688e-02
4.228997725425510945e-02
3.742130631084449738e-02
3.567418522249018314e-02
3.594439100938059267e-02
3.496486846094019885e-02
3.626122448604549714e-02
3.394840575085310980e-02
3.393058111541410321e-02
3.308192325004899459e-02
3.853284813085979671e-02
3.460768456949259858e-02
3.292917435259601344e-02
3.236159310526629668e-02
3.217612618510921202e-02
3.172732691191950533e-02
1.956443541517399742e-01
5.526625248088078840e-02
4.845833591620349323e-02
4.058847359446619840e-02
4.190326794873579924e-02
3.940158588156550401e-02
3.735911607785549760e-02
3.580237758798720388e-02
3.444819116215470239e-02
3.544324159386919720e-02
3.823113659922919988e-02
4.463701073652571322e-02
8.596229174000356854e-02
4.672991729870229483e-02
1.758076988658934803e-01
6.216078104034620383e-02
5.052456184459021282e-02
4.256484528454570343e-02
4.159660713575860647e-02
3.866906782863020753e-02
3.844809957319200028e-02
3.969584229153799021e-02
3.654970089451129583e-02
3.977237324337010854e-02
4.908594650306929985e-02
4.382387690676190634e-02
4.643514406751621248e-02
3.881670625236180450e-02
8.865492885279940838e-02
6.154630351296159346e-02
5.484559841537829661e-02
4.700782647329528746e-02
4.280156887131299909e-02
4.287899959872840117e-02
1.043508659588752718e-01
6.963902165141276634e-02
5.858161580441268584e-02
6.404966213629131877e-02
5.444743560340550154e-02
5.524079116686871765e-02
5.680537991837091710e-02
4.556751664906630306e-02
4.701465728964080576e-02
4.291187221177129862e-02
4.494884607013560629e-02
4.862966908520169329e-02
4.011413615512630926e-02
3.984924528863358073e-02
3.787811649264770375e-02
3.714565032264199179e-02
3.764448380843580383e-02
3.861296800492299702e-02
3.852600871601859905e-02
3.805810676765280370e-02
3.780827452196990762e-02
3.719816272474221058e-02
3.682932244294190305e-02
3.725361892697240385e-02
3.830377189349110090e-02
3.942081792383489436e-02
3.816500035396230839e-02
3.714587333083450849e-02
3.514144172703709268e-02
3.581753890167419657e-02
3.490394393912949617e-02
3.751554712872270242e-02
3.409588057916399656e-02
3.683309883968440002e-02
3.865255780119461471e-02
3.411967052532849376e-02
3.297763530733729964e-02
3.319293561190070352e-02
3.439597509841128831e-02
3.597530618866229268e-02
3.316459023530639316e-02
3.607025270935520361e-02
3.293053020668929715e-02
3.418739662579040745e-02
3.222604730563800868e-02
3.468225057072811535e-02
3.421670184393180159e-02
7.408094177932580959e-02
7.292639844506881852e-02
6.201118358501789968e-02
5.345590755454399101e-02
4.530210937447590180e-02
4.905883445009638633e-02
4.335806354189319922e-02
3.987847939094671390e-02
3.728769043556429130e-02
4.078140013264951180e-02
3.873365340215668973e-02
3.704527793806371150e-02
5.079801683716787808e-02
3.766926189147719317e-02
3.679507286175650455e-02
3.523635959311609972e-02
3.351342294904209596e-02
3.321864374207229853e-02
3.283972317459640800e-02
3.388090510423710788e-02
3.410200805539819607e-02
3.387291503275509374e-02
3.967911569905759051e-02
3.320722362451171417e-02
3.433772431546269072e-02
3.313991898820400211e-02
3.183330969876930344e-02
3.186243682141010058e-02
3.376832153523971758e-02
3.257912656076999980e-02
3.332539913020150790e-02
3.892209846969389708e-02
3.730633569160269475e-02
3.760007623445259239e-02
3.583182386236920952e-02
4.406291562926899913e-02
3.719378635111450504e-02
3.567542476104349630e-02
3.895649635930219928e-02
3.714801170129510000e-02
3.431162456378830661e-02
4.183629664261169501e-02
3.750665447180590029e-02
3.758757843268459992e-02
3.707426090387840045e-02
3.450395230679158959e-02
3.493073296023760377e-02
3.343562952563170626e-02
3.381640018015879406e-02
3.387786078779778803e-02
3.670631875432590202e-02
3.340378884466909531e-02
3.264927975514280573e-02
3.198112442928149890e-02
3.135750058610650010e-02
3.156124719890780056e-02
3.260021389392448593e-02
3.314583108497160674e-02
3.222850282689580098e-02
3.180525343798069199e-02
3.293826183900499388e-02
3.334479982020689681e-02
3.742088018794070131e-02
3.431708331412959556e-02
3.259852038859480106e-02
3.157685826526810541e-02
3.219991517112370805e-02
3.297062414063661046e-02
3.206464656085849380e-02
3.587855138855840231e-02
6.116482679791189481e-02
4.050769997859578891e-02
3.735983726720730480e-02
3.487149067547080927e-02
3.433436038129509399e-02
3.417178502398039025e-02
3.266701656665278730e-02
3.214752297945400877e-02
3.587677487540150145e-02
1.512580787808783245e-01
7.728007331028408089e-02
5.902898345772350508e-02
4.985359126760159632e-02
4.358844749018700448e-02
4.195201881326859894e-02
4.258878302129429777e-02
4.325259618967521036e-02
3.740572321923489596e-02
3.533425539116520631e-02
3.558488065192420835e-02
3.490330387377240523e-02
3.496199742609969879e-02
3.558238594188369713e-02
7.935130366693732284e-01
3.681322809926159678e-01
1.168091897028211978e-01
9.509960475811893299e-02
7.663699043138141875e-02
6.100227260010798735e-02
5.759472383094491749e-02
5.708218949070910375e-02
5.558721350140800876e-02
5.304170703231060602e-02
5.620540631382059393e-02
5.248662998275720193e-02
4.816005950533030350e-02
4.942600708313903135e-02
5.038672801650809219e-02
4.666081536626860704e-02
4.535642618929679876e-02
4.384719320177159901e-02
5.344502335415469291e-02
4.575031659471890527e-02
4.389286420000940159e-02
4.301384026282199097e-02
4.306939808847829593e-02
4.149300338605370342e-02
4.062451003789549486e-02
4.482929705636590212e-02
4.189888191080799046e-02
4.090682713009179822e-02
4.259199362506489034e-02
4.042038719931151380e-02
4.057799948399409828e-02
3.917583870415779906e-02
4.234406688809689429e-02
4.053938233503869698e-02
3.840353268937801018e-02
3.818391119284109125e-02
3.702209730445150254e-02
3.898585628293318311e-02
3.932269135899540274e-02
3.769279875959859888e-02
3.659881649374139428e-02
3.603228678380579475e-02
4.744906052316058553e-02
4.227019349243668622e-02
3.939106210331119740e-02
3.748047236533330606e-02
3.766646145571299342e-02
4.416739491266098716e-02
3.886087621546611970e-02
3.801204091573170962e-02
4.230875360023819698e-02
4.907719321742660262e-02
4.018418599101120092e-02
3.808932452207179631e-02
3.665870371993310006e-02
5.098405179572760432e-02
3.971961737090599215e-02
4.308879309609490310e-02
3.835143902235031016e-02
3.624136508102539928e-02
3.548786614003359569e-02
3.668929490445400898e-02
4.097797582445551062e-02
4.447370396625879158e-02
3.873829371090060231e-02
4.328814774704730500e-02
4.638562576526999992e-02
4.373829794723508441e-02
3.811345420202399970e-02
3.644315511113409983e-02
3.618602248365479501e-02
5.645286131794658574e-02
4.293257405455440379e-02
3.810804441787669222e-02
3.718736371498069376e-02
3.918071504063960764e-02
3.904887627754429630e-02
3.785598280746220456e-02
3.710554450805090415e-02
3.653638012648920130e-02
4.595134931493668334e-02
3.948054455502369997e-02
3.665195265877020658e-02
3.558491460767590486e-02
3.562158212472221058e-02
3.497431471888259175e-02
3.672986344951010423e-02
3.703761266209341235e-02
3.758422471166679435e-02
3.779298443268109403e-02
3.440978354733829903e-02
3.465195224412430386e-02
3.599092622680000186e-02
4.084225596402629721e-02
3.697470217472929865e-02
3.812209653289178740e-02
3.502209419063249951e-02
4.223863992535449585e-02
3.689093856717691466e-02
3.517670466181790218e-02
3.532970596396430019e-02
3.462341183676290179e-02
3.488265355864628853e-02
3.808968055486709747e-02
3.654598580265960156e-02
3.598949945290608882e-02
3.496764581842488895e-02
3.826414788502549569e-02
3.477620277625569079e-02
3.770720907647049508e-02
4.383413786894391206e-02
3.793375956910068764e-02
3.586805851641589743e-02
3.672203426469789617e-02
3.447926309892349744e-02
3.309827965415010342e-02
4.281516510689590410e-02
3.588393124428199826e-02
3.620932331551030003e-02
3.577237594010899274e-02
3.356145277592190168e-02
3.233324879216289971e-02
3.368429073650280187e-02
3.293560496053209163e-02
3.169128788686358805e-02
3.810256981131780740e-02
3.491641623122060389e-02
3.932435418173939323e-02
3.456996677550171204e-02
3.413118792189289569e-02
3.235563909514200392e-02
3.213509921644770034e-02
3.305412108863140658e-02
3.226289368818259506e-02
3.201628491246170938e-02
3.975444222225051061e-02
3.363997157544550143e-02
3.347866797629730357e-02
3.185140615140810011e-02
3.736429029359540632e-02
3.389619273131500715e-02
3.327927308495520764e-02
3.495830089272689706e-02
3.296094557602340103e-02
3.174543045406640757e-02
3.319292624020549892e-02
3.248143262607890852e-02
4.810694103963369939e-02
3.737850153973238526e-02
3.781870250116930315e-02
3.571751235960080734e-02
3.485317897827399508e-02
3.605724314918260648e-02
3.419280902471750344e-02
3.363633105766690445e-02
3.305069892313839547e-02
3.214473521914701371e-02
3.398549919915130890e-02
3.185119132358659594e-02
3.269248818655029476e-02
3.139313066708260269e-02
3.108462555244039666e-02
3.203450987507800579e-02
3.123596579308330137e-02
3.053408745368340130e-02
4.802736046877888187e-02
3.687707245433048675e-02
3.300017744462339225e-02
4.827949518652419753e-02
3.837617169234339154e-02
3.476328422523449618e-02
3.848380077285130235e-02
3.433698283687140057e-02
3.427148060416251169e-02
3.490426721408859678e-02
3.429366902422889551e-02
3.273183815140040531e-02
3.162000629179229777e-02
3.174199328934310116e-02
3.234149653258130280e-02
3.789294209343700010e-02
3.812776891959189507e-02
3.525299028426569919e-02
3.410602427717830676e-02
3.591340721568191119e-02
3.299026343815898710e-02
3.503138090325158549e-02
3.391870411825101406e-02
4.380891263238088917e-02
3.735463205345700838e-02
3.487663428998539344e-02
3.256935972620649683e-02
3.561083096142230592e-02
3.486805165184909960e-02
3.242605879418579418e-02
3.242161088989769374e-02
4.392124365196870689e-02
3.600963000178260265e-02
3.601384645629929909e-02
1.052096767571237268e-01
6.509408285991728771e-02
5.308835140315659729e-02
4.701125391601741060e-02
4.419481870958229253e-02
4.646516423480951535e-02
4.081552917181269224e-02
4.229426858254998339e-02
3.791606768939820987e-02
3.864587644509719783e-02
3.853399807327910487e-02
4.217038749198059877e-02
4.251735750925000196e-02
3.962602265520830114e-02
4.790042513688481940e-02
4.070061296885729013e-02
4.328316385651299891e-02
3.991369690590028385e-02
3.847016772347280900e-02
3.726402384030751830e-02
3.737828173866529491e-02
3.483089105765958815e-02
3.692875152192180710e-02
3.337071018069729528e-02
5.181857444208958635e-02
3.944957752246730509e-02
3.972780920947270589e-02
3.502399871818349247e-02
3.391000785152470387e-02
3.709563706394779226e-02
3.369943501392018426e-02
3.417240710236771339e-02
3.342435151437479768e-02
3.550293251470428707e-02
3.393258036846829445e-02
3.304198104048540474e-02
3.191434611730119969e-02
3.295556595555609869e-02
3.213868441587950514e-02
3.126539077273080697e-02
3.131229071025010136e-02
3.190696449866809586e-02
3.062055963599580322e-02
3.097578190766409750e-02
3.061637487834019747e-02
3.064780846853260715e-02
4.194701271289039829e-02
3.546630426619978849e-02
3.548945367889388969e-02
3.487632760236099999e-02
3.192818691944519088e-02
3.286577269016620340e-02
4.179183540997700314e-02
4.224981704398450555e-02
3.850911311619140132e-02
5.653840279717350925e-02
3.721072174038558833e-02
3.463447627517748928e-02
3.452582153146990102e-02
3.519241377919920394e-02
3.229809433968459931e-02
3.195646489767990650e-02
3.661129027833560923e-02
3.224843860530039047e-02
3.227960135367230476e-02
3.164936283982700688e-02
3.090641780846460629e-02
3.098396170145299722e-02
3.281569709813750985e-02
3.017455741929520388e-02
2.971861320247030230e-02
3.308766112151290129e-02
3.349209193004720059e-02
4.020034326067870034e-02
3.435902631795840351e-02
3.240103329971949497e-02
5.121247781605610394e-02
3.465487923351751043e-02
3.311769170735300721e-02
3.122992597325710551e-02
3.323153450630750294e-02
3.448944949017689748e-02
3.810306650762228936e-02
3.429428304626939289e-02
3.472507081283680852e-02
3.258774753821380710e-02
3.358721166299000194e-02
3.573316772714131562e-02
3.317973837234339252e-02
8.223429019248998384e-02
4.307372239711161621e-02
3.688291423069300912e-02
3.625002919379740479e-02
3.374780747375671214e-02
3.792755122692779285e-02
3.331614427305019249e-02
3.552580798837080139e-02
4.467238400829800365e-02
3.501538833910100568e-02
3.303305514753560046e-02
3.223821570526259894e-02
3.222658860022901278e-02
3.276495014621710195e-02
3.387463518542518925e-02
3.429825203595249922e-02
3.227350221732490365e-02
3.054903418906859680e-02
8.494357850651286512e-02
4.972254140029810227e-02
5.019392737363669033e-02
4.410175480336889914e-02
3.470021366563090515e-02
3.725276735295589281e-02
3.212863157433751282e-02
3.236269600126399915e-02
3.234093366659820251e-02
3.145058361262539903e-02
3.079041287925420381e-02
2.978389889284480466e-02
3.108654581898709704e-02
3.390357690362531817e-02
3.098361164673700194e-02
3.006054481450539176e-02
3.069766232148230314e-02
2.971385380981930030e-02
2.922507952028869857e-02
3.075675293217619566e-02
3.182920584271060199e-02
4.054498744118469750e-02
6.116126391305629767e-02
4.603490550606769566e-02
3.716061281863281690e-02
3.522730596101150691e-02
3.334587058869860343e-02
3.436300490432880189e-02
4.275861222042480481e-02
4.123818453081390389e-02
3.621874287057309794e-02
3.440530733699871668e-02
3.446941156844519211e-02
3.289278494667340069e-02
3.532752520662860163e-02
3.219551516411138514e-02
3.179386298660669824e-02
3.124173278435419393e-02
3.224882912413509078e-02
3.254389445467950615e-02
3.082806403062700318e-02
3.563220313970669878e-02
3.595267149859650291e-02
3.814978363015600338e-02
3.871808319262168979e-02
4.239480099611230707e-02
3.572538216719019916e-02
3.596013902210359880e-02
3.390981044589649884e-02
5.166695919635729689e-02
3.824515489362170784e-02
3.474275871405160809e-02
7.738067827298290846e-02
4.532739546820301058e-02
3.962789483883377706e-02
3.734405444002750207e-02
3.690912736342660816e-02
3.454087805361470004e-02
3.475587687496349554e-02
3.976859319442700019e-02
3.494190957766480504e-02
3.469096925644858664e-02
3.192955665583050578e-02
4.153478263164209899e-02
3.640944874135351728e-02
3.302338286351110680e-02
3.348961422049119563e-02
3.355821923661950895e-02
3.662557758896790167e-02
3.478893154046879682e-02
3.907326286393660725e-02
3.562142360845139966e-02
3.393686788838969765e-02
3.213120076058609970e-02
3.104032612877989303e-02
3.374760002970199346e-02
3.227220752681830146e-02
3.212379014538960936e-02
3.330492933970358865e-02
3.168448518177269940e-02
3.318614183979679000e-02
3.254421237399039712e-02
3.155925607882219958e-02
3.063149264171070169e-02
2.988411255442700171e-02
2.980144423447829080e-02
3.185769558098040105e-02
3.311197344249639657e-02
3.072316744223249629e-02
3.089697017460680054e-02
3.166255032382779555e-02
3.273221829278760014e-02
3.264281119013460325e-02
3.250882861193780254e-02
3.130676381645050577e-02
3.517289757167911535e-02
3.190817300797449407e-02
3.286277310142830116e-02
3.051422979412690348e-02
4.192444903241770993e-02
3.799706632588530780e-02
3.273736511824299616e-02
3.919275358263999559e-02
3.387905674481960644e-02
3.256341825821239266e-02
3.320427334121719282e-02
3.242280936235570482e-02
3.114676517902220665e-02
3.016448538573340485e-02
3.040898862244150250e-02
3.301566789286600884e-02
3.610050689016239961e-02
3.194703359675359761e-02
4.661013613427419933e-02
4.038066494465928497e-02
4.121195603284230624e-02
3.475803193162578519e-02
3.311574971167630804e-02
3.366859141876580447e-02
3.192488027951069507e-02
3.191719401185220267e-02
3.568058649922360021e-02
3.184197110303730455e-02
3.116018221835299695e-02
3.238827185077669535e-02
3.291416849054881050e-02
5.972694597939130073e-02
6.130917525716847449e-02
4.776895118340071522e-02
4.167820147790429058e-02
3.964303507634880930e-02
3.668173058021641231e-02
3.399085893152118537e-02
3.237130843800381519e-02
3.241655626663199341e-02
3.323024297144858835e-02
3.356613128885629904e-02
3.415330189997829030e-02
3.259597846161949031e-02
3.106700542543200036e-02
3.043259834789510676e-01
1.055990064247564059e-01
7.434132466200130129e-02
5.993516803121178016e-02
5.343191547871341956e-02
4.823560919465150199e-02
4.371994749832189969e-02
4.119704765330908097e-02
4.427809720906220048e-02
3.924949880911809963e-02
3.715315766298340344e-02
4.950850340117451953e-02
3.900796775037559255e-02
3.677274269799279266e-02
3.976089327116319461e-02
3.616499211066279834e-02
3.600471301749719188e-02
4.239774419244649734e-02
3.948595674471339773e-02
3.721992773678140659e-02
4.045387926903821346e-02
3.896571113608289505e-02
3.506288609833050490e-02
3.529799227793850580e-02
3.775124074748519021e-02
3.636492675731750612e-02
3.755869728883119707e-02
3.475389186265880753e-02
3.320117645987980676e-02
3.460761729190119790e-02
3.179118451391779732e-02
3.321290673334110349e-02
1.284554878456828086e-01
6.826517058614660349e-02
4.725264943565399278e-02
4.891848869273911216e-02
4.189917244214291098e-02
3.904403843925628725e-02
5.023311732433439342e-02
4.186457929232710595e-02
3.926389929515810423e-02
4.259179157878090205e-02
3.895863265451749574e-02
3.564776576389298846e-02
3.994635375153689910e-02
3.505296774124369574e-02
3.341709297619829128e-02
3.347993515882279753e-02
3.508426377838640836e-02
3.544215912487460457e-02
3.191092710064209748e-02
3.551399332650381074e-02
3.270391735021799251e-02
3.087298140823130713e-02
3.201902051154621037e-02
4.190399510739330202e-02
3.398740976849960044e-02
3.138953525029570396e-02
3.307339974651050951e-02
3.321458236829950839e-02
3.321786996554079024e-02
3.088646113442089156e-02
3.130653713479029238e-02
3.039524854770619608e-02
3.995287139631231721e-02
3.443911240440310217e-02
3.139239875118210454e-02
3.154480966580949786e-02
3.081095997459910862e-02
2.962649786519130218e-02
3.008947425211529539e-02
3.089228253306509908e-02
2.933629206165720010e-02
3.738245923163389939e-02
3.162963206973440355e-02
3.057371063663680277e-02
3.204338834108391015e-02
3.239097631138040251e-02
3.256162027243420659e-02
3.207591334561230717e-02
3.099954355775610612e-02
3.019599950811199113e-02
2.939248861640550436e-02
2.966608355867669106e-02
3.383204685580690207e-02
2.893860744901989232e-02
