-5.182101654232655619e-02
-1.294419891077959939e+01
-5.734853866571949788e-02
-6.204200162809565822e-02
-5.190413684413069245e-02
-5.004598168563736266e-02
-4.724588644007392951e-02
-1.343546889709818792e+01
-5.836478382007897342e-02
-5.064151636970136428e-02
-4.710771632897296779e-02
-4.642676280689925911e-02
-4.444654537864332206e-02
-1.241483870247748023e+01
-5.489359313482870817e-02
-4.743679472806795749e-02
-4.489303835710389129e-02
-4.459041155402999196e-02
-8.647581915653159257e+00
-5.034623683748893491e-02
-1.673424830925576856e+01
-1.621359216919430468e-01
-9.636722016735457808e-02
-7.817421698421661569e-02
-6.621060707570491921e-02
-6.183060507716287707e-02
-5.678899057526662353e-02
-5.250387924579999477e-02
-6.246611796697434937e-02
-5.911453729761294296e-02
-5.582078232457055034e-02
-5.387664829126243698e-02
-5.362228459688727494e-02
-5.243838443424379131e-02
-4.836595602468135580e-02
-4.831597156922470132e-02
-4.576244095999683348e-02
-4.526575033451716440e-02
-4.404317510948307923e-02
-4.332071303986011895e-02
-4.583298423795933302e-02
-4.372978697024167832e-02
-4.229274967614476272e-02
-4.173415062577790630e-02
-4.429361244339530962e-02
-4.096858814849669433e-02
-4.108468108843693622e-02
-4.378706530190377977e-02
-4.008202662850425535e-02
-4.441580050624154008e-02
-4.365337891209165877e-02
-4.041946710028684192e-02
-3.931102951729951306e-02
-4.111431775420589657e-02
-4.107537031898055024e-02
-4.454018533768545202e-02
-4.200401215360193702e-02
-4.550996323148474160e-02
-4.526166905222046843e-02
-4.275254406865774265e-02
-4.025839849088146127e-02
-4.723784065414309008e-02
-4.145421128608221123e-02
-4.468108765436353685e-02
-4.169133453352675406e-02
-4.356884616575187885e-02
-4.432792504017465246e-02
-4.163895593282831292e-02
-3.973390001335064259e-02
-3.943753989989790681e-02
-3.845168813198365787e-02
-3.775992303565688102e-02
-4.469362197057732966e-02
-4.366614913478848031e-02
-4.249671842842993319e-02
-4.798199499166469484e-02
-4.565369322037218097e-02
-3.951530207589203786e-02
-3.883411614793241817e-02
-3.769915369415328954e-02
-4.165317587673812716e-02
-3.913918334694636153e-02
-1.134381243175999820e+01
-5.945585835118985529e-02
-4.620298065754244871e-02
-4.320300705920439299e-02
-4.015341062951215817e-02
-3.998648655626981657e-02
-3.909927450179773861e-02
-3.765943587623745564e-02
-3.911600509216148214e-02
-4.078161772985239991e-02
-3.947543442160927202e-02
-3.908329008889628586e-02
-3.747017602433531935e-02
-4.124439356264698875e-02
-3.641482167102418066e-02
-3.745391694289321172e-02
-3.897073014170934768e-02
-3.784153062866030259e-02
-4.098675217793388420e-02
-3.899623643062038320e-02
-3.711304080537094346e-02
-3.736781987570376301e-02
-1.071337691017358118e+01
-4.408708818938679441e-02
-3.855346921349259853e-02
-4.152683840080374084e-02
-4.191563579031102466e-02
-3.925751489044698728e-02
-3.982127589533635686e-02
-4.371773801540300430e-02
-3.962982666768778001e-02
-4.008041079316793792e-02
-4.189530760826769284e-02
-1.485048648190540099e+01
-7.640508816331847974e-02
-4.707486044153238319e-02
-4.684570205064621240e-02
-4.079644791388549463e-02
-3.865622054993913398e-02
-3.933819277619925170e-02
-3.849979034573698666e-02
-3.796835015847964401e-02
-3.799730360425395553e-02
-3.668597214187219874e-02
-3.723623339180152925e-02
-3.623987621993570579e-02
-3.664026477876022869e-02
-3.667366499104863370e-02
-3.572212487369072487e-02
-3.583682165951840998e-02
-3.738873093190008684e-02
-3.651008604613532882e-02
-3.559923088745138575e-02
-1.603480705425066688e+01
-8.779105911570160570e-02
-6.400305985596005387e-02
-5.953342542920697644e-02
-4.952427152331837640e-02
-4.747104356680920123e-02
-4.308710569606091778e-02
-4.211343167364825502e-02
-3.972883968043214309e-02
-4.532304101133274171e-02
-1.432972215922853998e+01
-4.353316902444177849e-02
-4.117718605748775518e-02
-4.425202296881612651e-02
-4.834622614988710876e-02
-6.545755523532594822e+00
-1.534745211706563950e+01
-8.128882862715272606e-02
-1.176936706360596396e+01
-6.478731253672756485e-02
-5.791935028518500894e-02
-4.623449696114571156e-02
-4.344186629051284554e-02
-4.223467638697456922e-02
-4.227042815048707297e-02
-4.115624585643221783e-02
-1.399084030950349700e+01
-9.923264187714103679e-02
-5.874459993535780661e-02
-2.096687868591462234e+01
-7.155724468274818340e-02
-5.625081405866964174e-02
-5.087493664096843365e-02
-4.834210261871586117e-02
-4.477171475066778900e-02
-4.239850807874634420e-02
-4.204851400268375117e-02
-4.163312761176544974e-02
-4.242712681720414020e-02
-1.445454346689845693e+01
-6.386368407362633115e-02
-4.815990308403265280e-02
-4.662584775873023640e-02
-5.282300371071167733e-02
-4.346928851866653509e-02
-1.297223611923839748e+01
-4.251909729247994180e-02
-4.145253691190155243e-02
-3.934935141729583447e-02
-3.854527776722077581e-02
-3.845673307123904233e-02
-3.704590167522284899e-02
-3.822306355491512236e-02
-4.073038891746378481e-02
-4.742181469864486382e-02
-3.973908354573847668e-02
-4.040462381918133450e-02
-3.866490878561303079e-02
-3.811757637202736748e-02
-3.747009640154327914e-02
-3.890837621919758516e-02
-3.858529099608037222e-02
-3.764577710435609847e-02
-9.371537628763896066e+00
-4.419304736737945244e-02
-3.934087651048255585e-02
-3.837466623043166158e-02
-4.162815139906578948e-02
-3.906462346575874378e-02
-3.858198907152552565e-02
-3.878598089716051023e-02
-3.683859459121405916e-02
-3.882131565026229053e-02
-3.643821233478278937e-02
-3.703962342589912915e-02
-3.758360313894263532e-02
-3.836082574734617223e-02
-3.851102901968839198e-02
-5.210203532523149245e-02
-4.153405040761935091e-02
-4.264398649309827233e-02
-3.826092055658784213e-02
-3.713064149119060103e-02
-3.976863546992079335e-02
-3.918949918245692027e-02
-3.983087032701017327e-02
-3.944382780214771012e-02
-3.930873111731389424e-02
-3.760685201099817077e-02
-3.619758466492190019e-02
-3.500479793918022386e-02
-1.428905135975005791e+01
-5.379110340433047865e-02
-4.071506239136395838e-02
-1.159245566132463168e+01
-6.085989290172000299e-02
-4.616609382805705875e-02
-4.113823488085618929e-02
-3.966763992594415228e-02
-3.910803348653700551e-02
-6.656841651357532896e+01
-4.021463077017415899e-01
-2.223078770892532308e-01
-1.555968770179947946e-01
-1.214113263761238681e-01
-1.680112677000193955e+01
-1.980477635583378082e-01
-1.242349308993273005e-01
-9.847352110989344987e-02
-9.327352526654804354e-02
-8.006234723048862023e-02
-8.571992206915156343e-02
-7.963779471898750628e-02
-6.693941090302861496e-02
-6.363716528802983163e-02
-6.621796265810522830e-02
-6.001852030709275282e-02
-5.684653846134761490e-02
-6.678612015463611384e-02
-5.485442228301605494e-02
-5.146074255561851329e-02
-4.931542645204383540e-02
-4.984843266536427564e-02
-4.853855143863246985e-02
-4.781730464331418462e-02
-4.731655590156004509e-02
-4.772996022312046144e-02
-4.895554894220316422e-02
-4.758310699049305564e-02
-4.731932339959694922e-02
-4.430346267029248997e-02
-4.468355393573558015e-02
-4.925610587386193562e-02
-4.577364707517641434e-02
-4.550343769964528690e-02
-4.293596775499847890e-02
-4.839123250146716571e-02
-4.842996924470681364e-02
-4.338117952778512004e-02
-4.206504848508293981e-02
-4.117999375343384810e-02
-4.618016956423080799e-02
-4.387582131542266256e-02
-4.099114371097502957e-02
-4.146120623160812202e-02
-4.511891186616546340e-02
-4.279577963751005770e-02
-4.161025895349042963e-02
-4.188890803405089652e-02
-4.000911984734596000e-02
-3.994880068969085957e-02
-3.937211811622703950e-02
-5.033477109489983836e-02
-4.284790589248083786e-02
-3.942358305578252953e-02
-3.908555163238654900e-02
-4.214884980505164552e-02
-3.941021348199660879e-02
-3.860846319687691319e-02
-3.960221106549923625e-02
-3.953251475392129122e-02
-1.444635872088244000e+01
-5.767100903122418520e-02
-4.694626335573434672e-02
-4.118310934748244112e-02
-3.925652302720687714e-02
-4.063388910774053120e-02
-3.949547578867811798e-02
-3.966601006882616159e-02
-3.847442187978100669e-02
-3.788629989368579032e-02
-1.490345136786605984e+01
-5.183979008513769915e-02
-4.829226491901782159e-02
-4.553329127321648073e-02
-4.285705196573622033e-02
-4.161225591210745978e-02
-4.036579597915798678e-02
-4.370598216493844224e-02
-5.520424548264029480e-02
-4.383139536962511740e-02
-4.390307336125611609e-02
-3.986792892920215658e-02
-3.923074026024958583e-02
-4.040069887796475523e-02
-4.222089556652822151e-02
-3.877177781645690241e-02
-3.798562658341283343e-02
-4.523167724773410198e-02
-4.087225766627568257e-02
-3.855859180453237445e-02
-4.144842688205883224e-02
-9.278773272319527976e+00
-1.120002987957476925e+01
-6.644288202021532419e-02
-1.272394736092785017e+01
-5.216900819255210903e-02
-4.826259420007577433e-02
-4.693030651300897360e-02
-4.388851471757945766e-02
-4.179479412135315292e-02
-3.954720884173817952e-02
-3.843613276532391321e-02
-3.897012682443116993e-02
-3.847213153889083442e-02
-4.009783280893913782e-02
-4.160214109671840632e-02
-3.687031251909941854e-02
-3.675036539673292441e-02
-3.756903732390175221e-02
-4.103903444915713017e-02
-3.893571650455786293e-02
-3.836508396380223368e-02
-1.091558891268490328e+01
-4.385665889629798003e-02
-3.972932309140709412e-02
-3.759691702021115967e-02
-3.840832073976793021e-02
-3.752198575820095416e-02
-4.243368244512862181e-02
-4.262195383830408302e-02
-3.987328921679482441e-02
-3.906280019413033155e-02
-3.727927512704271723e-02
-5.189731807893742388e-02
-3.837340463111713756e-02
-3.722700739894083122e-02
-3.607419988782684800e-02
-3.644272687518562009e-02
-3.839502789502087510e-02
-3.921881024939226357e-02
-3.807273255721088656e-02
-3.974879393988037940e-02
-3.647145447268098500e-02
-4.221186201082494788e-02
-1.280761485421623114e+01
-5.657617595233515456e-02
-4.601269494497966378e-02
-4.237465659066350088e-02
-4.146050027742617661e-02
-1.557453869647971523e+01
-2.593150004064317948e-01
-7.304173794220741867e-02
-5.575698271780938492e-02
-5.539872695610620346e-02
-5.169937641550870905e-02
-4.738841805923909439e-02
-4.687528066140349975e-02
-4.429211202906425254e-02
-4.508070400067479278e-02
-4.409665709491082664e-02
-4.832402817873497625e-02
-4.338471839358547938e-02
-4.534294853192411684e-02
-4.084491763480410653e-02
-3.996155157682761833e-02
-3.875257411409971375e-02
-3.854264356624277632e-02
-4.428091317793760723e-02
-4.232754069041028827e-02
-3.874308429924507025e-02
-4.078251075103384027e-02
-4.181706483745065844e-02
-4.021494275402502649e-02
-3.806982194835373950e-02
-3.772711789675029653e-02
-3.557816105103272369e-02
-3.686954343569478348e-02
-1.662429415164080382e+01
-7.118058769540958064e-02
-5.255856308384498216e-02
-4.449338789360045981e-02
-4.224737893346534878e-02
-4.481327925374167798e-02
-4.070735328823482657e-02
-4.031337523527896149e-02
-3.703870678827619889e-02
-3.694813788591296000e-02
-4.561138824481442838e-02
-3.665639808142286821e-02
-3.610389563724496903e-02
-3.646347789231114966e-02
-3.636226511718523152e-02
-3.659075277920625230e-02
-3.682122622506765058e-02
-3.435020050465103364e-02
-3.373701479214652466e-02
-3.622440400759211615e-02
-3.410655051718967240e-02
-3.349407930229862662e-02
-3.410354287973681869e-02
-3.816256710052639417e-02
-3.501264714518588506e-02
-3.718865955178743410e-02
-3.628614755690901666e-02
-3.486058021982921251e-02
-3.694586814300013927e-02
-4.055083275332414111e-02
-3.615537522807037857e-02
-3.627985827212690251e-02
-3.415242636874357002e-02
-3.342140185261165131e-02
-3.557038809140233848e-02
-1.439113018152920276e+01
-3.963407916299665351e-02
-3.799670759036272161e-02
-3.625698891640469212e-02
-1.313043274732145349e+01
-4.644372929880952183e-02
-3.781806029432769473e-02
-3.622029934068397850e-02
-3.817983312985917532e-02
-3.466127004288692415e-02
-1.172702475191757898e+01
-1.375707795644378884e+01
-6.254602516639594378e-02
-1.501580429556684138e+01
-4.864646698278508874e-02
-4.459183725654095737e-02
-4.211943948478225064e-02
-3.870436433499477302e-02
-5.404128105407109833e-02
-4.047774811338498979e-02
-1.086132483682424699e+01
-4.557361481829710903e-02
-4.256922139522489879e-02
-3.878526525109565748e-02
-3.810043151844273723e-02
-3.575074426519192494e-02
-3.514666328430772479e-02
-3.816485917421381935e-02
-3.639466299060117177e-02
-3.597370841233576283e-02
-1.116109890034410768e+01
-8.722092567079500758e-02
-4.727844173365666758e-02
-1.375084776062879577e+01
-6.017144674372278124e-02
-4.990123859452102323e-02
-4.452397153663319174e-02
-4.638982280921883500e-02
-4.328969998207042591e-02
-4.173104604908090681e-02
-4.133620357437520210e-02
-1.285394803397600860e+01
-5.743689582577676117e-02
-5.231267492448264667e-02
-4.460848226249173459e-02
-4.195472658262008187e-02
-4.836761931904402095e-02
-4.152016678161988411e-02
-3.904133522890598784e-02
-4.178991436938938459e-02
-3.761339151237513834e-02
-3.702329489868179391e-02
-3.727097591268168503e-02
-3.760944074555900435e-02
-3.829461864751962374e-02
-1.429187223238885629e+01
-5.641888435803078805e-02
-5.806725000626211664e-02
-4.717866972077845028e-02
-3.907944080422278560e-02
-4.042335505655229866e-02
-3.890261507697553162e-02
-3.667058320843415847e-02
-3.586054732928289912e-02
-3.768164666990000966e-02
-3.529040680787848272e-02
-3.600928313165991518e-02
-3.378622590647190754e-02
-3.490445357229142453e-02
-3.409164007068776758e-02
-3.537108992375877226e-02
-3.449867631829588166e-02
-3.338084416087027523e-02
-3.545286468491704035e-02
-3.467370718744951924e-02
-3.334051680138548635e-02
-1.193848123176275955e+01
-4.679701052776127218e-02
-3.555839382175628866e-02
-3.400734091994232072e-02
-3.535758028234947670e-02
-3.368611956709822997e-02
-5.577107730140446612e-02
-3.993097380182587808e-02
-3.670180634875357811e-02
-3.750440225842881226e-02
-3.883024039292067714e-02
-6.122414512401999787e+01
-3.294285225871232292e+00
-1.585809103105731088e+00
-1.205151073358387315e+01
-1.041780189602456019e+01
-6.000128541894150791e-01
-4.460748166962519967e+00
-1.394804374404271208e+01
-9.360131130122622878e+00
-9.332698761059292636e+00
-3.022486604779909825e-01
-2.691395606569992327e-01
-2.471812157272566812e-01
-2.221245085284928589e-01
-2.046097765768626342e-01
-1.913334079909902175e-01
-1.773641496804552464e-01
-1.737147482114722585e-01
-1.593266712017968600e-01
-2.978081466180855941e+01
-2.413858124816118944e-01
-1.842589081610897794e-01
-1.601751313292253398e-01
-1.499078142990311335e-01
-1.387941485935102193e-01
-1.308897373805960329e-01
-1.260583164954427737e-01
-1.198516287808842479e-01
-1.120972689287679652e-01
-1.089219720526391627e-01
-1.079590129524482661e-01
-1.029139938109229074e-01
-9.829802549975524828e-02
-1.015004224929385995e-01
-9.450833789270436658e-02
-9.330075610581736734e-02
-8.968289843186315335e-02
-8.647462693411575585e-02
-8.377096034824478565e-02
-8.232594642317303535e-02
-1.042656587525895873e+01
-9.360446637851760343e-02
-8.630296148760681352e-02
-8.209863340332662629e-02
-7.933290723365364616e-02
-7.793619818846712899e-02
-7.576879903453644094e-02
-7.563837377190603395e-02
-7.783802264420423833e-02
-7.419551303907359618e-02
-7.295287653567394948e-02
-7.044384601620698461e-02
-6.795088286022210600e-02
-6.670384205475132777e-02
-6.643151133109548301e-02
-6.630287307880758374e-02
-6.516822504991075238e-02
-6.342825488232477216e-02
-6.967746433016953900e-02
-6.442665681845792525e-02
-6.315916488913199400e-02
-6.273088505928875458e-02
-6.175662194104745983e-02
-5.961164375184389158e-02
-6.215549847653541876e-02
-5.886490964398974346e-02
-5.780878840160780935e-02
-5.647234075268058734e-02
-5.609973176537390305e-02
-5.598680878681436962e-02
-5.634344863562654876e-02
-6.536442307939607788e-02
-5.606531185647780496e-02
-5.650494430451646205e-02
-5.461858988106163548e-02
-5.479897508695797531e-02
-5.486021462812885885e-02
-5.280885809400012038e-02
-5.368993178390452092e-02
-5.399632836113105183e-02
-5.252011525732057373e-02
-1.346094412070466362e+01
-5.641747398609087139e-02
-5.585149976673613875e-02
-2.539574038955686319e+01
-1.045349507611865736e-01
-6.297312032198791598e-02
-5.820123741353260688e-02
-5.599262617550711946e-02
-5.324873641585489703e-02
-5.195487624316907915e-02
-5.056304161476245229e-02
-5.032345769573935701e-02
-5.375362034702810266e-02
-5.618554250661182692e-02
-5.396674817259541901e-02
-5.511988770955746075e-02
-5.292800569474815503e-02
-5.052614719740144977e-02
-5.095133225590989245e-02
-5.583135839639643411e-02
-5.198510365376393660e-02
-4.969273946866692437e-02
-4.787715827979081851e-02
-4.949707673754528969e-02
-4.704912873001643181e-02
-4.665490291964410896e-02
-4.506166568474814782e-02
-5.886283363687053877e-02
-5.126988786549317029e-02
-5.289499130285151701e-02
-4.912693854090377510e-02
-4.741159208203042652e-02
-5.006151024087364398e-02
-4.727600275061046020e-02
-4.832369119226348486e-02
-5.163047931911415173e-02
-1.447760264029376742e+01
-8.974586152746406864e-02
-5.967855588340238021e-02
-5.648826425692014125e-02
-5.728714612910952575e-02
-5.716849597337966132e-02
-5.618138796134496127e-02
-5.280701373251993347e-02
-5.048114412999402806e-02
-5.160414821955402326e-02
-5.066984641444056275e-02
-5.285505488748470926e-02
-4.917597043730380368e-02
-4.994454118329896136e-02
-4.739833161413106732e-02
-4.530739411147880619e-02
-4.898907750737796496e-02
-4.710530030672518964e-02
-4.657703864982608299e-02
-4.525349165296188580e-02
-5.006448124099268510e-02
-4.535506766851219590e-02
-4.470454966404156794e-02
-4.463549614560034795e-02
-4.559565682559879596e-02
-4.594667065719482829e-02
-4.469471771970880830e-02
-4.539430014503689076e-02
-4.466125605604397142e-02
-4.484957006556482273e-02
-4.582541047952812946e-02
-4.224332222155186695e-02
-4.604228415999744167e-02
-4.536131750184373840e-02
-4.696670344885704035e-02
-4.534213503602223250e-02
-4.409453981454492660e-02
-4.245927179644928134e-02
-4.332374449737556171e-02
-4.401594027236132439e-02
-4.346896770151591205e-02
-4.391356337826924500e-02
-4.730594888404124343e-02
-4.347000595223448477e-02
-5.188743475263455501e-02
-4.761149656086361565e-02
-5.492136446210978129e-02
-4.904491233458856125e-02
-5.159281385063156644e-02
-4.594794613591478977e-02
-1.736061030342312606e+01
-7.518291108831799407e-01
-3.412399213553198307e-01
-2.338709396269317842e-01
-1.732252619495756596e-01
-1.417732791916946344e-01
-1.408532726769251009e-01
-1.109581901414355004e-01
-1.001004516624625224e-01
-9.330622327027358887e-02
-8.484632783215552421e-02
-8.129452533923339774e-02
-8.365891962706201168e-02
-7.484826155024079664e-02
-1.501432885597163924e+01
-7.677396745481808449e-02
-7.269763515933787279e-02
-7.363540000004525909e-02
-6.490166835250696376e-02
-6.398953068995177906e-02
-6.199341931892856511e-02
-5.840780369674058309e-02
-6.376339955700764672e-02
-6.305518166761803212e-02
-5.886081523759408712e-02
-5.662965632148470041e-02
-5.514629452989011638e-02
-5.250285798110613383e-02
-5.372309707268010937e-02
-5.214217655366253784e-02
-5.061406346380050575e-02
-4.961389028626517900e-02
-5.179641219063790131e-02
-6.320051810867713393e-02
-6.878955839618026979e-02
-1.508112483430783080e+01
-1.004644388059503651e-01
-6.354221946340586624e-02
-5.873947944876449501e-02
-6.736366200833857065e-02
-5.643964873837963026e-02
-5.186664467386997018e-02
-6.069645765174733198e-02
-5.698635894798920187e-02
-5.660819674674726076e-02
-5.178128098716106714e-02
-4.915827248885644429e-02
-4.971175846640165513e-02
-4.892952592749699736e-02
-5.119671220101995601e-02
-5.124436890109754228e-02
-5.524675304289160954e-02
-5.836913669423467871e-02
-4.976087554887711345e-02
-5.143229322848896085e-02
-4.732160191697656892e-02
-1.210149805037830184e+01
-5.988784308296241782e-02
-4.959247425006577809e-02
-5.415632902592615316e-02
-4.803944303534691401e-02
-4.921275518014454203e-02
-4.440706203776055572e-02
-4.969680132573180836e-02
-4.582413843818147065e-02
-4.544560828766961574e-02
-4.634454770763393738e-02
-1.056969736973439566e+01
-5.423118060093032322e-02
-4.886879810117484429e-02
-5.001256238727604803e-02
-4.500944944085947391e-02
-8.334068538119472791e+00
-1.476308633784055857e+01
-1.182428667426831481e+01
-1.139826377181850425e+01
-1.514597246884134552e-01
-1.104116191272910830e-01
-1.016504794434697073e-01
-9.191563689882258081e-02
-5.713322361775829528e+00
-7.647441065506939140e+00
-9.761828860848884015e-02
-8.351103760173576862e-02
-8.529010880861434551e-02
-6.401099725271989449e+00
-7.930128950982674729e-02
-6.569324348495191035e-02
-1.183660130702214808e+01
-6.048409687863048667e+00
-7.660548358972381344e-02
-6.959722990272655674e-02
-6.289570038749546510e-02
-5.873320210392195262e-02
-5.863077179588611909e-02
-5.386799807817857499e-02
-5.389352429459731003e-02
-4.988632588934109602e-02
-5.414131552194602348e-02
-5.100631941174992023e-02
-4.902634816969105719e-02
-4.744600360618284052e-02
-1.935472691722358718e+01
-7.734029416795663858e-02
-5.856882242544784317e-02
-6.487717939397172340e-02
-5.558580730262242808e-02
-5.331300487970615926e-02
-7.085845454381900055e+00
-7.519937032783070852e-02
-5.652297260647985017e-02
-5.505766495608543226e-02
-5.193892163203426421e-02
-6.370403266615429216e-02
-6.117842746731674830e-02
-5.332632394849110002e-02
-5.219621751265376280e-02
-4.947534737595692816e-02
-5.946520280209878495e-02
-5.316884773411087450e-02
-4.823175167980257166e-02
-4.716123281369043185e-02
-1.129012769099883506e+01
-5.825424303113369007e-02
-5.240761886317350793e-02
-4.765985178186060711e-02
-4.688002222805212615e-02
-4.677029559330854458e-02
-4.904011925316820869e-02
-6.792281445859868483e-02
-4.877816172854854831e-02
-4.763181704486477847e-02
-4.488162951468215034e-02
-1.935731312027785123e+01
-8.037008258290624652e-02
-7.107793537125882410e-02
-5.928871035632054393e-02
-5.515495917337317339e-02
-5.124410663369163149e-02
-4.737460817934577295e-02
-5.026410297105203540e-02
-4.563278408000602526e-02
-4.492503720557410041e-02
-1.029351615299824196e+01
-6.241577901959362989e-02
-5.149641025002017064e-02
-4.877766215996592186e-02
-4.587239888160016266e-02
-4.764886243851584879e-02
-1.384992736668357161e+01
-7.068461315080915019e-02
-8.123387348786819118e+00
-7.471774507874522075e-02
-5.805127980323387255e-02
-5.217481337514801726e-02
-5.159387702378383234e-02
-4.818300231795271532e-02
-1.303508654154640389e+01
-1.110683483272140570e+01
-2.852459527930066852e-01
-1.702070904022731646e-01
-1.299838714192773359e-01
-1.045818012750935333e-01
-9.173981947937052961e-02
-8.174464520377074106e-02
-7.625696954576405284e-02
-6.962999227150146186e-02
-6.607637584921889629e-02
-6.382813393922250056e-02
-6.368894997002864933e-02
-6.030264547360579541e-02
-5.720013595435392145e-02
-5.567382752399436391e-02
-5.586748550018969667e-02
-1.688956723470249344e+01
-8.189916797197922815e-02
-6.470785990630104068e-02
-6.312869517975766565e-02
-5.697721622762520061e-02
-5.388638801022675034e-02
-5.278657594051954643e-02
-5.489725354032311960e-02
-5.269309983523173119e-02
-5.157953509197239078e-02
-5.037054985636982979e-02
-5.069681188840735597e-02
-4.851379350606949831e-02
-5.250048445816497128e-02
-4.922308509399332677e-02
-4.791098162588460635e-02
-4.597727306472652181e-02
-4.453350215624845426e-02
-5.241887319373895321e-02
-4.759306714678116640e-02
-4.555873123089681370e-02
-4.419564866731938435e-02
-4.428597909863113413e-02
-4.352000413601384704e-02
-4.457799252107483984e-02
-4.891244200584922430e-02
-4.619534595935594068e-02
-4.375589093811999009e-02
-4.271589321998938565e-02
-4.334715415670125499e-02
-4.145264090771193233e-02
-4.080381437417643364e-02
-4.402999414118755062e-02
-4.127749766620681521e-02
-4.115101940816390247e-02
-3.928920957135573905e-02
-4.178055607807409227e-02
-4.154160694072962789e-02
-4.336417145576076937e-02
-4.282544303837153288e-02
-4.219119073502837491e-02
-1.190498926715867967e+01
-5.809971374155949858e-02
-4.640409775898758638e-02
-1.236979563430475082e+01
-4.916356843886902223e-02
-4.328954235124646277e-02
-4.148206981819784617e-02
-4.748783241098317176e-02
-4.232365251527594324e-02
-4.221124471143935381e-02
-4.030339557059246791e-02
-3.948921929583850549e-02
-2.062811320642909152e+01
-8.072988522829159519e-02
-5.051066963189787540e-02
-4.555336372460924016e-02
-4.351826676956453699e-02
-4.371378383956415342e-02
-4.147226557779436912e-02
-4.021886927375468990e-02
-3.878931307854475291e-02
-4.046051047889649005e-02
-3.793827148183283315e-02
-3.919251850308650559e-02
-4.253929100419687193e-02
-4.002379861365417540e-02
-3.974769535991108660e-02
-3.775128803585060810e-02
-3.772930814330597432e-02
-3.751269136853107450e-02
-4.019869319443193645e-02
-3.739922087467371231e-02
-4.015184109425269654e-02
-3.989169110170299321e-02
-4.158006443445890626e-02
-4.193591389105354866e-02
-3.896046528084591565e-02
-3.685426418434736145e-02
-5.402856857633538817e-02
-4.169171455240126140e-02
-4.117528696563650670e-02
-5.252062647883550678e-02
-4.401635069376985676e-02
-4.058241618282217023e-02
-4.169686336837875873e-02
-4.547425188714582234e-02
-4.033520768585432958e-02
-3.874620109506356908e-02
-3.770601880770892145e-02
-4.135908371931362043e-02
-3.784570105335609280e-02
-3.819908787745714823e-02
-3.875177894886220470e-02
-3.694031788919557857e-02
-4.481923114435210076e-02
-1.092589221332902483e+01
-1.406887793320364821e+01
-4.948345375228777043e-02
-4.473752906636102589e-02
-4.206779635749573198e-02
-1.157776312083480974e+01
-5.297908159394910249e-02
-4.543278279542934533e-02
-4.429727522832085235e-02
-4.178704151823806751e-02
-4.203056213933008267e-02
-4.257269442944273258e-02
-4.007899860918019003e-02
-4.283793494741824220e-02
-3.908580835157121625e-02
-4.176953159851894137e-02
-3.866688300363137210e-02
-3.866214378426553050e-02
-3.993124101471485360e-02
-3.983792762316949732e-02
-3.639104497492138407e-02
-3.505776686310404372e-02
-3.727056220169118472e-02
-3.788531532009556391e-02
-3.744421322146564840e-02
-4.147821612073274850e-02
-3.669867002781282417e-02
-4.079385731004069732e-02
-3.937974055340548452e-02
-3.757444120373105989e-02
-3.602522271395776354e-02
-3.676767709231996972e-02
-3.506551663771181881e-02
-3.569343188971639547e-02
-3.416756503759529884e-02
-3.416396672365522302e-02
-3.648892483688431082e-02
-3.498757184145469268e-02
-3.524478719013331152e-02
-3.407155270272975434e-02
-3.676429713428663870e-02
-3.803384878020826809e-02
-3.442731560399442392e-02
-4.016850512795857447e-02
-3.612254763200794389e-02
-3.483695205413543661e-02
-3.691504117281473735e-02
-3.491410981763033716e-02
-3.910186788899010918e-02
-3.501746841062969295e-02
-3.827881110022448435e-02
-3.901639501213401140e-02
-3.698874533420406369e-02
-3.663900162325248178e-02
-3.952380225290248739e-02
-3.718872504785520477e-02
-2.047187945324423808e+01
-6.860051508524489527e-02
-5.321267854099558103e-02
-4.754820049825406181e-02
-4.537683614447480390e-02
-1.378423980583616881e+01
-6.757724717467831432e+00
-5.874997643131942004e-02
-4.685365762457631422e-02
-4.242999019086953622e-02
-5.040592235152118600e-02
-8.475150389521427741e+00
-6.698802950484997187e-02
-5.307116397715205131e-02
-5.234961098576438460e-02
-4.384824925241702365e-02
-4.150442009354073786e-02
-4.635281673509981243e-02
-4.259013092563058295e-02
-4.020285048499051134e-02
-4.061357370216017032e-02
-3.995043773551326671e-02
-3.741114836550380601e-02
-3.659411343503920361e-02
-3.563547744320123833e-02
-3.858418173301176451e-02
-3.765111216211145667e-02
-3.742692076831308917e-02
-7.865050997699280622e+00
-4.409424378790981203e-02
-4.407511862492421995e-02
-3.950720072495418622e-02
-1.333865077172845659e+01
-5.062149385465865986e-02
-4.443479915976523281e-02
-4.091117538369417467e-02
-3.913154939631098561e-02
-3.743204115150423894e-02
-4.039640582904959615e-02
-4.574511579059860333e-02
-4.017709371507494076e-02
-3.690542539103395386e-02
-3.658270749640513131e-02
-3.504714133689458555e-02
-3.539377289650086356e-02
-3.723865475408828091e-02
-3.810161889672146474e-02
-4.653976201019272008e-02
-3.820067045520009197e-02
-3.620643200721126997e-02
-3.800672745236232525e-02
-3.663745061550553045e-02
-3.681475482254176201e-02
-3.595666937036271632e-02
-1.527231849543431963e+01
-4.928738845948178043e-02
-4.230293408981163072e-02
-4.095103104953647100e-02
-4.015121382483278351e-02
-4.064987392983542697e-02
-9.442457423763668700e+00
-8.537186477084547642e-02
-1.184923680961628456e+01
-5.965362178936125387e-02
-5.202773991430021533e-02
-4.877871632378362465e-02
-4.210432103570846407e-02
-4.346709875587120159e-02
-3.982327546839035254e-02
-4.268541694939218673e-02
-3.875113000618848197e-02
-4.167468007333301888e-02
-4.002710077981824766e-02
-7.072592767860149898e+00
-4.748168260346256886e-02
-7.097505058022330893e+00
-4.465708659784817930e-02
-4.070556371009794588e-02
-4.079217934441081717e-02
-3.851389358277579333e-02
-3.939795592675019581e-02
-4.026926751380137393e-02
-3.980975328927709167e-02
-3.749677514437042836e-02
-3.761453797359735202e-02
-3.611707843151213543e-02
-3.513222717267933809e-02
-3.559596317755710226e-02
-3.458958088820893867e-02
-3.572179591231081780e-02
-3.398025550092974995e-02
-3.973370251650258644e-02
-3.803304881511447577e-02
-3.632824375221754831e-02
-3.898522555799659173e-02
-4.308313964454024703e-02
-5.067785599605881958e-02
-3.921035869968553939e-02
-3.785725209477806136e-02
-3.731247861985025061e-02
-3.695160828117581564e-02
-3.834821364860514781e-02
-3.689703541682157889e-02
-3.721077458475353927e-02
-3.867284849271216546e-02
-3.799592317565939070e-02
-5.066012377140866746e-02
-4.053107884782226195e-02
-3.875534366983885565e-02
-1.249326534640517750e+01
-4.992505003210918890e-02
-4.390596396172279092e-02
-4.770395694621214905e-02
-4.317119246129062088e-02
-3.828825487843375702e-02
-3.643673785321124847e-02
-3.527007114456174458e-02
-3.528168163255562817e-02
-3.512021263497703411e-02
-3.379828195958915760e-02
-1.373064025853478931e+01
-4.735247959892867342e-02
-3.795334765101270047e-02
-3.594575031895801825e-02
-3.610875989822424914e-02
-3.544968776150443646e-02
-1.676941824756286081e+01
-5.276548045701148076e-02
-4.504511252708291724e-02
-4.097021315858985491e-02
-3.764023449430407148e-02
-3.577908964292852295e-02
-3.534103024005929433e-02
-3.787749422528635668e-02
-3.463406294311217187e-02
-3.640782875212148634e-02
-3.436801694805647484e-02
-3.394308002239947164e-02
-3.597768172928682978e-02
-3.379756859867479035e-02
-3.928649115015075965e-02
-3.714624998332159700e-02
-3.408459702550349635e-02
-6.814658243898451317e+00
-4.800184722243328733e-02
-4.102926714407501702e-02
-3.830658343445953601e-02
-3.865637055264149052e-02
-3.717063541573937396e-02
-3.598466733458957623e-02
-3.512950184718210273e-02
-3.443870289824673553e-02
-3.439409540314065927e-02
-3.903319521679113335e-02
-3.359156524886033196e-02
-3.277432947856893236e-02
-3.527502041383873133e-02
-4.381830659670790662e-02
-4.343633264140454170e-02
-3.779331994351878277e-02
-1.481774155831853612e+01
-1.037799440144193319e+01
-1.372877019052985148e-01
-6.748185986047748608e-02
-7.234857398685493379e+00
-7.077799716895809279e-02
-1.578439619592790066e+01
-1.229110823607341096e+01
-8.357700588396610453e-02
-6.336467896105718589e-02
-1.100595274685468361e+01
-7.684576745745246740e+00
-7.109337668770349117e-02
-5.469114256895890591e-02
-1.356865791532153231e+01
-1.109425418195070634e+01
-6.704558890714205910e-02
-5.505369418648201757e-02
-5.262847485420547172e-02
-4.926629484728271141e-02
-4.560751819533039042e-02
-4.603360576163179063e-02
-4.415538423734025053e-02
-4.638778320705141955e-02
-4.423958635585508586e-02
-4.574022440220777003e-02
-4.129677026807294232e-02
-4.106408785694678348e-02
-4.317781045465958478e-02
-4.281210211090142465e-02
-3.924557771044032140e-02
-4.055711145972520221e-02
-9.138967057660147830e+00
-5.021073173558050079e-02
-4.112058742802008476e-02
-3.867970982415654818e-02
-3.921510822740598146e-02
-3.621272324784516328e-02
-3.617802189449081246e-02
-3.571905715911664891e-02
-3.485960858712568167e-02
-3.629082274642482508e-02
-4.032325400842150243e-02
-3.605286333497508683e-02
-3.747639952957679960e-02
-3.599995716477277785e-02
-3.444703305550574773e-02
-3.420159246447464912e-02
-3.748310045941338764e-02
-3.575208736883840610e-02
-3.442622427385519379e-02
-3.338261108605242167e-02
-3.722223863345803380e-02
-3.665758944123537894e-02
-3.775201818027795059e-02
-3.023682554396484790e+01
-2.471913955251345274e-01
-7.368172508588112513e-02
-5.440235796925146916e-02
-1.386606689924736813e+01
-5.997381696633164588e-02
-4.868055608924434091e-02
-1.033253964642843492e+01
-1.723163997138374981e+01
-8.366702009524368266e-02
-6.221738114410099024e-02
-5.345928773472959777e-02
-5.003789651215501816e-02
-4.630341283494373433e-02
-4.484684054492196759e-02
-4.374385164076179111e-02
-4.322398840950286009e-02
-4.290629460582694177e-02
-3.946421645140352208e-02
-3.801624920079177405e-02
-3.802225510836288597e-02
-3.747881094278517067e-02
-3.823690690209999993e-02
-3.710736074340410806e-02
-3.756077123874584922e-02
-1.472792487002219453e+01
-4.953358384563772560e-02
-4.076653531644734013e-02
-4.126918496099123146e-02
-3.805159558546988841e-02
-3.750871137092057217e-02
-3.638587544517780936e-02
-3.810705966334659855e-02
-4.628468737408841099e-02
-1.301862271452558062e+01
-1.245076224725139902e+01
-5.112827374784015971e-02
-4.732248282793587862e-02
-4.229506270350913422e-02
-4.105659852899245371e-02
-3.784398838801322079e-02
-3.773761405640188582e-02
-3.871911438604204447e-02
-3.593497451358401706e-02
-3.795781058960100846e-02
-4.131870807452451416e-02
-3.774535235589218662e-02
-3.574785816631338015e-02
-3.514708041995000254e-02
-3.423059183232494279e-02
-3.565704395302288221e-02
-3.768196432400602869e-02
-3.598734001056567988e-02
-4.176952142400305878e-02
-3.681486782821669079e-02
-3.508722490145795014e-02
-3.564495968201075032e-02
-3.562380265159457993e-02
-3.648526009190710545e-02
-3.593428490224652438e-02
-3.652732361705510189e-02
-3.333068638230080732e-02
-3.388029458002708716e-02
-3.653449303960043526e-02
-3.588722597258062197e-02
-3.511992662066636822e-02
-3.827816169757346926e-02
-3.706175490000861161e-02
-3.621975144018130255e-02
-3.851968753849179666e-02
-3.421533683848333729e-02
-3.406697873493697709e-02
-3.269566401218678559e-02
-3.335387134918396668e-02
-3.499410890119315776e-02
-3.386520917242336060e-02
-3.287035669667407595e-02
-3.316530041562069930e-02
-3.253404136037083005e-02
-3.243233425547285137e-02
-4.322567429146940976e-02
-3.465469684655358290e-02
-3.463626517460884069e-02
-3.643613405339913430e-02
-3.593051541614052102e-02
-3.385215696721966677e-02
-3.376784845126672846e-02
-3.740330406961901721e-02
-3.662090409545113584e-02
-4.354373796219810494e-02
-3.928197705543420154e-02
-3.586459198635049556e-02
-4.320101114552016980e-02
-3.473623098597777847e-02
-3.428469367254641242e-02
-3.314336895318990145e-02
-3.180476196573361891e-02
-3.115517242384876345e-02
-3.131220781148653237e-02
-3.725578906237025922e-02
-3.359492024421541906e-02
-1.281843572820122823e+01
-9.444878234186393495e-02
-4.343493606887877112e-02
-3.974725513883158728e-02
-3.689492747051889565e-02
-3.822236635291773738e-02
-4.054873752341513898e-02
-4.240313743835881499e-02
-3.516746822153898888e-02
-3.506983802295927238e-02
-3.444905313244446543e-02
-3.245288316796886285e-02
-3.260921518922316881e-02
-3.237363074195812734e-02
-1.401103479242198269e+01
-1.394035609904616391e-01
-7.752946546101043002e-02
-6.201828758194843222e-02
-5.260367730005519743e-02
-5.446742721899439088e-02
-4.554261916751153882e-02
-4.625911258629147177e-02
-4.359397158271396261e-02
-4.081408233276315883e-02
-3.871009433902400376e-02
-3.773895151676958520e-02
-5.508449993231655933e-02
-4.228997725425386739e-02
-3.742130631084376879e-02
-3.567418522248966967e-02
-3.594439100937973225e-02
-3.496486846093938700e-02
-3.626122448604537918e-02
-3.394840575085297102e-02
-3.393058111541430444e-02
-3.308192325004834233e-02
-3.853284813085967875e-02
-3.460768456949244593e-02
-3.292917435259554160e-02
-3.236159310526497135e-02
-3.217612618510864303e-02
-2.544771969677778856e+01
-1.956443541517372264e-01
-5.526625248087951164e-02
-4.845833591620165443e-02
-4.058847359446545594e-02
-4.190326794873477229e-02
-3.940158588156506686e-02
-3.735911607785500493e-02
-3.580237758798671815e-02
-3.444819116215470933e-02
-3.544324159386838535e-02
-3.823113659922829088e-02
-7.571276578292822634e+00
-8.596229174000308282e-02
-1.453853028440225259e+01
-1.758076988658877349e-01
-6.216078104034607893e-02
-5.052456184459053895e-02
-4.256484528454602262e-02
-4.159660713575939750e-02
-3.866906782863231001e-02
-3.844809957319419297e-02
-3.969584229153975269e-02
-3.654970089451312076e-02
-1.200211164385454410e+01
-4.908594650307025742e-02
-4.382387690676299574e-02
-4.643514406751629575e-02
-1.550911037985913410e+01
-8.865492885280196189e-02
-6.154630351296078161e-02
-5.484559841537739455e-02
-4.700782647329607850e-02
-4.280156887131349869e-02
-1.509937204302515035e+01
-1.043508659588787968e-01
-6.963902165141587497e-02
-5.858161580441402505e-02
-6.404966213629204042e-02
-5.444743560340642441e-02
-5.524079116686973073e-02
-5.680537991837154854e-02
-4.556751664906772553e-02
-4.701465728964185353e-02
-4.291187221177255456e-02
-4.494884607013640426e-02
-4.862966908520244963e-02
-4.011413615512706560e-02
-3.984924528863376808e-02
-3.787811649264854336e-02
-3.714565032264307426e-02
-3.764448380843703201e-02
-1.631958050965876339e+01
-3.852600871602015337e-02
-3.805810676765380290e-02
-3.780827452197047661e-02
-3.719816272474241875e-02
-3.682932244294176427e-02
-3.725361892697197363e-02
-3.830377189349112171e-02
-3.942081792383539396e-02
-3.816500035396240553e-02
-3.714587333083461257e-02
-3.514144172703688451e-02
-3.581753890167391208e-02
-3.490394393912931575e-02
-3.751554712872221670e-02
-3.409588057916497494e-02
-3.683309883968476084e-02
-3.865255780119539880e-02
-3.411967052532899336e-02
-3.297763530733811149e-02
-3.319293561190166109e-02
-3.439597509841203077e-02
-3.597530618866291025e-02
-3.316459023530622663e-02
-3.607025270935545341e-02
-3.293053020668980369e-02
-3.418739662579025479e-02
-3.222604730563705805e-02
-3.468225057072716472e-02
-1.362578340278297695e+01
-1.321555819682740740e+01
-7.292639844506787483e-02
-6.201118358501840622e-02
-5.345590755454401183e-02
-4.530210937447494424e-02
-4.905883445009597693e-02
-4.335806354189297718e-02
-3.987847939094716493e-02
-3.728769043556431906e-02
-4.078140013264978936e-02
-3.873365340215718239e-02
-3.704527793806457886e-02
-5.079801683716875932e-02
-3.766926189147796339e-02
-3.679507286175719843e-02
-3.523635959311636340e-02
-3.351342294904267188e-02
-3.321864374207323528e-02
-3.283972317459749740e-02
-3.388090510423805157e-02
-3.410200805539932711e-02
-3.387291503275606519e-02
-3.967911569906001218e-02
-3.320722362451266479e-02
-3.433772431546391196e-02
-3.313991898820493193e-02
-3.183330969877030958e-02
-3.186243682141066957e-02
-3.376832153524000901e-02
-3.257912656077026348e-02
-1.063355417279167625e+01
-3.892209846969411219e-02
-3.730633569160286128e-02
-3.760007623445313363e-02
-3.583182386237033362e-02
-4.406291562926993588e-02
-3.719378635111490056e-02
-3.567542476104395427e-02
-3.895649635930253235e-02
-3.714801170129488489e-02
-8.558933830757196048e+00
-4.183629664261197256e-02
-3.750665447180664969e-02
-3.758757843268508564e-02
-3.707426090387860862e-02
-3.450395230679177000e-02
-3.493073296023689600e-02
-3.343562952563165769e-02
-3.381640018015875243e-02
-3.387786078779749660e-02
-3.670631875432608243e-02
-3.340378884466892184e-02
-3.264927975514256980e-02
-3.198112442928201238e-02
-3.135750058610689561e-02
-3.156124719890784913e-02
-3.260021389392383367e-02
-3.314583108497111408e-02
-3.222850282689553730e-02
-3.180525343798074750e-02
-3.293826183900452897e-02
-3.334479982020675110e-02
-3.742088018794065274e-02
-3.431708331413010210e-02
-3.259852038859483575e-02
-3.157685826526827888e-02
-3.219991517112336804e-02
-3.297062414063690883e-02
-3.206464656085865339e-02
-1.217878595895069260e+01
-6.116482679791300503e-02
-4.050769997859609423e-02
-3.735983726720743664e-02
-3.487149067547005987e-02
-3.433436038129489276e-02
-3.417178502397955064e-02
-3.266701656665192688e-02
-3.214752297945300263e-02
-3.670058499582745526e+01
-1.512580787808756322e-01
-7.728007331028279026e-02
-5.902898345772485816e-02
-4.985359126760188081e-02
-4.358844749018750409e-02
-4.195201881326997978e-02
-4.258878302129494309e-02
-4.325259618967551567e-02
-3.740572321923530535e-02
-3.533425539116487324e-02
-3.558488065192483979e-02
-3.490330387377265503e-02
-3.496199742610019839e-02
-3.600530326945557391e+01
-7.935130366693946558e-01
-3.681322809926181883e-01
-1.168091897028201015e-01
-9.509960475811905789e-02
-7.663699043138154365e-02
-6.100227260010838287e-02
-5.759472383094423747e-02
-5.708218949070855558e-02
-5.558721350140750916e-02
-5.304170703231152195e-02
-5.620540631382057312e-02
-5.248662998275673008e-02
-4.816005950532901286e-02
-4.942600708313833746e-02
-5.038672801650888322e-02
-4.666081536626972420e-02
-4.535642618929725672e-02
-4.384719320177125207e-02
-5.344502335415347166e-02
-4.575031659471760076e-02
-4.389286420000822891e-02
-4.301384026282113748e-02
-4.306939808847669998e-02
-4.149300338605324545e-02
-4.062451003789451648e-02
-4.482929705636496537e-02
-4.189888191080793495e-02
-4.090682713009185373e-02
-4.259199362506470299e-02
-4.042038719931168034e-02
-4.057799948399513912e-02
-3.917583870415786151e-02
-4.234406688809765756e-02
-4.053938233503874555e-02
-3.840353268937838488e-02
-3.818391119284228474e-02
-3.702209730445298053e-02
-3.898585628293461947e-02
-3.932269135899647133e-02
-3.769279875959911236e-02
-3.659881649374110979e-02
-1.026911765509045260e+01
-4.744906052316019002e-02
-4.227019349243581886e-02
-3.939106210331067698e-02
-3.748047236533284809e-02
-3.766646145571300036e-02
-4.416739491266048062e-02
-3.886087621546623072e-02
-3.801204091573187616e-02
-4.230875360023866188e-02
-4.907719321742758101e-02
-4.018418599101195032e-02
-3.808932452207258040e-02
-1.088328470728385255e+01
-5.098405179572886026e-02
-3.971961737090654726e-02
-4.308879309609562475e-02
-3.835143902235115670e-02
-3.624136508102589888e-02
-3.548786614003474060e-02
-3.668929490445502900e-02
-4.097797582445622533e-02
-4.447370396625919403e-02
-3.873829371090131007e-02
-4.328814774704790869e-02
-4.638562576527032605e-02
-4.373829794723493869e-02
-3.811345420202430501e-02
-3.644315511113516842e-02
-1.013591125248310476e+01
-5.645286131794752249e-02
-4.293257405455536829e-02
-3.810804441787789265e-02
-3.718736371498188725e-02
-3.918071504063992683e-02
-3.904887627754490692e-02
-3.785598280746190619e-02
-3.710554450805095272e-02
-1.086837736575089863e+01
-4.595134931493649599e-02
-3.948054455502392895e-02
-3.665195265877008862e-02
-3.558491460767607834e-02
-3.562158212472303631e-02
-3.497431471888304971e-02
-3.672986344951094384e-02
-3.703761266209331521e-02
-3.758422471166691231e-02
-3.779298443268098995e-02
-3.440978354733748718e-02
-3.465195224412410957e-02
-3.599092622679935655e-02
-4.084225596402703273e-02
-3.697470217472891701e-02
-3.812209653289089922e-02
-3.502209419063249257e-02
-4.223863992535306644e-02
-3.689093856717663711e-02
-3.517670466181772176e-02
-3.532970596396404345e-02
-3.462341183676280465e-02
-3.488265355864585138e-02
-3.808968055486699339e-02
-3.654598580265917135e-02
-3.598949945290536023e-02
-3.496764581842473629e-02
-3.826414788502482262e-02
-3.477620277625642631e-02
-9.544800512304297158e+00
-4.383413786894257286e-02
-3.793375956910083335e-02
-3.586805851641594600e-02
-3.672203426469763249e-02
-3.447926309892290764e-02
-3.309827965414988832e-02
-4.281516510689595961e-02
-3.588393124428156805e-02
-3.620932331550923144e-02
-3.577237594010867355e-02
-3.356145277592111065e-02
-3.233324879216244868e-02
-3.368429073650243410e-02
-3.293560496053186959e-02
-3.169128788686321335e-02
-3.810256981131700943e-02
-1.514250252290123022e+01
-3.932435418173896302e-02
-3.456996677550124714e-02
-3.413118792189243772e-02
-3.235563909514152514e-02
-3.213509921644728401e-02
-3.305412108863115678e-02
-3.226289368818276854e-02
-3.201628491246156366e-02
-3.975444222224994856e-02
-3.363997157544491856e-02
-3.347866797629688029e-02
-3.185140615140756581e-02
-3.736429029359479570e-02
-3.389619273131456306e-02
-3.327927308495491621e-02
-3.495830089272692481e-02
-3.296094557602314429e-02
-3.174543045406611613e-02
-3.319292624020571403e-02
-3.248143262607916526e-02
-4.810694103963322754e-02
-3.737850153973385631e-02
-3.781870250117030929e-02
-3.571751235960172327e-02
-3.485317897827445999e-02
-3.605724314918369589e-02
-3.419280902471786426e-02
-3.363633105766674486e-02
-3.305069892313798607e-02
-3.214473521914668758e-02
-3.398549919915024031e-02
-3.185119132358642940e-02
-3.269248818655091926e-02
-3.139313066708279698e-02
-3.108462555244059441e-02
-3.203450987507842213e-02
-3.123596579308341240e-02
-1.180716087449150820e+01
-4.802736046877949944e-02
-3.687707245433197167e-02
-1.416308413831749036e+01
-4.827949518652546734e-02
-3.837617169234517484e-02
-3.476328422523603662e-02
-3.848380077285284973e-02
-3.433698283687221936e-02
-3.427148060416285863e-02
-3.490426721408915883e-02
-3.429366902422944369e-02
-3.273183815140062042e-02
-3.162000629179177041e-02
-3.174199328934243503e-02
-3.234149653258074075e-02
-3.789294209343679887e-02
-3.812776891959232528e-02
-3.525299028426678166e-02
-3.410602427717952106e-02
-3.591340721568238997e-02
-3.299026343815953527e-02
-3.503138090325251530e-02
-1.254001409329710626e+01
-4.380891263238183980e-02
-3.735463205345701532e-02
-3.487663428998485915e-02
-3.256935972620647601e-02
-3.561083096142256266e-02
-3.486805165184975186e-02
-3.242605879418557213e-02
-3.242161088989756190e-02
-4.392124365196873464e-02
-3.600963000178329654e-02
-2.685100070214674162e+01
-1.052096767571250174e-01
-6.509408285991860610e-02
-5.308835140315765894e-02
-4.701125391601886083e-02
-4.419481870958416603e-02
-4.646516423481026475e-02
-4.081552917181462820e-02
-4.229426858255194016e-02
-3.791606768939899397e-02
-3.864587644509823172e-02
-3.853399807328043020e-02
-4.217038749198158409e-02
-4.251735750925017543e-02
-1.406179140777040715e+01
-4.790042513688519410e-02
-4.070061296885804647e-02
-4.328316385651327647e-02
-3.991369690590022140e-02
-3.847016772347233715e-02
-3.726402384030799708e-02
-3.737828173866580839e-02
-3.483089105765988652e-02
-3.692875152192127974e-02
-1.570678046197681255e+01
-5.181857444209013452e-02
-3.944957752246698590e-02
-3.972780920947268507e-02
-3.502399871818273613e-02
-3.391000785152517571e-02
-3.709563706394790328e-02
-3.369943501392092672e-02
-3.417240710236758156e-02
-3.342435151437459645e-02
-3.550293251470373890e-02
-3.393258036846902304e-02
-3.304198104048566842e-02
-3.191434611730118581e-02
-3.295556595555584889e-02
-3.213868441587915126e-02
-3.126539077273043921e-02
-3.131229071025008054e-02
-3.190696449866817913e-02
-3.062055963599615016e-02
-3.097578190766572467e-02
-3.061637487834121402e-02
-3.064780846853296797e-02
-4.194701271288998196e-02
-3.546630426619990645e-02
-3.548945367889436153e-02
-3.487632760236178409e-02
-3.192818691944585008e-02
-3.286577269016627972e-02
-4.179183540997568475e-02
-4.224981704398416554e-02
-3.850911311619151928e-02
-5.653840279717381456e-02
-3.721072174038515118e-02
-3.463447627517805133e-02
-3.452582153146996347e-02
-3.519241377919975905e-02
-3.229809433968516830e-02
-3.195646489768020487e-02
-3.661129027833637944e-02
-3.224843860530019618e-02
-3.227960135367242966e-02
-3.164936283982692361e-02
-3.090641780846509895e-02
-3.098396170145343784e-02
-3.281569709813733637e-02
-3.017455741929539123e-02
-2.971861320247051741e-02
-3.308766112151233924e-02
-1.257727596002337300e+01
-4.020034326067825625e-02
-3.435902631795796636e-02
-3.240103329971832230e-02
-5.121247781605443167e-02
-3.465487923351735083e-02
-3.311769170735349294e-02
-3.122992597325690775e-02
-3.323153450630770417e-02
-3.448944949017673789e-02
-3.810306650762228242e-02
-3.429428304626956636e-02
-3.472507081283696811e-02
-3.258774753821385567e-02
-3.358721166299028643e-02
-3.573316772714169032e-02
-1.466853490964934714e+01
-8.223429019249132998e-02
-4.307372239711185907e-02
-3.688291423069298136e-02
-3.625002919379804317e-02
-3.374780747375664969e-02
-3.792755122692832714e-02
-3.331614427304891574e-02
-3.552580798837114834e-02
-4.467238400829851713e-02
-3.501538833910092935e-02
-3.303305514753542699e-02
-3.223821570526259894e-02
-3.222658860022943605e-02
-3.276495014621751134e-02
-3.387463518542551538e-02
-3.429825203595303351e-02
-3.227350221732518121e-02
-1.235630430466025942e+01
-8.494357850651175490e-02
-4.972254140029860880e-02
-5.019392737363820300e-02
-4.410175480336968323e-02
-3.470021366563118270e-02
-3.725276735295571240e-02
-3.212863157433731853e-02
-3.236269600126442936e-02
-3.234093366659826496e-02
-3.145058361262576679e-02
-3.079041287925414830e-02
-2.978389889284441608e-02
-3.108654581898641009e-02
-3.390357690362592880e-02
-3.098361164673680418e-02
-3.006054481450559646e-02
-3.069766232148237947e-02
-2.971385380981948765e-02
-2.922507952028862918e-02
-3.075675293217653219e-02
-1.335753269124747433e+01
-4.054498744118457260e-02
-6.116126391305768545e-02
-4.603490550606773035e-02
-3.716061281863335120e-02
-3.522730596101168732e-02
-3.334587058869974835e-02
-1.378034696417853411e+01
-4.275861222042525583e-02
-4.123818453081475738e-02
-3.621874287057348651e-02
-3.440530733700050692e-02
-3.446941156844685744e-02
-3.289278494667522562e-02
-3.532752520663032941e-02
-3.219551516411228026e-02
-3.179386298660675375e-02
-3.124173278435419740e-02
-3.224882912413575692e-02
-3.254389445467967962e-02
-3.082806403062598316e-02
-3.563220313970676123e-02
-3.595267149859650291e-02
-3.814978363015600338e-02
-3.871808319262206449e-02
-4.239480099611381975e-02
-3.572538216719028936e-02
-3.596013902210407759e-02
-1.407719924995576477e+01
-5.166695919635918427e-02
-3.824515489362301929e-02
-1.306407017263444992e+01
-7.738067827298311663e-02
-4.532739546820310772e-02
-3.962789483883333991e-02
-3.734405444002766861e-02
-3.690912736342652489e-02
-3.454087805361477637e-02
-3.475587687496422412e-02
-3.976859319442722918e-02
-3.494190957766474953e-02
-3.469096925644905849e-02
-1.056915068143785774e+01
-4.153478263164205736e-02
-3.640944874135326054e-02
-3.302338286351178681e-02
-3.348961422049138992e-02
-3.355821923661999467e-02
-3.662557758896797799e-02
-1.325973799521780805e+01
-3.907326286393673215e-02
-3.562142360845143435e-02
-3.393686788839003071e-02
-3.213120076058662705e-02
-3.104032612877986874e-02
-3.374760002970213224e-02
-3.227220752681844718e-02
-3.212379014538996325e-02
-3.330492933970424785e-02
-3.168448518177274797e-02
-3.318614183979718552e-02
-3.254421237399029304e-02
-3.155925607882212325e-02
-3.063149264171088557e-02
-2.988411255442705375e-02
-2.980144423447806529e-02
-3.185769558098045656e-02
-3.311197344249595248e-02
-3.072316744223243384e-02
-3.089697017460650216e-02
-3.166255032382774004e-02
-3.273221829278775280e-02
-3.264281119013491550e-02
-3.250882861193704620e-02
-3.130676381645088741e-02
-3.517289757167828962e-02
-3.190817300797459122e-02
-3.286277310142799585e-02
-3.051422979412766329e-02
-4.192444903241650950e-02
-3.799706632588452371e-02
-3.273736511824296841e-02
-3.919275358263940578e-02
-3.387905674481955093e-02
-3.256341825821307268e-02
-3.320427334121790752e-02
-3.242280936235713423e-02
-3.114676517902308095e-02
-3.016448538573388363e-02
-3.040898862244173495e-02
-3.301566789286679293e-02
-3.610050689016252451e-02
-1.260560940381556172e+01
-4.661013613427407443e-02
-4.038066494466090173e-02
-4.121195603284266706e-02
-3.475803193162620153e-02
-3.311574971167718928e-02
-3.366859141876617223e-02
-3.192488027951106977e-02
-3.191719401185276472e-02
-3.568058649922403042e-02
-3.184197110303677719e-02
-3.116018221835389901e-02
-3.238827185077636922e-02
-1.437267307463698529e+01
-1.212360294381043602e+01
-6.130917525716914757e-02
-4.776895118340074992e-02
-4.167820147790459590e-02
-3.964303507635026647e-02
-3.668173058021768212e-02
-3.399085893152255233e-02
-3.237130843800444663e-02
-3.241655626663289547e-02
-3.323024297144916428e-02
-3.356613128885627129e-02
-3.415330189997815846e-02
-3.259597846162008705e-02
-1.863675289557200188e+01
-3.043259834789520668e-01
-1.055990064247567112e-01
-7.434132466200045475e-02
-5.993516803121236997e-02
-5.343191547871381508e-02
-4.823560919465127994e-02
-4.371994749832226052e-02
-4.119704765330872709e-02
-4.427809720906134006e-02
-3.924949880911730860e-02
-3.715315766298257077e-02
-4.950850340117406156e-02
-3.900796775037557174e-02
-3.677274269799192530e-02
-3.976089327116320848e-02
-3.616499211066306896e-02
-3.600471301749819802e-02
-4.239774419244696918e-02
-3.948595674471424427e-02
-3.721992773678182986e-02
-4.045387926903903225e-02
-3.896571113608305464e-02
-3.506288609833090736e-02
-3.529799227793968541e-02
-3.775124074748520409e-02
-3.636492675731772817e-02
-3.755869728883191178e-02
-3.475389186265866182e-02
-3.320117645987994554e-02
-3.460761729190138525e-02
-3.179118451391811651e-02
-1.346142159068811850e+01
-1.393203696899526101e+01
-6.826517058614731126e-02
-1.031715959306156094e+01
-4.891848869273793948e-02
-4.189917244214287628e-02
-3.904403843925533663e-02
-5.023311732433356075e-02
-4.186457929232736963e-02
-3.926389929515859689e-02
-4.259179157878101307e-02
-3.895863265451791208e-02
-3.564776576389402235e-02
-3.994635375153742646e-02
-3.505296774124430637e-02
-3.341709297619892272e-02
-3.347993515882330406e-02
-3.508426377838651244e-02
-3.544215912487512499e-02
-3.191092710064187543e-02
-3.551399332650360952e-02
-3.270391735021809659e-02
-3.087298140823180326e-02
-3.201902051154627976e-02
-4.190399510739251793e-02
-3.398740976849931594e-02
-3.138953525029582886e-02
-3.307339974651039155e-02
-3.321458236829974431e-02
-3.321786996554087351e-02
-3.088646113442121421e-02
-3.130653713479022299e-02
-3.039524854770631751e-02
-3.995287139631197720e-02
-3.443911240440346994e-02
-3.139239875118234047e-02
-3.154480966580961582e-02
-3.081095997459962210e-02
-2.962649786519154851e-02
-3.008947425211594071e-02
-3.089228253306554664e-02
-2.933629206165798767e-02
-3.738245923163359408e-02
-3.162963206973427172e-02
-3.057371063663715666e-02
-3.204338834108322320e-02
-3.239097631137935474e-02
-3.256162027243385271e-02
-3.207591334561171043e-02
-3.099954355775562734e-02
-3.019599950811175174e-02
-2.939248861640489374e-02
-2.966608355867603880e-02
-3.383204685580638166e-02
-2.893860744901952109e-02
