8.366408201620005869e+00
6.645618139119993550e+00
5.278833297950001224e+00
4.193149469450001554e+00
3.330725126120001267e+00
2.645693294419999564e+00
2.101536691294997983e+00
1.669312191255999167e+00
1.325983079912000040e+00
1.053265102839000100e+00
8.366429053979997921e-01
6.645618053050011964e-01
5.278832917000008118e-01
4.193149572339998077e-01
3.330725648960001783e-01
2.645692972069998428e-01
2.101536806197000229e-01
1.669312489464000460e-01
1.325982983096999357e-01
1.053265161204000738e-01
8.366429458700000432e-02
6.645618106029999028e-02
5.278833144219997192e-02
4.193149843980006203e-02
3.330725156099998557e-02
2.645692963200001885e-02
2.101537210060999000e-02
1.669312043689998720e-02
1.325983105232998553e-02
1.053265302564000520e-02
8.366429026029992277e-03
6.645618009310004862e-03
5.278832989770008803e-03
4.193149600689997925e-03
3.330725592799997983e-03
2.645693040350002162e-03
2.101536585477002585e-03
1.669312421611999489e-03
1.325983145286999208e-03
1.053265095488000814e-03
8.366436267189994837e-04
6.645589691179999226e-04
5.278859147230002173e-04
4.193165872110002378e-04
3.330706017159995981e-04
2.645692546230002363e-04
2.101528409891002618e-04
1.669320081350000049e-04
1.325988609950999706e-04
1.053259126680000386e-04
3.744726678439996544e-04
