-5.069652613732222174e-02
-5.590770881668220837e-02
-5.197013927340948108e-02
-5.086591109845156611e-02
-5.023962044801898175e-02
-4.978125256837264562e-02
-2.399598272703635971e+01
-2.132388902406670006e-01
-7.862440230220527071e-02
-6.815684159918229679e-02
-6.034041395001362579e-02
-5.815981113573640698e-02
-5.786122749565098672e-02
-5.448920281180866937e-02
-5.316253307160000163e-02
-5.222705655125983032e-02
-5.149934157219095143e-02
-5.304477004888479702e-02
-8.058389797789800468e+00
-1.047690599697961022e-01
-1.518617128438459929e+01
-1.957203109486634618e-01
-8.241502746703226190e-02
-7.246827244347718577e-02
-6.409569162870967785e-02
-6.034152318459353598e-02
-5.790960065650630623e-02
-5.620446683849350533e-02
-5.749653255733153112e-02
-5.461166451417461681e-02
-1.209234904066128102e+01
-6.762343765168529752e-02
-6.187453794981647576e-02
-6.662748368509611996e-02
-1.505636977378213004e+01
-1.170923269568586583e-01
-8.643353539821607701e-02
-7.735069285394502447e-02
-6.912712746297816624e-02
-6.466218241420440549e-02
-1.721848701792732328e+01
-1.356265895781359476e-01
-9.750239676396342536e-02
-8.494643050774922099e-02
-8.669115736108434778e-02
-7.651175633497316053e-02
-7.834999689261919198e-02
-7.756230380717840656e-02
-6.770994944726690945e-02
-6.631810164471958757e-02
-6.313867517116235339e-02
-6.474611322029132088e-02
-6.945518156670349441e-02
-6.114260127977846904e-02
-5.964661896664021079e-02
-5.790245703430206559e-02
-5.674972895401163286e-02
-5.584158917598337768e-02
-1.561986962253222977e+01
-5.443186100738137134e-02
-5.385512542418369186e-02
-5.592536416474688798e-02
-5.478344774933114475e-02
-5.448449924990813459e-02
-5.453652732202077247e-02
-5.475753554651345556e-02
-5.323415651478066724e-02
-5.240883006389503163e-02
-5.184179839471401291e-02
-5.138247258086908048e-02
-5.203872719722003881e-02
-5.122240207410363316e-02
-5.145820209560694053e-02
-5.070618939223741489e-02
-5.279324430991652606e-02
-5.443479883376807493e-02
-5.163987023439108037e-02
-5.107650552918717446e-02
-5.104808409177073736e-02
-5.115383290640020814e-02
-5.324813796077795119e-02
-5.089008623211056098e-02
-5.332652228105455583e-02
-5.064356305768252797e-02
-4.984203592377525055e-02
-4.934997585421864452e-02
-5.092240460989468087e-02
-1.314602229067048000e+01
-1.372494537846675300e+01
-8.858856087718808281e-02
-7.948264977235541817e-02
-7.059932841989512153e-02
-6.325620334991767513e-02
-6.598266510704170473e-02
-6.184833564104141868e-02
-5.747197392755647866e-02
-5.560178072517517334e-02
-5.945519056959732568e-02
-5.525917004162566454e-02
-5.370409767719939997e-02
-6.692104332009270184e-02
-5.535082579611726172e-02
-5.333084464221158477e-02
-5.223335426548871008e-02
-5.146837196701548739e-02
-5.087430803459341150e-02
-5.038743443901005925e-02
-4.998107080768563609e-02
-5.073637281664691856e-02
-5.006678345578775141e-02
-5.692809973056803252e-02
-5.099387146775035545e-02
-5.149307575963021216e-02
-5.010488418222670132e-02
-4.947454492175413360e-02
-4.905171041609663468e-02
-4.979480676553601354e-02
-4.903279258627462472e-02
-1.004550356375136033e+01
-5.658804132648191654e-02
-5.215240635142318060e-02
-5.052761499747947249e-02
-5.174888761843957768e-02
-6.000794345081079950e-02
-5.337605998283269371e-02
-5.129691368375305371e-02
-5.598966955910364418e-02
-5.187994957293928788e-02
-8.353622122623770352e+00
-5.974364253261621460e-02
-5.325933010525722017e-02
-5.123774556208728764e-02
-5.220386866967706430e-02
-5.054690485040985032e-02
-5.163888975746488280e-02
-4.985226216866276566e-02
-4.909292363996686087e-02
-4.904011477470240216e-02
-5.081379593356243063e-02
-4.891527787772016050e-02
-4.827036570786909925e-02
-4.786588998907621850e-02
-4.755503814260669121e-02
-4.729874745754127086e-02
-4.774161118106051704e-02
-4.720065916483297264e-02
-4.828213994106676094e-02
-4.736623076574526109e-02
-4.696026454389239102e-02
-4.825746419044553426e-02
-4.824642519184976774e-02
-4.723295769915424741e-02
-4.733134905424653954e-02
-4.679108868027730822e-02
-4.648104745380498420e-02
-4.796317764924784566e-02
-4.713180401682390969e-02
-1.123715914620298406e+01
-7.929812425625053229e-02
-5.861170476186386424e-02
-5.510215655576631427e-02
-5.175252096496657517e-02
-5.018081000672140052e-02
-4.918012172012523747e-02
-4.847409242943251373e-02
-4.790428293341415789e-02
-3.616723647927376106e+01
-1.784822415445700416e-01
-9.950250907385378707e-02
-7.875963160734407442e-02
-6.950383285814620837e-02
-6.374313483993854224e-02
-6.174667033432241353e-02
-6.031019303856844510e-02
-5.899654601720397823e-02
-5.549085409371114913e-02
-5.397512076925559815e-02
-5.412687274272360433e-02
-5.250579760780205857e-02
-5.158497732323368001e-02
-1.627360003419485168e-01
-1.462326053781873303e-01
-1.353204975794977394e-01
-1.278246508675763560e-01
-1.107923319106777771e-01
-1.054888888961490467e-01
-1.013252855437126454e-01
-9.600442318971107170e-02
-9.207369595453933353e-02
-9.054391907325778921e-02
-8.681864465434070699e-02
-8.397061075536377261e-02
-8.154980500275005317e-02
-8.064917608584888653e-02
-8.321545537066885045e-02
-7.926355040005458874e-02
-7.447670621162519322e-02
-7.476936380637437540e-02
-7.602069459112169303e-02
-7.256396454153220266e-02
-7.060976458184270443e-02
-6.913535924050454029e-02
-7.875510957520662214e-02
-7.019847961522179824e-02
-6.785203058838186474e-02
-6.639405451615761067e-02
-6.644122548609614209e-02
-6.491339239342677758e-02
-6.389522930384686217e-02
-6.825241343397951688e-02
-6.419845769804322089e-02
-6.411752320491212465e-02
-6.435972486658521341e-02
-6.340149016947037308e-02
-6.273527407757308050e-02
-6.112162175850593959e-02
-6.230229750575171088e-02
-6.170960350419016360e-02
-6.011282103859759418e-02
-5.921032302524119328e-02
-5.853744495128527375e-02
-5.951981450704208615e-02
-6.077473916034296930e-02
-5.802197697561136541e-02
-5.725837598869810280e-02
-5.670914550384833358e-02
-1.032298875008504524e+01
-6.894821928850292103e-02
-6.089073527293799998e-02
-5.981666920323647912e-02
-5.802307820647998465e-02
-5.697484753828949838e-02
-6.391511787007325696e-02
-5.826050719030587133e-02
-5.741183548170916001e-02
-6.265386677396449222e-02
-6.945522378208400516e-02
-5.951415969132151790e-02
-5.725253463970417928e-02
-1.158540299574320365e+01
-7.112846509881669277e-02
-6.075583678359108147e-02
-6.376799082500522742e-02
-5.822575841016360693e-02
-5.642888565232786341e-02
-5.536248941997252981e-02
-5.460539336152164108e-02
-5.725182564878173591e-02
-6.206132354997267314e-02
-5.683657206434034048e-02
-6.001125063843601448e-02
-6.349987088027327087e-02
-6.203541794407141374e-02
-5.626692509666263164e-02
-5.472733039388705950e-02
-9.271383534924586556e+00
-7.581869521630299480e-02
-6.258189759105768635e-02
-5.728420569967264397e-02
-5.535595024654738766e-02
-5.740454733460204073e-02
-5.687663726539425590e-02
-5.560706758092914120e-02
-5.598284560193209775e-02
-1.197096920030615230e+01
-6.235050188782934738e-02
-5.843773936376189804e-02
-5.551746466461040391e-02
-5.407868077266989731e-02
-5.316326716927439328e-02
-5.249124460259529251e-02
-5.407709588904258124e-02
-5.359190194433440663e-02
-5.218901628011449884e-02
-5.148832962833071319e-02
-5.268236046751960389e-02
-5.798880393864217636e-02
-5.444198490007554070e-02
-5.453102013400761700e-02
-5.211497258000902244e-02
-5.991767715677310396e-02
-5.300149649911658351e-02
-5.203507371537560017e-02
-5.076694716501272547e-02
-5.200971804386224362e-02
-5.610761411276606048e-02
-5.344635444798431084e-02
-5.272993273391055058e-02
-5.098271194829054331e-02
-5.487906340055185433e-02
-5.068771337608485306e-02
-9.403532386606070048e+00
-6.329655984118064127e-02
-5.384627644221572085e-02
-5.458874642959235524e-02
-5.205352417477952104e-02
-5.098536876179745464e-02
-5.878539370712834028e-02
-5.299870467944901159e-02
-5.407367735244886231e-02
-5.104182615142622420e-02
-5.018394795550520926e-02
-4.962636441019198374e-02
-4.920464128259435105e-02
-4.980504680508129889e-02
-4.894972110665202908e-02
-5.366211420119572362e-02
-1.447212071893985730e+01
-5.687554885484984168e-02
-5.258189999559989558e-02
-5.088331574900762516e-02
-4.992776115524807240e-02
-4.928454433705913712e-02
-5.034175837645091245e-02
-4.925545452152327308e-02
-4.868393388345790967e-02
-5.839576027502921263e-02
-5.183465350471162802e-02
-5.007699647644785201e-02
-4.918133822039909286e-02
-5.290966175561549051e-02
-5.121519208098014586e-02
-4.952179939514260443e-02
-5.034228078023597619e-02
-4.952493776271425785e-02
-4.854822601577932911e-02
-5.022444625478042490e-02
-4.888262524361906142e-02
-6.214683658407892802e-02
-5.455303749084259440e-02
-5.418099015234401766e-02
-5.244961303555006199e-02
-5.046733663983201529e-02
-5.228875354811431814e-02
-4.994288513089820136e-02
-4.898074944547266968e-02
-4.837294858033407141e-02
-4.793001444810730122e-02
-5.038440185041610092e-02
-4.850694363834053002e-02
-4.994080468829372593e-02
-4.827469756385084632e-02
-4.763171462914712884e-02
-4.866087579886178849e-02
-4.737001962557450818e-02
-1.059096683189455135e+01
-6.621791492123296763e-02
-5.453694217677064471e-02
-1.475235905725750030e+01
-6.583148368730772082e-02
-5.587637205296445975e-02
-5.251504667869378445e-02
-5.568401806081757499e-02
-5.110477999946586025e-02
-4.971289272901072143e-02
-4.885221498179150024e-02
-5.027505731687063883e-02
-4.868187739534735742e-02
-4.796916110844080122e-02
-4.750048638086549341e-02
-4.714084518834914944e-02
-5.232409656392165986e-02
-5.453000247906624603e-02
-5.105132478044701466e-02
-4.930424606161350198e-02
-4.834633498761112952e-02
-4.771226053540519180e-02
-4.725628324329508162e-02
-1.454112643613347799e+01
-5.961764343175106340e-02
-5.351643368447950994e-02
-5.037887766225478126e-02
-4.897696907948221462e-02
-4.812168204714584174e-02
-4.752879988964044816e-02
-4.708281195307956885e-02
-4.967499430323454868e-02
-4.742023779841197939e-02
-5.673616482079913564e-02
-5.044370042033149287e-02
-2.496917698204907410e+01
-1.531943264125907034e-01
-9.743009590194803837e-02
-7.962894923728916496e-02
-7.069507759567489336e-02
-6.528956449370856840e-02
-6.760300082004543076e-02
-6.054246461995195505e-02
-6.110374957752486014e-02
-5.700509298279693438e-02
-5.649724604978286630e-02
-5.455928177761633358e-02
-5.846130728124587089e-02
-5.579662950592426118e-02
-1.407837511065451075e+01
-6.384143731303586200e-02
-5.731695156421339615e-02
-5.958393152649055224e-02
-5.534342019882523139e-02
-5.341365924507519153e-02
-5.348578441529830418e-02
-5.180384057680169352e-02
-5.089148412214748729e-02
-5.021184138763794269e-02
-1.524311570470500499e+01
-6.803108016560498184e-02
-5.453084432207407073e-02
-5.624363004636605268e-02
-5.209383204658933619e-02
-5.064132126709270515e-02
-5.377697068740219105e-02
-5.029951767223098114e-02
-4.931274500191404342e-02
-4.868925680185382660e-02
-5.176749401419631497e-02
-5.006749786746802350e-02
-5.004281695056324308e-02
-4.845180343595181099e-02
-4.784454215743022543e-02
-4.743089216908871752e-02
-4.711417261643250504e-02
-4.683985451153006158e-02
-4.660428512514258603e-02
-4.640192133436021188e-02
-4.620856930346787378e-02
-4.603841816825864769e-02
-4.587968548345600084e-02
-5.573278454500496526e-02
-5.015140051130718979e-02
-5.074621331819718917e-02
-5.056574645408330043e-02
-4.830929673505919564e-02
-4.733279366112851799e-02
-5.739369582682891241e-02
-5.713850403474856482e-02
-5.338810235979855878e-02
-7.200403897972394718e-02
-5.255362929644533110e-02
-4.987182912618424308e-02
-5.060480787695460780e-02
-5.011365662044050401e-02
-4.833500181686409269e-02
-4.747793662450676411e-02
-4.830306050669484763e-02
-4.719647097449179013e-02
-4.661324353969463485e-02
-4.737393342590943968e-02
-4.633171938593849681e-02
-4.590947465249303056e-02
-4.562128228557413290e-02
-4.538827205650995678e-02
-4.518255914866785294e-02
-4.682782926842821158e-02
-5.448088690167741943e-02
-4.936658062624062898e-02
-4.771885145231138242e-02
-6.621100381669890733e-02
-4.992752869760974654e-02
-4.874866369466345634e-02
-4.724228806041982226e-02
-4.747275564674739018e-02
-4.848934192080010808e-02
-5.167512724371013666e-02
-4.822145147585556180e-02
-4.850489587051345919e-02
-4.677503655986057357e-02
-4.609878104840220425e-02
-5.084420394474736121e-02
-1.620438087061633325e+01
-9.927326537303486631e-02
-5.939574976745052443e-02
-5.326656384325378912e-02
-5.263806732590376597e-02
-4.961047349967476205e-02
-4.835164922316018826e-02
-4.749846257256569448e-02
-5.028635341979476731e-02
-5.469645519188533894e-02
-4.878076673930047125e-02
-4.747322712187253269e-02
-4.671893451552164983e-02
-4.619239398701821542e-02
-4.643014171809617396e-02
-4.751195209661512181e-02
-4.879347690683583788e-02
-4.695352112991937193e-02
-1.275308120383096977e+01
-1.008624628905290393e-01
-6.190381897791409627e-02
-6.191710815216325964e-02
-5.695105044948251677e-02
-5.060403404704860025e-02
-4.752648611015265756e-02
-4.684386326439617804e-02
-4.635937750647537575e-02
-4.597378711650729199e-02
-4.565829399324763949e-02
-4.538310814894053191e-02
-4.513249165456668932e-02
-4.950298650546970658e-02
-4.609874986758848159e-02
-4.535427586903991587e-02
-4.630997612019598086e-02
-4.532485886676271974e-02
-4.487682863593016325e-02
-4.504173777764208103e-02
-1.335933463628945184e+01
-5.614026973250276636e-02
-7.614517903915776764e-02
-6.185172717665578246e-02
-5.311516019945511369e-02
-5.121197311745050162e-02
-4.910050326113976626e-02
-1.321215577863176982e+01
-5.830111476295173761e-02
-5.833697252823461660e-02
-5.278063511411667380e-02
-5.035646487683059086e-02
-4.891573913663700007e-02
-4.876478039330591624e-02
-4.870689768746348097e-02
-4.743099639032880704e-02
-4.670816740263191574e-02
-4.618058015797604082e-02
-4.671880186427848636e-02
-4.667228107308505486e-02
-4.584152458851898509e-02
-5.114992631870260431e-02
-5.080572539711453173e-02
-5.200176285402779292e-02
-5.208953269495999322e-02
-5.795628260317507718e-02
-5.159519159164654978e-02
-5.021824411270943422e-02
-1.364595997768407543e+01
-6.677827804799905953e-02
-5.503543675061024071e-02
-1.302227211404268559e+01
-9.835284723395795736e-02
-6.422683608382172282e-02
-5.693295017102625866e-02
-5.347528020533226512e-02
-5.210151573941141506e-02
-5.036518079820503230e-02
-5.169467003796700266e-02
-5.737113094672975644e-02
-5.072728730964526367e-02
-5.095615544465445512e-02
-1.114937409150471126e+01
-6.005181854376772516e-02
-5.322022509562585046e-02
-5.061035127538102141e-02
-4.912906546577013034e-02
-4.901950500912942432e-02
-5.221737988528931534e-02
-1.303245758587772762e+01
-5.551580934289215147e-02
-5.060653351218211832e-02
-4.996374061451620829e-02
-4.820969021706194430e-02
-4.728160618646129465e-02
-4.851057308148685326e-02
-4.749744968642047316e-02
-4.764326487680130978e-02
-4.631738039154444098e-02
-4.575465422792771714e-02
-4.535827982673615311e-02
-4.699779910239452324e-02
-4.574721501269524149e-02
-4.518054818521446969e-02
-4.482163347750433430e-02
-4.453754186494176398e-02
-4.520776810841913712e-02
-4.856486162634485876e-02
-4.612191031715561634e-02
-4.522733853657950887e-02
-4.470893292262607954e-02
-4.717892372170723325e-02
-4.543067133651593204e-02
-4.474081035336942291e-02
-4.431584283021813148e-02
-4.469348567313898013e-02
-4.409499495554075610e-02
-4.378943051854618934e-02
-4.356062550701961245e-02
-5.426850405801572630e-02
-5.215318093149262646e-02
-4.651606457517509785e-02
-5.131247305342111209e-02
-4.644927328044361203e-02
-4.519275710079829339e-02
-4.688647794800229751e-02
-4.638379754564352780e-02
-4.492901979162469694e-02
-4.430582197775841113e-02
-4.390238983251790877e-02
-4.536316745615522061e-02
-5.030346217006647497e-02
-1.198058453560312664e+01
-6.405830097808905277e-02
-5.643174153756391753e-02
-5.717217002790507541e-02
-5.089121861974835875e-02
-4.861633348808924032e-02
-4.727512095641332041e-02
-4.636537070273404754e-02
-4.641172860007251183e-02
-4.671788141729542321e-02
-4.539687759337225625e-02
-4.481904195675909253e-02
-4.441951806862403512e-02
-1.343368631478121777e+01
-1.215045177692607936e+01
-8.117422518530720277e-02
-6.399616773191213470e-02
-5.909792619757243959e-02
-5.434446675279624300e-02
-5.181783084014741220e-02
-5.011866875367218532e-02
-4.889108159712615698e-02
-4.795736265598322945e-02
-4.821893229512608930e-02
-4.700704633590670894e-02
-4.763718062127324238e-02
-4.653160800068522479e-02
-1.857359282699948366e+01
-3.418979038994784947e-01
-1.347126601145448299e-01
-1.010752729131148553e-01
-8.290560165618178490e-02
-7.564550451841557666e-02
-6.944058230590188785e-02
-6.439239095211368724e-02
-6.104305480443871640e-02
-6.464889942651441679e-02
-5.909104140792056925e-02
-5.660103393269760169e-02
-6.905825412426756793e-02
-5.864411446903765313e-02
-5.552970341803848547e-02
-5.372273744177759325e-02
-5.297319678579374969e-02
-5.170966288016477785e-02
-5.586193093462379217e-02
-5.586309357394698277e-02
-5.273164749382092120e-02
-5.285693388461803338e-02
-5.536398709946496050e-02
-5.221230220473313532e-02
-5.068062436238001539e-02
-5.016878735018120983e-02
-5.083842173109694856e-02
-5.327617368915853885e-02
-5.016416384403578343e-02
-4.893346239537985087e-02
-4.991129557026059010e-02
-4.806544067457086539e-02
-1.286138285678440774e+01
-1.342256601257520288e+01
-8.844492827171768212e-02
-1.067173155160709186e+01
-6.837114814966135934e-02
-6.027813181624934458e-02
-5.636799419176539289e-02
-6.614640453060015302e-02
-5.837049142302319638e-02
-5.660509262174841932e-02
-5.772070412143473495e-02
-5.325944069206201004e-02
-5.160510929194930124e-02
-5.588494928864057992e-02
-5.126875711285598658e-02
-4.988537730888368410e-02
-4.902336200928344295e-02
-4.895720563833284855e-02
-4.812027658075836850e-02
-4.756490902204313365e-02
-5.019004919448780133e-02
-4.734547088394032432e-02
-4.673827526859235248e-02
-4.735182193406269752e-02
-5.851357374667526257e-02
-4.952822074427305765e-02
-4.775084145288512744e-02
-4.686879507615668988e-02
-4.703741131235643358e-02
-4.734034044814174752e-02
-4.619198354913639504e-02
-4.567719859672609434e-02
-4.530447333928225989e-02
-5.566342083961180187e-02
-4.810274457141428678e-02
-4.652214312449559630e-02
-4.574688182520005031e-02
-4.524153250856476766e-02
-4.487890299545998357e-02
-4.458496458877125868e-02
-4.434890904203622058e-02
-4.412649428587083617e-02
-4.960040172457075985e-02
-4.560226524979154455e-02
-4.470640335949967181e-02
-4.733141469580067623e-02
-4.634130462290442926e-02
-4.624091428110848473e-02
-4.572923611979742148e-02
-4.541895972832560996e-02
-4.460679946000412760e-02
-4.415745355185695525e-02
-4.383679656642005401e-02
-4.881620050357693419e-02
-4.421598654486275093e-02
