5.069652613732250623e-02
5.590770881668168796e-02
5.197013927340909945e-02
5.086591109845130243e-02
5.023962044801880134e-02
4.978125256837219459e-02
4.941955463505490892e-02
2.132388902406696374e-01
7.862440230220699156e-02
6.815684159918229679e-02
6.034041395001410457e-02
5.815981113573689271e-02
5.786122749565072304e-02
5.448920281180871794e-02
5.316253307159979347e-02
5.222705655125959440e-02
5.149934157218979958e-02
5.304477004888369374e-02
6.253692692109849571e-02
1.047690599697978231e-01
6.576213924965898516e-02
1.957203109486687909e-01
8.241502746703160964e-02
7.246827244347740782e-02
6.409569162871028847e-02
6.034152318459198860e-02
5.790960065650539029e-02
5.620446683849260328e-02
5.749653255733159357e-02
5.461166451417470702e-02
5.804540648778819950e-02
6.762343765168561671e-02
6.187453794981599697e-02
6.662748368509839592e-02
5.868430834391440837e-02
1.170923269568570901e-01
8.643353539821510556e-02
7.735069285394581551e-02
6.912712746297940136e-02
6.466218241420490509e-02
6.362649964013129822e-02
1.356265895781376130e-01
9.750239676396207922e-02
8.494643050775128879e-02
8.669115736108538861e-02
7.651175633497268869e-02
7.834999689261780420e-02
7.756230380717682449e-02
6.770994944726621556e-02
6.631810164471915736e-02
6.313867517116249217e-02
6.474611322029220906e-02
6.945518156670280052e-02
6.114260127977880210e-02
5.964661896664130020e-02
5.790245703430281499e-02
5.674972895401279166e-02
5.584158917598478628e-02
5.508429376733509769e-02
5.443186100738229422e-02
5.385512542418389309e-02
5.592536416474658961e-02
5.478344774933179701e-02
5.448449924990860643e-02
5.453652732202191045e-02
5.475753554651470456e-02
5.323415651478111132e-02
5.240883006389509408e-02
5.184179839471439455e-02
5.138247258086950375e-02
5.203872719722039963e-02
5.122240207410420215e-02
5.145820209560651726e-02
5.070618939223781041e-02
5.279324430991570727e-02
5.443479883376738798e-02
5.163987023439060853e-02
5.107650552918680670e-02
5.104808409177059858e-02
5.115383290639969466e-02
5.324813796077769446e-02
5.089008623210990179e-02
5.332652228105420195e-02
5.064356305768129285e-02
4.984203592377459135e-02
4.934997585421778410e-02
5.092240460989411188e-02
5.078860817149719042e-02
8.306860584939082526e-02
8.858856087718601502e-02
7.948264977235429407e-02
7.059932841989380314e-02
6.325620334991749472e-02
6.598266510704071941e-02
6.184833564104129378e-02
5.747197392755538925e-02
5.560178072517461129e-02
5.945519056959759630e-02
5.525917004162611557e-02
5.370409767719998284e-02
6.692104332009339573e-02
5.535082579611771275e-02
5.333084464221200111e-02
5.223335426548891131e-02
5.146837196701600781e-02
5.087430803459389722e-02
5.038743443901009395e-02
4.998107080768619120e-02
5.073637281664661325e-02
5.006678345578800815e-02
5.692809973056819906e-02
5.099387146774929380e-02
5.149307575962981665e-02
5.010488418222588947e-02
4.947454492175310664e-02
4.905171041609598936e-02
4.979480676553600660e-02
4.903279258627488840e-02
4.860683651055140025e-02
5.658804132648160429e-02
5.215240635142200099e-02
5.052761499747769613e-02
5.174888761843870338e-02
6.000794345080971010e-02
5.337605998283090347e-02
5.129691368375190186e-02
5.598966955910451154e-02
5.187994957293810133e-02
5.045375371354582361e-02
5.974364253261790769e-02
5.325933010525790018e-02
5.123774556208810643e-02
5.220386866967801492e-02
5.054690485040931602e-02
5.163888975746459831e-02
4.985226216866191218e-02
4.909292363996629882e-02
4.904011477470240910e-02
5.081379593356200042e-02
4.891527787772020214e-02
4.827036570786930741e-02
4.786588998907660014e-02
4.755503814260768347e-02
4.729874745754149984e-02
4.774161118106037827e-02
4.720065916483330570e-02
4.828213994106698992e-02
4.736623076574501823e-02
4.696026454389250204e-02
4.825746419044490976e-02
4.824642519184949019e-02
4.723295769915399761e-02
4.733134905424560279e-02
4.679108868027820334e-02
4.648104745380580299e-02
4.796317764924808852e-02
4.713180401682350723e-02
5.210448333112020075e-02
7.929812425625473726e-02
5.861170476186288586e-02
5.510215655576439914e-02
5.175252096496560372e-02
5.018081000672160868e-02
4.918012172012500155e-02
4.847409242943260393e-02
4.790428293341410931e-02
5.048900511249389961e-02
1.784822415445720400e-01
9.950250907385384258e-02
7.875963160734561486e-02
6.950383285814507039e-02
6.374313483993837570e-02
6.174667033432280211e-02
6.031019303856820918e-02
5.899654601720469987e-02
5.549085409371091321e-02
5.397512076925510549e-02
5.412687274272360433e-02
5.250579760780258592e-02
5.158497732323460289e-02
1.627360003419504875e-01
1.462326053781874968e-01
1.353204975794990716e-01
1.278246508675799087e-01
1.107923319106777077e-01
1.054888888961472010e-01
1.013252855437104943e-01
9.600442318970901778e-02
9.207369595453752942e-02
9.054391907325538835e-02
8.681864465433812572e-02
8.397061075536128849e-02
8.154980500274792987e-02
8.064917608584636077e-02
8.321545537066929454e-02
7.926355040005439445e-02
7.447670621162350013e-02
7.476936380637362600e-02
7.602069459112238692e-02
7.256396454153189735e-02
7.060976458184227422e-02
6.913535924050438763e-02
7.875510957520540090e-02
7.019847961522289459e-02
6.785203058838339130e-02
6.639405451615749965e-02
6.644122548609639189e-02
6.491339239342629186e-02
6.389522930384669563e-02
6.825241343397828175e-02
6.419845769804359559e-02
6.411752320491259649e-02
6.435972486658489422e-02
6.340149016946960980e-02
6.273527407757288621e-02
6.112162175850539836e-02
6.230229750575089903e-02
6.170960350419048973e-02
6.011282103859760806e-02
5.921032302524079777e-02
5.853744495128429537e-02
5.951981450704041388e-02
6.077473916034259460e-02
5.802197697561049111e-02
5.725837598869780443e-02
5.670914550384721642e-02
5.625052319417900987e-02
6.894821928850221326e-02
6.089073527293799304e-02
5.981666920323690240e-02
5.802307820648040793e-02
5.697484753828870735e-02
6.391511787007132794e-02
5.826050719030570479e-02
5.741183548170828571e-02
6.265386677396449222e-02
6.945522378208407455e-02
5.951415969132099054e-02
5.725253463970409601e-02
5.655630123394569941e-02
7.112846509881848300e-02
6.075583678359119943e-02
6.376799082500700377e-02
5.822575841016401632e-02
5.642888565232748871e-02
5.536248941997280737e-02
5.460539336152140516e-02
5.725182564878060487e-02
6.206132354997200007e-02
5.683657206433979925e-02
6.001125063843589652e-02
6.349987088027367332e-02
6.203541794407079618e-02
5.626692509666260389e-02
5.472733039388708032e-02
5.457162137015610787e-02
7.581869521630310582e-02
6.258189759105740879e-02
5.728420569967328929e-02
5.535595024654810237e-02
5.740454733460259584e-02
5.687663726539379794e-02
5.560706758092881508e-02
5.598284560193209081e-02
5.457996989903050183e-02
6.235050188782979841e-02
5.843773936376230049e-02
5.551746466461068147e-02
5.407868077267059120e-02
5.316326716927460838e-02
5.249124460259430719e-02
5.407709588904129755e-02
5.359190194433278986e-02
5.218901628011328453e-02
5.148832962832910337e-02
5.268236046751820917e-02
5.798880393864079552e-02
5.444198490007400720e-02
5.453102013400600717e-02
5.211497258000738486e-02
5.991767715677250722e-02
5.300149649911500838e-02
5.203507371537449688e-02
5.076694716501210791e-02
5.200971804386141095e-02
5.610761411276459637e-02
5.344635444798390839e-02
5.272993273390891300e-02
5.098271194829001596e-02
5.487906340055169474e-02
5.068771337608410366e-02
5.558141964962641512e-02
6.329655984117882328e-02
5.384627644221660209e-02
5.458874642959318790e-02
5.205352417477920185e-02
5.098536876179759342e-02
5.878539370712979745e-02
5.299870467944970548e-02
5.407367735244950069e-02
5.104182615142649482e-02
5.018394795550570886e-02
4.962636441019138700e-02
4.920464128259500330e-02
4.980504680508260340e-02
4.894972110665311849e-02
5.366211420119621628e-02
5.110776324485712813e-02
5.687554885485041067e-02
5.258189999559909761e-02
5.088331574900741699e-02
4.992776115524649033e-02
4.928454433705790200e-02
5.034175837644987855e-02
4.925545452152260001e-02
4.868393388345777090e-02
5.839576027502878935e-02
5.183465350471180150e-02
5.007699647644720670e-02
4.918133822039789244e-02
5.290966175561411661e-02
5.121519208097949361e-02
4.952179939514169543e-02
5.034228078023539332e-02
4.952493776271441051e-02
4.854822601577989810e-02
5.022444625478060531e-02
4.888262524361900591e-02
6.214683658407910150e-02
5.455303749084278175e-02
5.418099015234460053e-02
5.244961303555130405e-02
5.046733663983302143e-02
5.228875354811510917e-02
4.994288513089870790e-02
4.898074944547330806e-02
4.837294858033429346e-02
4.793001444810689876e-02
5.038440185041619807e-02
4.850694363834000267e-02
4.994080468829298347e-02
4.827469756385119326e-02
4.763171462914830151e-02
4.866087579886260034e-02
4.737001962557470941e-02
4.693772394704360390e-02
6.621791492123432765e-02
5.453694217677092226e-02
5.035946469394100844e-02
6.583148368730890043e-02
5.587637205296501486e-02
5.251504667869400650e-02
5.568401806081850480e-02
5.110477999946701211e-02
4.971289272901169981e-02
4.885221498179229821e-02
5.027505731687120089e-02
4.868187739534708680e-02
4.796916110844049591e-02
4.750048638086599995e-02
4.714084518834980170e-02
5.232409656392150721e-02
5.453000247906439335e-02
5.105132478044660527e-02
4.930424606161309259e-02
4.834633498761121279e-02
4.771226053540370687e-02
4.725628324329411017e-02
4.932606902849181324e-02
5.961764343175030012e-02
5.351643368447900340e-02
5.037887766225389308e-02
4.897696907948241585e-02
4.812168204714679237e-02
4.752879988964119062e-02
4.708281195307949946e-02
4.967499430323510379e-02
4.742023779841261777e-02
5.673616482079828216e-02
5.044370042033069490e-02
4.995634187567830203e-02
1.531943264125897042e-01
9.743009590194737224e-02
7.962894923729141317e-02
7.069507759567658645e-02
6.528956449370981741e-02
6.760300082004580546e-02
6.054246461995111545e-02
6.110374957752429115e-02
5.700509298279620579e-02
5.649724604978290793e-02
5.455928177761511233e-02
5.846130728124589865e-02
5.579662950592529508e-02
5.313109367400308675e-02
6.384143731303482117e-02
5.731695156421309778e-02
5.958393152649050367e-02
5.534342019882570324e-02
5.341365924507528867e-02
5.348578441529799887e-02
5.180384057680120086e-02
5.089148412214648115e-02
5.021184138763711696e-02
4.967582804820990655e-02
6.803108016560510674e-02
5.453084432207380705e-02
5.624363004636651064e-02
5.209383204658959987e-02
5.064132126709219861e-02
5.377697068740171227e-02
5.029951767222960723e-02
4.931274500191270421e-02
4.868925680185299393e-02
5.176749401419609292e-02
5.006749786746790554e-02
5.004281695056409657e-02
4.845180343595130446e-02
4.784454215743010053e-02
4.743089216908859262e-02
4.711417261643319199e-02
4.683985451153009627e-02
4.660428512514250277e-02
4.640192133435890043e-02
4.620856930346818603e-02
4.603841816825870320e-02
4.587968548345540409e-02
5.573278454500469464e-02
5.015140051130730775e-02
5.074621331819780673e-02
5.056574645408450086e-02
4.830929673506019484e-02
4.733279366112870534e-02
5.739369582682899568e-02
5.713850403474829420e-02
5.338810235979819102e-02
7.200403897972515455e-02
5.255362929644560172e-02
4.987182912618499248e-02
5.060480787695569721e-02
5.011365662044101749e-02
4.833500181686489067e-02
4.747793662450629920e-02
4.830306050669420925e-02
4.719647097449100603e-02
4.661324353969299034e-02
4.737393342590841966e-02
4.633171938593680372e-02
4.590947465249189258e-02
4.562128228557259940e-02
4.538827205650920044e-02
4.518255914866730477e-02
4.682782926842760096e-02
5.448088690167739168e-02
4.936658062623970611e-02
4.771885145231101466e-02
6.621100381669851875e-02
4.992752869760910817e-02
4.874866369466329674e-02
4.724228806041919776e-02
4.747275564674680037e-02
4.848934192079919908e-02
5.167512724370930399e-02
4.822145147585521485e-02
4.850489587051250856e-02
4.677503655986010866e-02
4.609878104840089280e-02
5.084420394474740285e-02
4.785624163955670002e-02
9.927326537303551857e-02
5.939574976745029544e-02
5.326656384325489935e-02
5.263806732590341209e-02
4.961047349967470654e-02
4.835164922315900171e-02
4.749846257256380017e-02
5.028635341979292156e-02
5.469645519188329891e-02
4.878076673929909735e-02
4.747322712187199145e-02
4.671893451552079635e-02
4.619239398701718846e-02
4.643014171809598661e-02
4.751195209661558672e-02
4.879347690683559502e-02
4.695352112992000337e-02
4.613478039672500031e-02
1.008624628905318149e-01
6.190381897791541466e-02
6.191710815216449476e-02
5.695105044948328699e-02
5.060403404704950231e-02
4.752648611015328900e-02
4.684386326439680254e-02
4.635937750647550065e-02
4.597378711650679933e-02
4.565829399324738275e-02
4.538310814894049722e-02
4.513249165456689749e-02
4.950298650546951229e-02
4.609874986758878690e-02
4.535427586903990199e-02
4.630997612019618903e-02
4.532485886676359405e-02
4.487682863593040611e-02
4.504173777764289982e-02
4.460019121937061626e-02
5.614026973250370312e-02
7.614517903915728192e-02
6.185172717665719799e-02
5.311516019945579370e-02
5.121197311745080000e-02
4.910050326113960667e-02
4.845039719023468833e-02
5.830111476295069678e-02
5.833697252823469986e-02
5.278063511411690278e-02
5.035646487683091005e-02
4.891573913663781886e-02
4.876478039330648523e-02
4.870689768746429976e-02
4.743099639032929971e-02
4.670816740263211697e-02
4.618058015797649879e-02
4.671880186427907616e-02
4.667228107308521445e-02
4.584152458851820100e-02
5.114992631870239614e-02
5.080572539711378233e-02
5.200176285402710596e-02
5.208953269495890381e-02
5.795628260317398778e-02
5.159519159164491220e-02
5.021824411270839339e-02
4.797785371716739578e-02
6.677827804799929545e-02
5.503543675061119134e-02
5.134260389475059361e-02
9.835284723395869289e-02
6.422683608382298570e-02
5.693295017102630723e-02
5.347528020533248716e-02
5.210151573941199793e-02
5.036518079820519189e-02
5.169467003796768961e-02
5.737113094673000624e-02
5.072728730964499305e-02
5.095615544465500329e-02
4.856582737242808728e-02
6.005181854376717698e-02
5.322022509562530229e-02
5.061035127538059814e-02
4.912906546577081729e-02
4.901950500912919534e-02
5.221737988528980801e-02
5.072648921670239869e-02
5.551580934289189473e-02
5.060653351218210444e-02
4.996374061451667320e-02
4.820969021706260349e-02
4.728160618646179425e-02
4.851057308148649244e-02
4.749744968642041071e-02
4.764326487680079630e-02
4.631738039154329606e-02
4.575465422792760611e-02
4.535827982673560493e-02
4.699779910239398895e-02
4.574721501269449903e-02
4.518054818521501093e-02
4.482163347750429960e-02
4.453754186494147949e-02
4.520776810841830445e-02
4.856486162634381792e-02
4.612191031715441591e-02
4.522733853657848885e-02
4.470893292262518443e-02
4.717892372170631038e-02
4.543067133651518263e-02
4.474081035336890944e-02
4.431584283021760412e-02
4.469348567313748133e-02
4.409499495554010384e-02
4.378943051854488483e-02
4.356062550701859243e-02
5.426850405801520588e-02
5.215318093149150236e-02
4.651606457517469539e-02
5.131247305342079984e-02
4.644927328044280018e-02
4.519275710079789787e-02
4.688647794800249180e-02
4.638379754564420088e-02
4.492901979162500919e-02
4.430582197775820991e-02
4.390238983251858879e-02
4.536316745615540796e-02
5.030346217006680803e-02
4.682976789486210240e-02
6.405830097808901114e-02
5.643174153756398692e-02
5.717217002790429825e-02
5.089121861974800487e-02
4.861633348808878236e-02
4.727512095641279999e-02
4.636537070273380468e-02
4.641172860007289347e-02
4.671788141729589505e-02
4.539687759337319994e-02
4.481904195675969621e-02
4.441951806862440288e-02
4.409763901198258951e-02
7.558566750894772646e-02
8.117422518530689746e-02
6.399616773191249552e-02
5.909792619757199550e-02
5.434446675279649974e-02
5.181783084014728730e-02
5.011866875367190777e-02
4.889108159712669821e-02
4.795736265598390946e-02
4.821893229512649176e-02
4.700704633590749304e-02
4.763718062127349911e-02
4.653160800068569664e-02
4.588351552071189693e-02
3.418979038994737762e-01
1.347126601145459401e-01
1.010752729131163818e-01
8.290560165618326982e-02
7.564550451841418888e-02
6.944058230590210989e-02
6.439239095211421460e-02
6.104305480443960458e-02
6.464889942651547150e-02
5.909104140792209581e-02
5.660103393269699801e-02
6.905825412426759569e-02
5.864411446903770864e-02
5.552970341803719484e-02
5.372273744177698956e-02
5.297319678579329866e-02
5.170966288016459744e-02
5.586193093462359094e-02
5.586309357394669134e-02
5.273164749382022037e-02
5.285693388461690928e-02
5.536398709946500907e-02
5.221230220473301042e-02
5.068062436237939089e-02
5.016878735017989838e-02
5.083842173109631019e-02
5.327617368915810170e-02
5.016416384403580425e-02
4.893346239537828268e-02
4.991129557026048602e-02
4.806544067456980374e-02
4.907576620376179893e-02
1.412077566707587162e-01
8.844492827171471228e-02
6.627025987010619346e-02
6.837114814966091525e-02
6.027813181624861599e-02
5.636799419176529574e-02
6.614640453059833503e-02
5.837049142302148247e-02
5.660509262174791278e-02
5.772070412143429780e-02
5.325944069206241249e-02
5.160510929194949553e-02
5.588494928863989297e-02
5.126875711285500820e-02
4.988537730888359389e-02
4.902336200928209681e-02
4.895720563833260569e-02
4.812027658075819503e-02
4.756490902204340426e-02
5.019004919448720459e-02
4.734547088394089331e-02
4.673827526859249820e-02
4.735182193406230894e-02
5.851357374667540134e-02
4.952822074427339072e-02
4.775084145288470416e-02
4.686879507615630824e-02
4.703741131235619072e-02
4.734034044814218467e-02
4.619198354913680443e-02
4.567719859672658700e-02
4.530447333928230152e-02
5.566342083961210024e-02
4.810274457141400922e-02
4.652214312449530487e-02
4.574688182520009194e-02
4.524153250856419173e-02
4.487890299546009459e-02
4.458496458877058560e-02
4.434890904203569323e-02
4.412649428586980227e-02
4.960040172457070434e-02
4.560226524979089230e-02
4.470640335949959548e-02
4.733141469580040561e-02
4.634130462290449171e-02
4.624091428110740920e-02
4.572923611979590880e-02
4.541895972832450668e-02
4.460679946000349616e-02
4.415745355185669851e-02
4.383679656642010952e-02
4.881620050357709378e-02
4.421598654486229296e-02
