4.820019684769006574e+01
3.964618864620006633e+01
3.254844998597000227e+01
2.665899174924998150e+01
2.177444429399991321e+01
1.773303807132000287e+01
1.439586739786999559e+01
1.164911198426000283e+01
9.395707551634009391e+00
7.554578642965998014e+00
6.055960550979000878e+00
4.841118027363997101e+00
3.860441835029998714e+00
3.071860302747996929e+00
2.440115163096005180e+00
1.935737687823999797e+00
1.534400607266999783e+00
1.215858530688998851e+00
9.636472739484989170e-01
7.642675636989001431e-01
6.068678215729006453e-01
4.826486416663004486e-01
3.846350120520997673e-01
3.072309560470005696e-01
2.460327261255002007e-01
1.975691959718002266e-01
1.590922105658997832e-01
1.284694866060999141e-01
1.040117383680698726e-01
8.441246216969991445e-02
6.863882616478005072e-02
5.589042178687998741e-02
4.553989039979017273e-02
3.709689611921981878e-02
3.017679558133004591e-02
2.447582774281999510e-02
1.975395069513001187e-02
1.581452929497996138e-02
1.249939881998902470e-02
9.682857098493017137e-03
7.280071348575009940e-03
5.251150387854010629e-03
3.603995607895002593e-03
2.365685518952500947e-03
1.527968717993598595e-03
1.009706362297606600e-03
6.890960364293709575e-04
4.740681532781898522e-04
3.221602232049866035e-04
2.150849085410248189e-04
1.409694854698624827e-04
