1.247532732189999966e-01
1.228382946260000025e-01
1.237773492040000062e-01
1.233774559389999997e-01
1.228174362029999939e-01
1.228283808410000066e-01
1.222974901879999993e-01
1.217771432109999996e-01
1.272698529849999871e-01
1.268376999660000004e-01
1.268945211180000088e-01
1.262082384950000136e-01
1.254882271939999905e-01
1.247322611740000059e-01
1.247446598109999971e-01
1.239547791669999982e-01
1.231624137879999970e-01
1.223722785720000039e-01
1.215903137889999958e-01
1.225918560609999958e-01
1.218421171750000004e-01
1.567154236180000049e-01
1.433410539119999993e-01
1.305692725579999935e-01
1.236644308229999933e-01
1.210894475620000049e-01
1.201226373280000065e-01
1.195277379269999996e-01
1.195551475430000066e-01
1.194686549870000031e-01
1.189998005599999936e-01
1.196068904260000065e-01
1.194348371029999994e-01
1.190163329299999961e-01
1.186126362269999956e-01
1.182421877030000040e-01
1.178553833740000056e-01
1.176887504269999996e-01
1.173168865199999966e-01
1.169559839449999944e-01
1.169657864610000042e-01
1.166174816840000045e-01
1.162704730829999950e-01
1.159234834559999955e-01
1.162673130350000000e-01
1.159314480699999983e-01
1.156034632490000047e-01
1.152719531429999972e-01
1.149467074439999986e-01
1.164838427290000034e-01
1.161551819679999958e-01
1.158422942450000048e-01
1.155257375829999988e-01
1.152146436300000021e-01
1.149041664079999969e-01
1.155713210190000007e-01
1.152624994310000039e-01
1.165396691889999947e-01
1.167891193220000068e-01
1.164895019300000029e-01
1.161760293870000016e-01
1.167102481959999966e-01
1.164065995210000065e-01
1.161490252719999949e-01
1.160326391250000033e-01
1.159547520560000045e-01
1.157744407419999955e-01
1.154729979319999988e-01
1.151674469480000046e-01
1.148633132589999967e-01
1.145641626349999942e-01
1.142705926080000017e-01
1.144361818930000052e-01
1.143130394110000031e-01
1.150858701420000019e-01
1.154765444899999993e-01
1.154006459759999992e-01
1.151105590379999932e-01
1.150118263900000021e-01
1.147214619159999949e-01
1.159336532180000046e-01
1.156347166590000058e-01
1.153422116160000011e-01
1.217408270230000006e-01
1.235372872970000035e-01
1.232476845439999941e-01
1.227724341499999983e-01
1.229343728619999992e-01
1.224201394470000037e-01
1.218966960359999935e-01
1.213553947340000050e-01
1.211756944349999948e-01
1.206135517540000007e-01
1.200534102300000044e-01
1.194884121029999996e-01
1.205368813149999968e-01
1.199696242219999986e-01
1.199376255029999949e-01
1.199757769820000014e-01
1.194334980269999985e-01
1.190161927219999943e-01
1.184872802690000032e-01
1.179741552370000002e-01
1.175292690120000039e-01
1.170396751719999934e-01
1.167711839669999946e-01
1.163165522580000000e-01
1.165656014920000011e-01
1.193369832360000049e-01
1.189450000290000059e-01
1.184744165800000054e-01
1.180713229859999963e-01
1.176783946729999947e-01
1.173869136919999945e-01
1.168963159170000043e-01
1.164796686359999972e-01
1.163962761720000044e-01
1.159154912019999956e-01
1.165200075839999960e-01
1.151892699000000020e-01
1.147227403520000022e-01
1.142660685689999983e-01
1.143125263939999969e-01
1.138815735319999994e-01
1.136015108300000021e-01
1.131995020969999988e-01
1.128012668510000038e-01
1.124185559680000029e-01
1.121643748969999993e-01
1.118150935440000021e-01
1.114756128289999954e-01
1.111463636220000051e-01
1.111468457240000068e-01
1.112812928849999938e-01
1.109888316029999933e-01
1.109454773850000048e-01
1.109844617489999935e-01
1.109734574640000027e-01
1.108413028700000053e-01
1.105873524479999981e-01
1.115658031679999940e-01
1.113259484430000057e-01
1.110857759910000020e-01
1.108534410609999937e-01
1.111467985109999973e-01
1.110981343260000059e-01
1.110251341329999974e-01
1.108038068829999973e-01
1.214486574360000015e-01
1.210334876770000068e-01
1.205778179510000048e-01
1.202020228089999976e-01
1.288192248879999890e-01
1.282088112110000011e-01
1.276091442739999970e-01
1.279597297199999983e-01
1.271847849739999869e-01
1.263745152730000043e-01
1.255264301440000008e-01
1.257186899530000068e-01
1.250587836660000118e-01
1.241528969079999933e-01
1.261714765599999954e-01
1.252420327450000093e-01
1.243071444110000062e-01
1.422640948860000032e-01
1.315812041209999950e-01
1.266377497570000121e-01
1.256245622730000067e-01
1.245758174820000008e-01
1.236878565559999948e-01
1.228146459290000020e-01
1.219796479679999962e-01
1.212906846279999951e-01
1.204952294559999970e-01
1.200383447780000029e-01
1.192998465720000040e-01
1.185849546539999994e-01
1.212945213130000033e-01
1.206323731939999977e-01
1.240835610299999975e-01
1.235147306310000054e-01
1.228390379799999960e-01
1.221643520849999970e-01
1.214942434199999949e-01
1.208260195349999955e-01
1.205172829889999964e-01
1.198643470859999949e-01
1.191994747050000025e-01
1.187220530630000020e-01
1.180776588779999942e-01
1.175125087390000017e-01
1.168856440349999998e-01
1.162758113590000031e-01
1.156752655369999994e-01
1.150838266850000013e-01
1.145961802569999965e-01
1.142196260290000015e-01
1.137361250880000035e-01
1.157159885619999939e-01
1.152009433119999954e-01
1.147007899390000002e-01
1.149228989350000035e-01
1.144607325619999977e-01
1.140102949629999973e-01
1.140156206919999970e-01
1.136007790180000032e-01
1.135348634840000065e-01
1.131478195909999956e-01
1.130790236290000056e-01
1.128149428380000041e-01
1.132902895790000031e-01
1.130223774900000061e-01
1.138765448490000054e-01
1.135658510900000029e-01
1.139056178530000046e-01
1.136072372979999995e-01
1.133263008699999935e-01
1.132178261520000034e-01
1.133277043230000031e-01
1.131578952750000033e-01
1.129000778069999961e-01
1.128615292930000014e-01
1.127796020129999965e-01
1.125395466310000064e-01
1.123040360199999976e-01
1.120741329779999934e-01
1.123548773300000053e-01
1.134170460220000065e-01
1.154629690940000009e-01
1.166649192889999964e-01
1.164225268360000037e-01
1.182552788890000040e-01
1.179999142790000011e-01
1.177408099880000031e-01
1.184332203170000014e-01
4.030502307100000126e-01
1.943204218189999999e-01
2.038717795420000034e-01
1.675989201699999986e-01
1.430214093899999928e-01
1.371072128810000013e-01
1.460052704010000035e-01
1.319746210030000033e-01
1.298148756799999970e-01
1.280433933560000126e-01
1.295237649350000075e-01
1.364967861609999999e-01
1.353253211390000044e-01
1.341438238790000070e-01
1.439273347939999947e-01
1.426807091049999976e-01
1.414165754560000043e-01
1.424899982270000087e-01
1.412030523860000053e-01
1.399271506729999892e-01
1.386584648180000101e-01
1.373928899219999944e-01
1.367986298880000118e-01
1.355508264920000094e-01
1.342915303549999939e-01
1.330556899739999965e-01
1.325609132960000047e-01
1.313200283660000134e-01
1.301017968369999889e-01
1.288848765210000025e-01
1.276932827220000066e-01
1.274384892719999940e-01
1.262994697550000045e-01
1.253567959359999928e-01
1.242843915989999964e-01
1.247894126989999991e-01
1.239464448740000002e-01
1.229744036899999976e-01
1.221856494909999979e-01
1.213013495760000005e-01
1.209412111180000055e-01
1.203345814439999995e-01
1.195804284110000004e-01
1.192058282810000008e-01
1.185769838630000017e-01
1.179404363040000014e-01
1.173477824100000039e-01
1.167780783910000036e-01
1.162418450310000045e-01
1.167038652479999994e-01
1.176093760749999939e-01
1.172359828859999981e-01
1.183761987470000054e-01
1.179472644659999986e-01
1.175425802989999990e-01
1.214200874500000055e-01
1.211150777229999947e-01
1.207007088409999956e-01
1.202675416409999948e-01
1.205385309850000031e-01
1.200881476330000058e-01
1.200506252489999953e-01
1.202433632070000064e-01
1.215620786650000035e-01
1.211763281310000023e-01
1.207886935289999991e-01
1.202964216639999945e-01
1.199867580770000025e-01
1.195010870710000034e-01
1.190030667020000044e-01
1.190293230860000051e-01
1.191462047190000040e-01
1.236472997460000001e-01
1.231449072239999970e-01
1.235754128619999948e-01
1.230777118629999972e-01
1.225776094319999954e-01
1.220875929820000039e-01
1.223865305440000051e-01
1.218995257720000003e-01
1.214137153379999945e-01
1.209418865500000023e-01
1.204680213690000057e-01
1.200024046799999938e-01
1.218495989919999994e-01
1.213893754859999979e-01
1.209325422399999961e-01
1.229937269979999998e-01
1.225459861679999984e-01
1.220840888449999939e-01
1.231372734149999981e-01
1.226741147409999982e-01
1.223976074269999964e-01
1.349246299319999953e-01
1.345551795970000020e-01
1.441410829080000122e-01
1.428278089879999879e-01
1.412272073720000076e-01
1.391762512680000119e-01
1.367911493220000108e-01
1.343951339810000034e-01
1.320713500119999884e-01
1.300591436200000117e-01
1.282173638349999867e-01
1.264255934590000074e-01
1.250586980629999900e-01
1.235444843760000050e-01
1.221924919549999961e-01
1.212880164640000036e-01
1.203414583680000038e-01
1.193611414950000033e-01
1.185728537819999984e-01
1.177687651669999946e-01
1.170943146289999959e-01
1.164293050889999986e-01
1.158179023680000058e-01
1.152525755260000034e-01
1.154488696170000023e-01
1.160829090859999968e-01
1.159631354259999941e-01
1.155345188800000061e-01
1.153714939439999948e-01
1.149820310110000049e-01
1.150259273900000045e-01
1.146653302890000004e-01
1.143181179039999967e-01
1.139850402670000012e-01
1.136613803960000030e-01
1.161448529500000021e-01
1.210758835819999990e-01
1.205940035910000041e-01
1.216480324380000005e-01
1.211024249320000051e-01
1.210390093959999996e-01
1.204438136819999949e-01
1.202150576760000061e-01
1.195864087399999970e-01
1.189504515900000059e-01
1.186589543380000000e-01
1.188236146279999933e-01
1.194310251529999978e-01
1.188294280010000065e-01
1.182446895209999932e-01
1.185971152579999993e-01
1.185017427210000029e-01
1.179862736719999999e-01
1.174935702649999997e-01
1.170346919050000017e-01
1.170604219370000032e-01
1.168124405030000063e-01
1.251688895749999975e-01
1.247555543849999948e-01
1.310709698889999941e-01
1.304664777329999914e-01
1.391425412520000127e-01
1.337868131030000018e-01
1.300788599150000113e-01
1.287663428259999965e-01
1.273702477470000094e-01
1.318239658679999926e-01
1.303641054520000009e-01
1.292013116849999865e-01
1.276972392519999944e-01
1.260941178489999870e-01
1.245332604469999993e-01
1.230609582209999942e-01
1.216920088570000030e-01
1.217501378949999991e-01
1.217667058100000005e-01
1.210457670060000046e-01
1.201603612539999949e-01
1.197057224379999979e-01
1.190135569480000044e-01
1.185215693459999997e-01
1.180126378110000068e-01
1.175059580040000023e-01
1.170335457510000010e-01
1.168865344329999972e-01
1.163949141419999972e-01
1.162006821229999987e-01
1.158587057240000051e-01
1.161057899989999947e-01
1.157724253460000047e-01
1.154499705330000042e-01
1.151413358349999971e-01
1.148357952020000045e-01
1.145454449570000033e-01
1.142445775639999994e-01
1.139590178120000047e-01
1.136799108660000029e-01
1.144713727890000060e-01
1.142565469050000060e-01
1.146453836049999980e-01
1.143749981169999985e-01
1.141005442270000003e-01
1.142919188919999940e-01
1.149819670899999979e-01
1.147222332090000047e-01
1.144573610869999980e-01
1.141921387720000042e-01
1.139315392890000028e-01
1.136732047329999939e-01
1.134142229500000043e-01
1.131962481009999993e-01
1.129459272810000026e-01
1.126952044909999978e-01
1.124423252200000001e-01
1.124196105899999965e-01
1.121767817070000034e-01
1.119314916949999961e-01
1.121193425970000018e-01
1.118774545270000004e-01
1.116397206819999960e-01
2.867657818400000114e-01
1.200949522800000002e-01
1.202725146209999985e-01
1.200351584310000025e-01
1.197330573479999938e-01
1.196257498709999978e-01
1.192903279260000005e-01
1.198438887800000047e-01
1.197238545300000068e-01
1.194600678999999943e-01
1.204071871669999960e-01
1.200246442860000012e-01
1.196185762310000011e-01
1.191962000329999938e-01
1.187793309360000021e-01
1.183478190769999966e-01
1.179174135500000026e-01
1.174914152320000044e-01
1.170561849330000043e-01
1.166281103869999947e-01
1.162626343000000007e-01
1.158533812869999985e-01
1.163131105859999959e-01
1.162688631390000060e-01
1.161905731609999964e-01
1.157894237989999936e-01
1.156924143490000029e-01
1.226659639530000012e-01
1.224762066870000027e-01
1.220472639519999958e-01
1.207584092019999972e-01
1.200823130750000023e-01
1.193345509440000007e-01
1.181610380820000000e-01
1.172149568610000026e-01
1.165239215720000054e-01
1.161039268129999968e-01
1.155213462550000042e-01
1.347257481040000093e-01
1.286606629910000132e-01
1.288894624860000004e-01
1.197301459970000065e-01
1.174697255049999972e-01
1.161139022889999955e-01
1.160370832450000056e-01
1.165544847979999993e-01
1.151418205549999962e-01
1.167842741969999931e-01
1.165281341250000019e-01
1.162653472179999981e-01
1.160069236499999962e-01
1.157467600769999938e-01
1.154859497029999960e-01
1.153231728019999958e-01
1.150571140999999964e-01
1.148656450400000056e-01
1.146068109499999987e-01
1.143459029760000023e-01
1.140883914350000056e-01
1.170655654799999945e-01
1.166520131900000007e-01
1.162467408119999962e-01
1.157967379609999986e-01
1.155486425490000052e-01
1.150827123189999968e-01
1.146180272639999997e-01
1.143724865049999956e-01
1.139119555249999971e-01
1.134716975889999979e-01
1.130397596630000057e-01
1.126366826870000004e-01
1.184074810199999966e-01
1.179219594990000008e-01
1.174775278369999953e-01
1.170871368830000009e-01
1.280329289669999981e-01
1.254726373010000007e-01
2.199217134080000136e-01
1.258899322919999897e-01
1.236161669540000035e-01
1.287660274569999985e-01
1.232239404819999995e-01
1.216206796549999941e-01
1.373463557200000074e-01
1.364516393190000065e-01
1.368030091790000125e-01
1.822600076279999870e-01
1.492115423160000065e-01
1.702434691489999874e-01
1.593638535709999970e-01
1.506505034120000086e-01
1.450420598250000137e-01
1.412297818019999929e-01
1.382649616849999930e-01
1.354504276309999866e-01
1.344676396220000070e-01
2.095545201039999972e-01
2.115834999250000015e-01
1.414171974710000113e-01
1.290708350289999917e-01
1.264381916339999967e-01
1.250164790849999930e-01
1.238264726779999964e-01
1.227284485170000022e-01
1.233100386159999978e-01
1.208639863509999995e-01
1.203780785330000047e-01
1.196737587649999990e-01
1.190332480599999992e-01
1.184801102150000035e-01
1.180716289189999990e-01
1.175754904240000065e-01
1.171171741219999979e-01
1.166897296809999984e-01
1.162772913969999933e-01
1.158961832969999939e-01
1.183637510879999993e-01
1.180614442429999966e-01
1.197239110329999939e-01
1.193159605119999966e-01
1.188841976249999932e-01
1.188143916689999996e-01
1.183703057169999961e-01
1.182709375209999997e-01
1.186572730480000004e-01
1.181990038760000056e-01
1.177442584859999947e-01
1.172981669620000028e-01
1.168638315520000026e-01
1.164350023839999942e-01
1.221791527259999954e-01
1.203681720149999967e-01
1.187677695449999987e-01
1.174033146979999997e-01
1.191391423609999972e-01
1.181303922039999982e-01
1.176405083300000043e-01
1.180705327930000048e-01
1.174582258809999946e-01
1.169162565090000050e-01
1.166213410449999932e-01
1.161698305779999968e-01
1.157415394310000040e-01
1.153374057240000028e-01
1.149493956769999936e-01
1.145727399230000026e-01
1.142119034560000052e-01
1.140524142220000064e-01
1.137102947050000062e-01
1.133894529249999950e-01
1.130746560920000005e-01
1.128398571589999955e-01
1.125480199810000026e-01
1.123628867920000024e-01
1.120895188149999971e-01
1.120416555250000057e-01
1.117846766210000009e-01
1.115378419629999979e-01
1.113467047270000065e-01
1.113152346749999994e-01
1.110880284099999976e-01
1.118256185309999956e-01
1.130647004539999945e-01
1.128518894109999948e-01
1.127670428610000053e-01
1.125612229850000007e-01
1.123581957130000003e-01
1.121592769590000066e-01
1.119634288809999989e-01
1.117718500360000006e-01
1.118508476389999950e-01
1.119086631809999982e-01
1.118766576369999988e-01
1.121341963500000066e-01
1.120697949669999943e-01
1.118815152429999960e-01
1.118893239329999956e-01
1.118104229509999936e-01
1.116240352570000011e-01
1.114417414300000048e-01
1.112583474759999969e-01
1.110750222300000006e-01
1.108934806560000069e-01
1.107120158850000008e-01
2.282654241279999940e-01
1.154955741929999946e-01
1.121449775449999964e-01
1.117730949110000011e-01
1.118065722980000065e-01
1.116962495850000042e-01
1.117005604140000052e-01
1.117002514199999935e-01
1.118356080100000038e-01
1.116607317000000016e-01
1.127334449399999966e-01
1.199194401709999941e-01
1.281103463940000131e-01
1.390972749649999896e-01
1.309035854760000062e-01
1.245836546319999960e-01
1.208254987370000061e-01
1.186088715549999950e-01
1.167935115080000058e-01
1.153930473989999983e-01
1.147881843439999966e-01
1.140119462379999976e-01
1.248127512960000018e-01
1.196084402500000032e-01
1.158635782559999938e-01
1.141067584780000033e-01
1.132047308609999969e-01
1.127677471099999967e-01
1.125234487109999931e-01
1.124679156489999943e-01
1.122923362680000037e-01
1.122388664439999961e-01
1.120665978770000043e-01
1.123445087550000027e-01
1.122991336159999964e-01
1.121322084729999974e-01
1.120776619480000069e-01
1.119079420349999993e-01
1.117397148550000052e-01
1.115708373679999976e-01
1.114015319139999988e-01
1.129807397570000010e-01
1.128076902479999977e-01
1.126851490720000015e-01
1.138802114089999956e-01
1.137799847179999935e-01
1.163115612219999956e-01
1.159934969849999997e-01
1.156574565840000068e-01
1.153070964150000044e-01
1.149415942950000047e-01
1.148878938770000052e-01
1.145119662099999963e-01
1.145801613539999958e-01
1.157817560700000054e-01
1.305745376889999865e-01
1.347955969880000049e-01
1.444091320320000094e-01
1.398673681439999983e-01
1.455057433660000010e-01
1.548001325599999978e-01
1.484985359830000018e-01
1.842986588649999924e-01
1.726617855029999871e-01
1.581875969500000090e-01
1.724462923110000045e-01
1.631034848650000091e-01
1.563997073020000073e-01
1.564674608549999901e-01
1.518082865760000122e-01
1.485842964109999886e-01
1.452667841849999975e-01
1.421355463470000136e-01
1.393291257129999905e-01
1.369911511930000103e-01
1.349738339350000094e-01
1.329227461420000034e-01
1.307914867109999935e-01
1.290225308700000129e-01
1.272059693579999928e-01
1.254908526069999919e-01
1.243402642560000049e-01
1.267537437669999933e-01
1.254381317250000127e-01
1.254586644779999982e-01
1.243381783819999947e-01
1.248599367680000016e-01
1.239014923829999948e-01
1.230114744300000035e-01
1.225957078589999943e-01
1.218112251059999956e-01
1.260884562729999991e-01
1.249352412150000063e-01
1.294424027570000024e-01
1.288334513720000019e-01
1.273035812810000000e-01
1.257407691799999894e-01
1.241969897850000032e-01
1.325920619779999976e-01
1.312851788789999863e-01
1.296414786850000056e-01
1.303516238619999990e-01
1.321612836190000084e-01
1.323259484809999886e-01
1.311947019870000064e-01
1.301140811900000083e-01
1.294063533990000014e-01
1.284868277579999940e-01
1.275696847680000134e-01
1.287465674999999921e-01
1.369692952100000083e-01
1.667034444880000077e-01
1.600036881080000029e-01
1.521096018579999876e-01
1.522058174979999956e-01
1.437299454310000113e-01
1.377845454730000085e-01
1.331446919860000133e-01
1.300643859589999951e-01
1.278372596859999877e-01
1.256037687509999889e-01
1.238289851489999954e-01
1.238258353789999933e-01
1.226094302649999995e-01
1.215454376829999961e-01
1.205762923380000046e-01
1.199113069620000027e-01
1.224536775870000010e-01
1.216941361770000063e-01
1.222039655169999961e-01
1.215241272360000069e-01
1.209476393699999985e-01
1.215186400480000040e-01
1.077814800160000086e+00
5.988603845600000142e-01
5.756806777930000285e-01
5.406095327369999648e-01
4.046568328199999787e-01
3.882346915550000110e-01
3.403468587630000264e-01
3.058402835430000244e-01
3.139690132929999766e-01
2.869773590329999791e-01
3.025705971350000079e-01
2.761913121949999828e-01
2.675788476329999943e-01
2.394365471899999875e-01
2.164466066840000091e-01
2.091937068879999861e-01
1.969851961509999916e-01
2.471145673250000063e-01
2.048982766980000092e-01
1.787748546140000006e-01
1.747407104810000111e-01
1.673171277490000108e-01
1.611254628880000039e-01
1.558043177700000059e-01
1.548051373949999865e-01
1.496170553460000052e-01
1.461403316019999898e-01
1.430828299019999972e-01
1.404688772580000022e-01
1.473475193459999888e-01
1.450629453600000007e-01
1.489241193839999922e-01
1.474621847020000098e-01
1.459442985169999984e-01
1.440704993270000012e-01
1.629991904299999961e-01
1.627319290629999915e-01
1.603422202120000084e-01
1.576734652569999895e-01
1.702380042530000082e-01
1.681509358540000110e-01
1.752834639689999918e-01
1.701158632650000002e-01
1.645667341560000108e-01
1.720216187789999907e-01
1.706608771960000104e-01
1.657738306700000108e-01
1.612854313729999989e-01
1.614470139920000102e-01
1.587136972329999951e-01
1.546385428200000023e-01
1.517090915959999897e-01
1.489908952959999866e-01
1.464594312830000133e-01
1.486182148309999895e-01
1.465017415210000118e-01
1.444961344419999905e-01
1.438966857789999998e-01
1.416678623050000030e-01
1.397885446769999984e-01
1.822002738850000136e-01
2.620261813940000239e-01
2.434626066399999955e-01
2.144848145799999883e-01
2.017559781790000117e-01
1.803073464649999902e-01
1.725938644839999925e-01
1.615937632259999979e-01
1.536098655860000106e-01
1.790403928729999983e-01
1.873655176340000006e-01
1.794320873659999982e-01
1.721081664100000130e-01
1.735745538759999873e-01
1.663437956649999883e-01
1.597621894559999867e-01
1.565829614470000131e-01
1.511563124420000070e-01
1.854482868550000052e-01
1.802689616890000013e-01
1.750825859160000109e-01
1.732511361100000091e-01
1.681326810359999868e-01
1.653948022120000083e-01
1.749887304939999888e-01
1.760439459270000118e-01
1.797167514859999982e-01
1.836111796919999983e-01
1.798882029090000112e-01
1.763249201919999953e-01
1.729337857740000095e-01
1.734549223759999925e-01
1.701252968549999967e-01
1.668270253280000059e-01
1.639348690290000077e-01
1.608232874849999938e-01
1.598049139999999924e-01
1.568307318559999941e-01
1.537375852879999949e-01
1.507047571189999990e-01
1.477583399600000125e-01
1.465251706540000032e-01
1.437616140059999881e-01
1.436377591530000053e-01
1.410794613659999974e-01
1.386508958740000075e-01
1.363341202510000016e-01
1.379857084610000006e-01
1.381051749420000030e-01
1.366249040189999875e-01
1.364231283279999929e-01
1.455679721310000063e-01
1.394758313689999918e-01
1.429164711260000054e-01
1.505536480130000021e-01
1.472063718269999988e-01
1.439113868509999949e-01
1.405940404219999940e-01
1.476763182049999901e-01
1.535844551220000020e-01
1.498757907630000052e-01
1.437877588669999873e-01
1.403849182780000093e-01
1.372324134239999993e-01
1.340099872380000057e-01
1.344043028609999968e-01
1.316778215809999986e-01
1.292346367949999963e-01
1.270572428070000093e-01
1.251931096059999970e-01
1.234978630709999969e-01
1.219684476640000015e-01
1.206819804899999932e-01
1.194164157609999971e-01
1.182714805500000022e-01
1.172024082589999960e-01
1.162269707409999964e-01
1.154604457569999992e-01
1.146228265709999944e-01
1.138951511170000069e-01
1.131770519270000053e-01
1.126525316369999946e-01
1.127076950830000063e-01
1.121326140899999990e-01
1.115942928580000021e-01
1.114242172099999956e-01
1.109524851929999945e-01
1.105099640180000065e-01
1.104021722199999972e-01
1.100044219040000049e-01
1.099094166849999971e-01
1.095620054319999953e-01
1.092281676460000045e-01
1.089074350909999961e-01
1.111730523969999967e-01
1.108884177790000064e-01
1.106099917290000040e-01
1.103458425920000041e-01
1.100903216659999961e-01
1.120298055380000019e-01
1.117890072870000029e-01
1.115572597589999937e-01
1.114169534740000050e-01
1.111957292709999934e-01
1.109846211609999966e-01
1.110045947000000005e-01
1.107970659000000052e-01
1.105983332060000018e-01
1.104040110889999982e-01
1.102089792699999932e-01
1.100245464989999949e-01
1.099312077769999951e-01
1.097465861820000055e-01
1.097933475879999954e-01
1.097796320960000016e-01
1.096503139499999946e-01
1.098394310899999948e-01
1.096658438830000054e-01
1.094987978839999931e-01
1.097479508580000013e-01
1.095854802119999999e-01
1.094368356860000030e-01
1.313181247669999996e-01
1.288646855280000114e-01
1.246890790490000067e-01
1.201293686430000007e-01
1.162650456170000041e-01
1.135534977029999948e-01
1.119277020699999958e-01
1.110526210340000014e-01
1.107615067770000017e-01
1.104871569249999963e-01
1.104440082950000068e-01
1.104702962119999965e-01
1.102964927609999951e-01
1.106118062639999955e-01
1.104356811879999983e-01
1.115405015189999960e-01
1.136498744799999960e-01
1.136138377550000023e-01
1.134338363020000046e-01
1.132524799519999958e-01
1.139164756080000007e-01
1.139755264920000039e-01
1.139639013470000045e-01
1.137756985260000020e-01
1.140443179859999961e-01
1.145844265869999934e-01
1.143868797870000037e-01
1.148586888350000002e-01
1.146584485099999967e-01
1.147352040390000050e-01
1.146654215050000036e-01
1.144536065580000067e-01
1.241283816930000006e-01
1.214893793020000029e-01
1.190353130980000007e-01
1.171182744400000031e-01
1.158835576710000037e-01
1.149688839210000063e-01
1.151526108580000068e-01
1.150777729659999971e-01
1.147805169560000005e-01
1.193524281980000018e-01
1.190405360690000025e-01
1.187028162760000033e-01
1.183390434850000034e-01
1.179624210350000008e-01
1.175609972490000016e-01
1.171412802879999993e-01
1.167064807649999952e-01
1.162571301650000000e-01
1.158037384580000023e-01
1.153421773809999995e-01
1.148852894270000063e-01
1.144243212230000029e-01
1.149699605119999940e-01
1.148450161590000018e-01
1.143941617019999940e-01
1.149108680650000047e-01
1.144765609519999977e-01
1.140590559300000001e-01
1.136461486299999990e-01
1.132525866639999962e-01
1.142008876739999956e-01
1.138247395319999938e-01
1.134644666179999983e-01
1.131523618370000039e-01
1.128152259979999933e-01
1.128076806420000022e-01
1.124853953999999934e-01
1.121787988950000009e-01
1.118783290850000056e-01
1.546773883670000127e-01
1.275594782989999953e-01
1.288978290829999873e-01
1.186632758600000004e-01
1.134891219109999960e-01
1.312348544080000068e-01
1.354575467080000040e-01
1.317980419929999925e-01
1.281627764820000015e-01
1.358506136719999924e-01
1.319145135220000098e-01
1.520975925509999993e-01
1.447186831099999960e-01
1.461230863119999945e-01
1.429194651819999939e-01
1.399369749770000004e-01
1.393247010329999869e-01
1.433701875220000088e-01
1.409082721250000114e-01
1.387299382199999875e-01
1.365295510039999938e-01
1.344342999689999985e-01
1.324175441500000105e-01
1.306850969059999978e-01
1.321239570480000070e-01
1.302824151270000064e-01
1.285627317249999901e-01
1.304479010160000119e-01
1.308613558939999977e-01
1.368681409820000083e-01
1.379904447489999908e-01
1.371950543619999963e-01
1.376682605539999993e-01
1.378410455730000039e-01
1.360927333359999991e-01
1.333528282080000127e-01
1.316941570359999869e-01
1.312454539790000041e-01
1.306425313260000109e-01
1.301021317530000054e-01
1.285812058559999971e-01
1.270945115980000040e-01
1.256873948799999974e-01
1.243301216519999974e-01
1.249523153910000045e-01
1.236793168660000053e-01
1.268927614919999891e-01
1.257314252529999898e-01
1.246002983090000044e-01
1.257498936810000079e-01
1.355433526429999924e-01
1.322039871619999918e-01
1.308910270480000138e-01
1.277174243470000081e-01
1.330663475449999911e-01
1.285482798819999883e-01
1.266351281589999933e-01
1.240341898650000052e-01
1.303167631029999995e-01
1.255581925660000098e-01
1.337245211059999994e-01
1.346718138040000068e-01
1.336426670660000038e-01
1.323318581940000072e-01
1.314425594630000138e-01
1.302635828429999920e-01
1.291720033669999934e-01
1.279534544129999896e-01
1.289368606909999937e-01
1.276562585029999974e-01
1.303404794219999996e-01
1.288828642590000018e-01
1.328031565920000101e-01
1.519804394460000097e-01
1.511656100509999878e-01
1.490706129390000079e-01
1.460528613039999979e-01
1.527461442430000094e-01
1.485099207189999881e-01
1.501967416080000062e-01
1.517443764679999862e-01
1.466995038070000035e-01
1.417747640839999990e-01
1.410634239659999956e-01
1.365594530850000043e-01
1.324831562369999938e-01
1.288454399110000037e-01
1.256604176730000133e-01
1.204326221210000047e-01
1.204357497609999939e-01
1.188170444309999962e-01
1.170801614669999963e-01
1.157206510460000032e-01
1.144173713019999983e-01
1.149446465569999992e-01
1.223191934550000026e-01
1.207326734370000043e-01
1.311061619199999917e-01
1.277492012889999973e-01
1.242042483250000023e-01
1.284948841330000036e-01
1.287020199799999987e-01
1.220984411339999937e-01
1.195090021380000034e-01
1.252892234740000110e-01
1.260952906570000087e-01
1.237805561179999986e-01
1.221289063730000013e-01
1.199606308719999986e-01
1.184146471310000004e-01
1.183092941240000001e-01
1.208168412680000053e-01
1.198149235059999956e-01
1.186190094899999964e-01
1.175948711160000049e-01
1.166790297549999966e-01
1.158543914569999944e-01
1.151055392090000046e-01
1.144056878390000004e-01
1.137403767499999968e-01
1.133453954190000029e-01
1.125522535749999969e-01
1.119754878099999962e-01
1.114250265870000006e-01
1.108954164180000063e-01
1.106105038119999939e-01
1.186565978709999969e-01
1.181576119720000040e-01
1.196555943320000009e-01
1.191252498439999974e-01
1.185866670490000052e-01
1.180195623590000048e-01
1.174382614680000020e-01
1.168478759410000040e-01
1.176417581279999985e-01
1.170291427190000011e-01
1.163898555990000028e-01
1.157655002199999977e-01
1.151214818380000005e-01
1.145520949339999955e-01
1.140857524449999938e-01
1.134324925970000009e-01
1.131431167499999946e-01
1.147568756690000025e-01
1.179196853160000003e-01
1.173504077460000017e-01
1.166989294909999975e-01
1.165585278869999963e-01
1.160206646250000057e-01
1.153849772699999943e-01
1.147554221740000047e-01
1.141388244349999942e-01
1.140803740069999961e-01
1.124859376030000052e-01
1.119082799899999980e-01
1.115682337020000026e-01
1.115623847300000054e-01
1.120251597239999980e-01
1.116133652449999986e-01
1.111065602480000025e-01
1.121326458840000012e-01
1.266924345240000027e-01
1.701683908449999894e-01
1.620240861330000115e-01
1.611543415480000130e-01
2.115262082359999907e-01
2.043489010689999996e-01
1.770174651099999941e-01
1.616172460720000092e-01
1.520903360900000001e-01
1.443905348210000050e-01
1.532779217209999933e-01
1.486567820259999950e-01
1.421088091820000010e-01
1.378237324980000067e-01
1.357575536099999980e-01
1.324332151070000130e-01
1.298235876690000123e-01
1.277772005089999885e-01
1.256246869880000006e-01
1.237378535499999987e-01
1.220983063089999959e-01
1.208155773420000051e-01
1.196022543699999940e-01
1.188173858750000006e-01
1.177737801869999934e-01
1.168366540350000010e-01
1.161051406250000056e-01
1.155445487920000042e-01
1.148412081680000030e-01
1.142050695059999982e-01
1.137373680910000046e-01
1.133164765019999964e-01
1.128082157869999963e-01
1.309603219450000133e-01
1.286708964530000054e-01
1.260278805460000040e-01
1.232493553320000018e-01
1.205180649389999969e-01
1.179651438749999975e-01
1.156949964559999960e-01
1.141766582420000037e-01
1.125891427819999957e-01
1.113931381680000055e-01
1.104009902860000059e-01
1.096170364810000047e-01
1.090054897300000020e-01
1.085955483550000017e-01
1.081831163569999948e-01
1.078242021599999934e-01
1.074962141579999947e-01
1.072920213319999982e-01
1.072338184550000045e-01
1.076848661210000058e-01
1.079875024899999980e-01
1.091181176399999980e-01
1.091931319969999953e-01
1.089359967119999939e-01
1.087518972179999932e-01
1.133405540939999984e-01
1.131569146140000010e-01
1.130511252050000054e-01
1.149735258670000065e-01
1.287440281309999990e-01
1.291520464990000006e-01
1.294454768499999908e-01
1.344998523410000091e-01
1.337896043460000128e-01
1.329732659279999896e-01
1.321175097660000075e-01
1.311341847049999898e-01
1.303967271450000021e-01
1.293248242009999993e-01
1.282350030580000078e-01
1.271326502119999868e-01
1.260419400870000095e-01
1.249637863390000020e-01
1.239089970900000004e-01
1.228865672740000053e-01
1.218980896700000011e-01
1.242515759510000040e-01
1.230088536099999963e-01
1.220150840759999938e-01
1.208701042950000026e-01
1.197805615680000019e-01
1.187370590149999933e-01
1.183082550500000052e-01
1.174313281920000007e-01
1.169281631959999956e-01
1.164172487420000041e-01
1.161498179179999979e-01
1.160257231379999976e-01
1.316557826629999872e-01
1.289507598380000009e-01
1.240385797789999994e-01
1.197408377660000023e-01
1.168124004009999939e-01
1.149696277910000064e-01
1.139500522809999972e-01
1.132796709760000020e-01
1.130963584049999998e-01
1.126346211959999982e-01
1.122097400760000002e-01
1.118039345680000018e-01
1.168766949490000068e-01
1.185702381370000030e-01
1.180350194040000050e-01
1.179256535790000060e-01
1.173542971779999999e-01
1.167682443679999987e-01
1.165982067509999942e-01
1.168434403100000046e-01
1.163520549119999997e-01
1.157537662169999954e-01
1.159021451020000038e-01
1.153097892770000021e-01
1.147322631219999944e-01
1.144815658170000028e-01
1.144244818599999963e-01
1.138898689199999981e-01
1.135497015520000041e-01
1.133046103439999952e-01
1.128133594880000035e-01
1.129329466609999971e-01
1.124808655559999954e-01
1.120414309000000025e-01
1.116228049929999938e-01
1.112169989540000015e-01
1.108731436300000039e-01
1.107393194340000053e-01
1.103764811519999944e-01
1.100265277379999934e-01
1.096848224640000063e-01
1.093551676219999963e-01
1.094137292420000046e-01
1.091043630909999951e-01
1.088036195200000056e-01
1.085946746010000019e-01
1.083121310540000048e-01
1.080358219859999941e-01
1.110600120470000007e-01
1.107287073880000028e-01
1.110673177749999935e-01
1.113357014439999987e-01
1.109720260019999988e-01
1.150759029169999975e-01
1.162208400420000065e-01
1.158062982299999932e-01
1.153784866939999987e-01
1.149391186250000030e-01
1.144971047129999947e-01
1.140431641049999972e-01
1.135806893480000024e-01
1.135236473130000062e-01
1.130685831810000069e-01
1.126156241199999936e-01
1.129128566779999954e-01
1.124664262900000045e-01
1.121861792709999972e-01
1.117546109530000026e-01
1.116491965410000009e-01
1.119064292790000054e-01
1.138288755269999952e-01
1.134349908580000038e-01
1.132690563000000039e-01
1.128941129970000012e-01
1.126522330320000043e-01
1.122894115279999966e-01
1.119325931569999932e-01
1.115931717260000011e-01
1.117129344329999968e-01
1.332885190689999944e-01
1.137796713029999990e-01
1.120517982299999993e-01
1.117727921520000056e-01
1.117119009669999968e-01
1.115905036069999995e-01
1.113921328339999989e-01
1.111049912640000026e-01
1.109515144140000020e-01
1.107844664050000039e-01
1.118474021680000013e-01
1.236842469279999940e-01
1.230359800340000004e-01
1.221725478409999982e-01
1.211452633959999997e-01
1.199688571190000025e-01
1.187041838490000001e-01
1.174098658709999965e-01
1.161171663460000003e-01
1.148655489829999987e-01
1.137398804830000026e-01
1.126604705879999946e-01
1.116899476730000007e-01
1.108207196259999999e-01
1.100663347640000039e-01
1.094209505250000047e-01
1.129580237610000037e-01
1.124676378159999990e-01
1.120394108270000022e-01
1.116501134870000050e-01
1.126574829480000012e-01
1.123801786349999943e-01
1.120714431309999953e-01
1.117754165949999962e-01
1.114883277600000056e-01
1.112047576079999989e-01
1.109914565250000040e-01
1.141158537360000003e-01
1.852734460259999882e-01
1.710501472050000027e-01
1.697572921399999879e-01
1.349922259359999932e-01
1.189744201640000054e-01
1.139053557940000044e-01
1.126953611870000066e-01
1.122460831270000042e-01
1.119025304170000040e-01
1.118046101669999959e-01
1.114697470540000068e-01
1.118033006109999949e-01
1.143408031269999986e-01
1.141554520170000031e-01
1.138737290590000062e-01
1.135296456910000057e-01
2.187904859450000017e-01
1.767260354680000034e-01
1.424539068629999961e-01
1.224715553049999933e-01
1.146932615719999937e-01
1.132305941589999976e-01
1.129270108299999936e-01
1.125505398019999992e-01
1.123373063660000060e-01
1.200463150999999951e-01
1.154983929500000006e-01
1.337012320540000021e-01
1.222707780069999944e-01
1.187087038230000002e-01
1.253033152380000070e-01
1.190597329059999987e-01
1.177139052889999982e-01
1.173599078569999982e-01
1.169995554600000015e-01
1.166334114889999996e-01
1.162677876640000052e-01
1.159034587449999931e-01
1.155313841959999949e-01
1.151563891429999986e-01
1.147823326980000058e-01
1.144116717989999976e-01
1.143200882359999976e-01
1.140742766930000068e-01
1.136921795359999987e-01
1.133867779530000064e-01
1.138219448290000019e-01
1.135396257140000031e-01
1.131620563469999952e-01
1.127945537410000032e-01
1.124200684679999979e-01
1.120639974200000055e-01
1.116988524059999988e-01
1.115377352759999996e-01
1.111818852400000002e-01
1.111176289659999983e-01
1.108098112469999980e-01
1.104678246450000040e-01
1.099810733780000049e-01
1.098869925799999953e-01
1.098477211940000059e-01
1.109872201680000003e-01
1.106693789470000050e-01
1.136374948390000000e-01
1.132400120050000014e-01
1.128185839690000053e-01
1.123830567169999961e-01
1.120259231530000010e-01
1.116393675559999993e-01
1.206632455100000029e-01
1.210657130249999935e-01
1.169709024649999984e-01
1.142268710340000049e-01
1.120128167270000030e-01
1.121848611170000037e-01
1.109681687079999979e-01
1.101276645790000008e-01
1.107724911530000023e-01
1.103308427500000050e-01
1.099641981739999941e-01
1.096421733760000045e-01
1.093385886020000058e-01
1.091588715620000066e-01
1.088851648370000036e-01
1.086248601339999953e-01
1.085787564030000069e-01
1.083337029110000016e-01
1.081796351779999998e-01
1.080879514760000049e-01
1.087253773260000028e-01
1.084983500299999959e-01
1.082723666270000024e-01
1.080522040929999955e-01
1.083885121740000013e-01
1.081703435870000063e-01
1.079650733270000051e-01
1.077665153490000027e-01
1.075596162339999967e-01
1.073562697519999942e-01
1.076327396900000066e-01
1.834266848099999903e-01
1.106037938740000032e-01
1.103765468220000018e-01
1.101665303850000027e-01
1.099657841200000069e-01
1.097560456129999945e-01
1.097302995039999979e-01
1.095224364669999950e-01
1.093096347460000006e-01
1.093997540359999965e-01
1.091820974889999990e-01
1.090573235770000010e-01
1.088386675650000052e-01
1.086205407579999976e-01
1.084045923520000065e-01
1.085873244349999933e-01
1.083638137270000051e-01
1.081451510280000000e-01
1.079211176860000038e-01
1.076937092439999993e-01
1.074766673919999999e-01
1.072580477689999978e-01
1.070394450010000026e-01
1.069502492409999950e-01
1.067314528809999996e-01
1.065116874230000038e-01
1.064525418739999951e-01
1.064303646730000025e-01
1.062145765529999980e-01
1.059989008799999965e-01
1.057858030119999959e-01
1.055740422319999955e-01
1.053605997470000027e-01
1.053937073200000019e-01
1.058819729110000024e-01
1.061364452829999944e-01
1.063188196620000053e-01
1.062637036850000022e-01
1.060659434650000066e-01
1.058689642909999978e-01
1.056791072959999966e-01
1.054852263879999946e-01
1.052025746979999982e-01
1.054630473429999937e-01
1.065274044330000031e-01
1.071319804569999951e-01
1.069909072739999994e-01
1.068132713280000035e-01
1.066415470720000064e-01
1.064703168299999947e-01
1.063587092169999970e-01
1.065067098050000022e-01
1.063434109390000021e-01
1.061805427370000054e-01
1.061363960260000017e-01
1.059801388369999986e-01
1.058218440820000023e-01
1.059174900520000046e-01
3.067454243639999856e-01
1.193852848170000036e-01
1.192240388200000029e-01
2.047303914460000041e+00
1.359013977649999871e-01
1.388622091870000130e-01
1.341774951689999884e-01
1.396751499570000055e-01
1.348334616480000026e-01
1.382999326690000086e-01
1.340688317990000045e-01
1.302729563339999896e-01
1.302572178070000031e-01
1.275148195870000056e-01
1.252223521839999909e-01
1.232013722370000064e-01
1.240153318790000042e-01
1.222926312359999962e-01
1.206791631280000054e-01
1.191459390519999939e-01
1.234133862529999959e-01
1.218980268869999939e-01
1.234002471729999939e-01
1.215909472830000032e-01
1.198627453159999967e-01
1.183809019720000050e-01
1.173530740389999993e-01
1.159854824449999960e-01
1.147600853179999991e-01
1.136595421310000048e-01
1.127425549039999947e-01
1.118747089919999993e-01
1.111140799730000045e-01
1.104447380389999983e-01
1.107129620110000046e-01
1.101881547480000056e-01
1.097157759490000051e-01
1.092840704629999965e-01
1.088962124260000053e-01
1.087821109989999951e-01
1.098440577339999946e-01
1.096819023460000042e-01
1.093900616690000049e-01
1.091147891630000061e-01
1.091999475919999962e-01
1.090451733349999952e-01
1.088000974420000044e-01
1.085602419619999953e-01
1.083249272349999931e-01
1.131024827229999974e-01
1.119861682720000029e-01
1.108358133590000016e-01
1.098027528159999933e-01
1.089277229610000064e-01
1.082078087610000017e-01
1.126429272079999960e-01
1.121776875330000034e-01
1.121707082360000052e-01
1.118480480170000041e-01
1.115647743229999933e-01
1.116282595449999970e-01
1.113756181969999953e-01
1.112448685989999991e-01
1.112811385910000006e-01
1.115157209930000004e-01
1.112708120709999943e-01
1.110193243779999950e-01
1.107734491139999999e-01
1.107163456080000052e-01
1.126042549399999954e-01
1.127695884809999938e-01
1.125040764500000040e-01
1.122460733459999943e-01
1.119816025169999979e-01
1.117175703430000056e-01
1.119466022719999981e-01
1.138914830320000016e-01
1.136242601829999949e-01
1.139058579190000003e-01
1.138435872770000024e-01
1.137837322679999957e-01
1.135069022020000068e-01
1.132352253619999943e-01
1.132773442599999958e-01
1.141093989590000052e-01
1.151600778260000041e-01
1.148871685160000045e-01
1.146088034439999986e-01
1.145939643329999952e-01
1.148999775050000005e-01
1.146335216460000056e-01
1.144095197159999966e-01
1.141396550619999950e-01
1.168978427259999980e-01
1.177384670720000026e-01
1.174672555129999962e-01
1.171973727130000004e-01
1.169279295169999983e-01
1.166439677320000035e-01
1.164755847349999984e-01
1.164776980949999985e-01
1.163128420800000062e-01
1.160377422640000017e-01
1.157570496240000052e-01
1.156385275220000036e-01
1.153625744859999996e-01
1.154921758010000049e-01
1.163347138080000065e-01
1.174720003899999976e-01
1.171874050780000037e-01
1.176537143829999993e-01
1.173661517579999980e-01
1.170691393150000009e-01
1.176649504680000041e-01
1.173710523350000035e-01
1.171860910969999975e-01
1.174722258399999997e-01
1.174639411400000000e-01
1.171937704269999936e-01
1.168944315519999944e-01
1.166409595640000019e-01
1.163416147959999980e-01
1.170416077279999995e-01
1.174642231729999958e-01
1.171586010920000059e-01
1.178830941500000062e-01
1.176156080450000002e-01
1.173132453980000045e-01
1.170049817349999993e-01
1.460892132309999925e-01
1.171731330200000004e-01
1.196886812059999999e-01
1.193432311120000006e-01
1.189793737220000008e-01
1.186065141810000029e-01
1.182243060019999986e-01
1.178251762869999969e-01
1.174114563240000048e-01
1.171289151419999952e-01
1.167100417949999969e-01
1.170716762520000037e-01
1.170570798690000053e-01
1.166356638859999961e-01
1.162187218390000054e-01
1.157979568079999938e-01
1.154528231760000023e-01
1.147562167569999986e-01
1.143601704659999996e-01
1.143918054159999975e-01
1.140083440289999944e-01
1.136363766140000009e-01
1.132812188870000042e-01
1.132988804850000031e-01
1.130622117620000006e-01
1.127358646280000043e-01
1.125254876879999977e-01
1.124569197679999993e-01
1.121625450409999974e-01
1.120784011710000000e-01
1.117939246040000056e-01
1.118854169910000057e-01
1.118081900309999960e-01
1.117468893790000001e-01
1.142802089539999982e-01
1.140006289970000031e-01
1.137828621980000038e-01
1.134800800700000029e-01
1.131741737179999957e-01
1.128678406410000001e-01
1.125444329150000061e-01
1.125528800410000030e-01
1.122278727780000041e-01
1.120280335959999984e-01
1.116983222899999989e-01
1.113640794210000035e-01
1.118211948020000068e-01
1.114946014679999986e-01
1.111689528300000007e-01
1.108992916209999985e-01
1.110849475949999970e-01
1.107729103879999955e-01
1.136831896080000015e-01
1.133666943300000035e-01
1.130398693149999995e-01
1.127200111209999966e-01
1.124027106249999991e-01
1.120816953969999974e-01
1.117706521619999949e-01
1.120519942170000033e-01
1.117322049819999968e-01
1.114292216749999953e-01
1.111167747020000013e-01
1.108143062440000021e-01
1.105532460819999979e-01
1.142575811009999970e-01
1.139178226730000049e-01
1.135504337199999964e-01
1.131423395229999990e-01
1.127102034239999967e-01
1.122534568199999999e-01
1.118559870529999972e-01
1.115767472519999942e-01
1.113298069959999942e-01
1.108391129669999975e-01
1.103485290439999988e-01
1.098655306280000021e-01
1.094018840599999959e-01
1.089523677630000048e-01
1.090419374519999984e-01
1.086358853580000061e-01
1.105017983950000032e-01
1.105948542160000020e-01
1.104716824070000047e-01
1.108064406759999981e-01
1.105677066539999948e-01
1.102638428319999975e-01
1.099640459899999950e-01
1.096765742490000001e-01
1.112291090290000034e-01
1.109357495759999979e-01
1.107945660269999966e-01
1.105075774230000057e-01
1.102199058420000044e-01
1.099395057169999940e-01
1.097480521290000038e-01
1.099321083639999974e-01
1.096520883009999975e-01
1.100523437019999967e-01
1.097781469130000020e-01
1.144315247169999938e-01
1.141440274200000021e-01
1.138517406640000007e-01
1.137468826069999994e-01
1.134240642480000005e-01
1.130969338560000037e-01
1.127734451040000030e-01
1.124360720570000000e-01
1.130695135110000027e-01
1.127275297549999999e-01
1.124576238740000039e-01
1.121030809870000033e-01
1.117517872029999970e-01
1.116604773070000028e-01
1.113070529639999945e-01
1.109515918589999983e-01
1.106006593500000051e-01
1.103420973929999938e-01
1.099925590229999944e-01
1.096475681290000059e-01
1.093150818270000046e-01
1.089828405689999974e-01
1.086592882129999993e-01
1.083349245809999972e-01
1.080204143229999969e-01
1.077205622190000045e-01
1.074201766259999941e-01
1.071253170430000040e-01
1.068412536719999945e-01
1.065706126660000003e-01
1.067759666830000037e-01
1.067156863050000015e-01
1.066491910459999998e-01
1.071634279210000040e-01
1.069272709569999980e-01
1.066963459609999998e-01
1.078114350410000061e-01
1.083832071400000069e-01
1.082858914089999958e-01
1.083956582049999950e-01
1.082046586960000029e-01
1.080060707219999971e-01
1.079766979069999994e-01
1.079839552560000054e-01
1.078019866950000044e-01
1.076310623149999979e-01
1.076260033889999967e-01
1.074645578089999942e-01
1.072999564279999984e-01
1.080643261469999977e-01
1.079081432109999933e-01
1.077494420259999947e-01
1.075968020340000025e-01
1.074471705519999959e-01
1.072954452819999960e-01
1.078218361080000021e-01
1.076679887449999984e-01
1.119966208590000012e-01
1.119607907379999989e-01
1.117979995280000000e-01
1.116536202269999972e-01
1.114752538270000065e-01
1.112934115789999956e-01
1.111066355060000010e-01
1.111172549690000039e-01
1.109973015749999986e-01
1.109354858380000031e-01
1.107278261550000004e-01
1.106628983910000058e-01
1.104429306289999996e-01
1.102263992299999940e-01
1.102111341719999998e-01
1.099851943969999968e-01
1.109172618870000043e-01
1.106764353700000064e-01
1.104375979999999979e-01
1.102666143210000033e-01
1.100203824649999967e-01
1.097786880160000061e-01
1.095335811689999994e-01
1.097453691089999989e-01
1.101141137509999979e-01
1.098678845419999994e-01
1.096172159249999972e-01
1.093768401509999932e-01
1.091294006819999995e-01
1.088835717759999988e-01
1.097577887469999985e-01
1.096801338909999951e-01
1.094318166060000014e-01
1.091877577430000051e-01
1.089846147970000012e-01
1.087386551010000035e-01
1.558122203910000114e-01
1.286704766919999909e-01
1.146225749580000036e-01
1.111380593079999979e-01
1.104970659419999973e-01
1.102034317329999985e-01
1.099173484769999931e-01
1.096396928730000025e-01
1.093568067370000035e-01
1.090736386010000003e-01
1.087870785859999939e-01
1.084972458440000009e-01
1.082115339370000040e-01
1.079221023599999940e-01
1.077231027910000027e-01
1.074401980539999996e-01
1.071572397679999983e-01
1.070675990300000019e-01
1.067935426450000030e-01
1.065195788000000005e-01
1.065195788000000005e-01
1.062586595329999967e-01
1.059974656719999964e-01
1.632589974299999969e-01
1.135854742380000004e-01
1.279492223750000046e-01
1.236382822579999985e-01
1.190460107169999948e-01
1.153667025759999992e-01
1.132832034499999946e-01
1.122751896599999966e-01
1.130282030739999943e-01
1.126448244330000015e-01
1.123185159870000033e-01
1.119909749210000055e-01
1.116746573769999973e-01
1.127398153669999931e-01
1.124174050929999946e-01
1.120902274279999972e-01
1.117699574210000019e-01
1.115150251069999959e-01
1.113576254009999988e-01
1.110392682409999943e-01
1.114545374839999992e-01
1.142610632920000036e-01
1.152469969989999982e-01
1.152340723509999998e-01
1.149224932409999983e-01
1.147583396149999962e-01
1.144477084799999933e-01
1.141409152820000023e-01
1.139506127809999936e-01
1.136416571209999948e-01
1.133383135419999965e-01
1.136209001590000045e-01
1.133176635870000032e-01
1.130142737960000004e-01
1.127065367060000045e-01
1.128547822239999998e-01
1.125496551419999935e-01
1.123648850970000029e-01
1.122244338560000054e-01
1.119276096669999943e-01
1.117530286739999990e-01
1.114529010880000032e-01
1.120440697480000053e-01
1.117452010699999942e-01
1.114614515139999984e-01
1.111735375440000007e-01
1.108863598550000051e-01
1.110544307739999986e-01
1.109320714459999940e-01
1.108580097119999941e-01
1.105825195529999971e-01
1.106341693439999996e-01
1.103686446339999933e-01
1.100924144410000000e-01
1.111498762709999949e-01
1.109154852609999936e-01
1.106489591500000036e-01
1.103809625520000004e-01
1.103178830549999961e-01
1.100538739089999968e-01
1.100861758619999936e-01
1.098243561249999944e-01
1.095628287910000026e-01
1.093076980279999999e-01
1.090521980699999949e-01
1.089475411070000010e-01
1.088828339590000027e-01
1.086291186190000008e-01
1.083821093690000015e-01
1.081376883739999933e-01
1.110692346460000063e-01
1.107754694739999934e-01
1.104743036290000008e-01
1.101677185889999994e-01
1.098552404260000059e-01
1.095339379910000022e-01
1.092138569039999979e-01
1.088868515000000065e-01
1.089159082760000063e-01
1.086455605429999943e-01
1.082629042280000009e-01
1.080090657159999967e-01
1.076871719729999982e-01
1.073691154980000034e-01
1.076364076970000028e-01
1.080388575139999974e-01
1.077317813019999931e-01
1.074310724029999969e-01
1.071314932349999999e-01
1.071150711940000028e-01
1.073921832340000021e-01
1.072041498680000038e-01
1.069795602479999969e-01
1.079464221789999956e-01
1.079386539949999946e-01
1.076874490510000004e-01
1.074418568580000066e-01
1.072072322030000052e-01
1.069793911489999999e-01
1.068981024790000012e-01
1.066767437099999938e-01
1.064715986689999949e-01
1.062636741339999941e-01
1.060697328469999978e-01
1.058767468409999996e-01
1.062351930519999932e-01
1.067082923630000013e-01
1.065351610429999957e-01
1.063612427260000048e-01
1.061974449640000068e-01
1.060284259309999949e-01
1.058666770290000031e-01
1.057122968040000027e-01
1.055560333429999970e-01
1.054501219900000064e-01
1.052991571039999935e-01
1.050992308260000063e-01
1.049551380290000002e-01
1.049939632099999992e-01
1.048564478740000028e-01
1.058359998260000046e-01
1.057030007580000014e-01
1.059825220930000061e-01
1.058944203720000032e-01
1.057640730370000004e-01
1.056349466720000047e-01
1.059002401039999958e-01
1.057716597660000035e-01
1.056488190590000043e-01
1.059361472019999945e-01
1.058090313369999952e-01
1.056849893290000009e-01
1.055650762029999995e-01
1.054359748489999971e-01
1.053174225220000065e-01
1.056156383280000000e-01
1.059397907780000037e-01
1.058194644660000044e-01
1.060773781900000018e-01
1.060484009140000017e-01
1.059314345100000054e-01
1.058077347890000047e-01
1.056933330990000031e-01
1.061135186689999982e-01
1.067894975569999988e-01
1.066707815209999993e-01
1.065548735959999938e-01
1.064381221930000010e-01
1.063224015489999952e-01
1.062562916339999941e-01
1.062517135630000054e-01
1.075789327779999999e-01
1.074650253740000033e-01
1.087794667839999951e-01
1.086671842740000032e-01
1.085477323460000004e-01
1.753202691630000032e-01
1.105814580040000022e-01
1.095403646260000030e-01
1.100102908099999943e-01
1.098872306939999988e-01
1.097634115679999994e-01
1.098819719909999992e-01
1.097534315060000043e-01
1.096261472569999978e-01
1.094998277090000055e-01
1.093654492740000067e-01
1.092332128610000036e-01
1.091055695069999970e-01
1.092739852930000033e-01
1.091417738610000049e-01
1.090042674419999941e-01
1.088702711389999966e-01
1.099516078899999971e-01
1.098161962399999969e-01
1.096817190809999953e-01
1.095423657039999998e-01
1.097494213469999980e-01
1.096447801460000010e-01
1.095044174360000067e-01
1.093666100980000000e-01
1.092253320190000043e-01
1.094029524770000067e-01
1.107362794080000018e-01
1.105897427340000044e-01
1.104429533839999950e-01
1.102959607230000055e-01
1.101463594279999958e-01
1.099896974910000019e-01
1.098381065940000068e-01
1.096818937939999933e-01
1.096310687529999939e-01
1.094754624840000024e-01
1.093169614230000003e-01
1.093718106290000047e-01
1.092100558299999996e-01
1.090834022609999954e-01
1.096444740360000003e-01
1.094756440519999985e-01
1.093102491140000021e-01
1.091426650019999972e-01
1.089716166960000010e-01
1.089441362080000031e-01
1.087714084969999967e-01
