-1.247532732188521287e-01
-1.183910060360348382e+01
-1.237773492042198165e-01
-1.233774559389360093e-01
-1.228174362027514982e-01
-1.228283808409632860e-01
-1.222974901879375770e-01
-1.142768228878331094e+01
-1.272698529846644222e-01
-1.268376999662820526e-01
-1.268945211181946864e-01
-1.262082384948737257e-01
-1.254882271941432648e-01
-1.206383261083803760e+01
-1.247446598111027621e-01
-1.239547791674663890e-01
-1.231624137880514003e-01
-1.223722785720864764e-01
-8.187550881735431219e+00
-1.225918560608923874e-01
-1.471170968069276874e+01
-1.567154236175403170e-01
-1.433410539115287652e-01
-1.305692725584231551e-01
-1.236644308228839056e-01
-1.210894475624651606e-01
-1.201226373280299964e-01
-1.195277379273576301e-01
-1.195551475429222632e-01
-1.194686549865698749e-01
-1.189998005601561742e-01
-1.196068904260559757e-01
-1.194348371030254929e-01
-1.190163329299051553e-01
-1.186126362265642054e-01
-1.182421877029112278e-01
-1.178553833737872036e-01
-1.176887504266782014e-01
-1.173168865203904621e-01
-1.169559839451079220e-01
-1.169657864608544123e-01
-1.166174816836585831e-01
-1.162704730827525124e-01
-1.159234834564227962e-01
-1.162673130345014821e-01
-1.159314480696152089e-01
-1.156034632487959735e-01
-1.152719531433493982e-01
-1.149467074444213699e-01
-1.164838427294116047e-01
-1.161551819675151614e-01
-1.158422942452657922e-01
-1.155257375827967309e-01
-1.152146436303339849e-01
-1.149041664078875313e-01
-1.155713210191694346e-01
-1.152624994312173023e-01
-1.165396691890621950e-01
-1.167891193218839885e-01
-1.164895019302267382e-01
-1.161760293870371802e-01
-1.167102481956407561e-01
-1.164065995210769033e-01
-1.161490252721128352e-01
-1.160326391245784655e-01
-1.159547520556475642e-01
-1.157744407418374727e-01
-1.154729979323217692e-01
-1.151674469475076068e-01
-1.148633132593517014e-01
-1.145641626345350467e-01
-1.142705926079116974e-01
-1.144361818930556690e-01
-1.143130394113006237e-01
-1.150858701422059621e-01
-1.154765444902349225e-01
-1.154006459761467568e-01
-1.151105590376806515e-01
-1.150118263904734844e-01
-1.147214619164084876e-01
-1.159336532176502566e-01
-1.156347166592308767e-01
-1.110353069763837475e+01
-1.217408270227630374e-01
-1.235372872967810537e-01
-1.232476845440536040e-01
-1.227724341495940313e-01
-1.229343728621870996e-01
-1.224201394469001530e-01
-1.218966960356606261e-01
-1.213553947335015981e-01
-1.211756944353842846e-01
-1.206135517538098334e-01
-1.200534102296489797e-01
-1.194884121029171076e-01
-1.205368813149419460e-01
-1.199696242221407749e-01
-1.199376255030433630e-01
-1.199757769823620174e-01
-1.194334980273257518e-01
-1.190161927220221294e-01
-1.184872802689745652e-01
-1.179741552369067970e-01
-1.175292690118413252e-01
-1.059321415514226850e+01
-1.167711839668457846e-01
-1.163165522580729416e-01
-1.165656014915499722e-01
-1.193369832361373950e-01
-1.189450000291124437e-01
-1.184744165803279653e-01
-1.180713229859467472e-01
-1.176783946732704589e-01
-1.173869136923747503e-01
-1.168963159168344423e-01
-1.233664877352597600e+01
-1.163962761717882849e-01
-1.159154912020404771e-01
-1.165200075836420601e-01
-1.151892698999271297e-01
-1.147227403523057576e-01
-1.142660685694913969e-01
-1.143125263938545577e-01
-1.138815735323961825e-01
-1.136015108302844273e-01
-1.131995020967387355e-01
-1.128012668511668704e-01
-1.124185559683281432e-01
-1.121643748974525956e-01
-1.118150935435575227e-01
-1.114756128289639409e-01
-1.111463636217173978e-01
-1.111468457240658569e-01
-1.112812928846464433e-01
-1.109888316033608296e-01
-1.544513947490431605e+01
-1.109844617489528507e-01
-1.109734574640129229e-01
-1.108413028695734714e-01
-1.105873524481865433e-01
-1.115658031682575102e-01
-1.113259484434112045e-01
-1.110857759907543374e-01
-1.108534410610057253e-01
-1.111467985106441292e-01
-1.330603127457145618e+01
-1.110251341332351011e-01
-1.108038068828052225e-01
-1.214486574358197429e-01
-1.210334876766693546e-01
-7.301074493925522546e+00
-1.359923964411574460e+01
-1.288192248877245982e-01
-1.036855083032032177e+01
-1.276091442739523130e-01
-1.279597297198195038e-01
-1.271847849744572045e-01
-1.263745152730731125e-01
-1.255264301444795338e-01
-1.257186899525083168e-01
-1.250587836656719132e-01
-1.213795062478142839e+01
-1.261714765603011434e-01
-1.252420327448006687e-01
-1.838224246362548087e+01
-1.422640948862377297e-01
-1.315812041205758898e-01
-1.266377497569583233e-01
-1.256245622727512612e-01
-1.245758174818119846e-01
-1.236878565557860132e-01
-1.228146459285171799e-01
-1.219796479675607503e-01
-1.212906846282000434e-01
-1.244309946623137719e+01
-1.200383447780958984e-01
-1.192998465721402807e-01
-1.185849546544590905e-01
-1.212945213134907635e-01
-1.206323731937922333e-01
-1.091429274316618603e+01
-1.235147306314840487e-01
-1.228390379798594417e-01
-1.221643520850154707e-01
-1.214942434199966920e-01
-1.208260195354105143e-01
-1.205172829888606217e-01
-1.198643470864944188e-01
-1.191994747047139536e-01
-1.187220530634623822e-01
-1.180776588783191416e-01
-1.175125087394611190e-01
-1.168856440352960130e-01
-1.162758113591234044e-01
-1.156752655373077671e-01
-1.150838266850433556e-01
-1.145961802573778471e-01
-1.142196260289980170e-01
-9.463295064081483687e+00
-1.157159885622408152e-01
-1.152009433123837995e-01
-1.147007899392030045e-01
-1.149228989349361518e-01
-1.144607325623224758e-01
-1.140102949632856438e-01
-1.140156206918749304e-01
-1.136007790179536930e-01
-1.135348634843041243e-01
-1.131478195908914436e-01
-1.130790236288119477e-01
-1.128149428375529728e-01
-1.132902895788900632e-01
-1.130223774902985034e-01
-1.138765448487204096e-01
-1.135658510904305751e-01
-1.139056178526209884e-01
-1.136072372981273421e-01
-1.133263008698073560e-01
-1.132178261516077478e-01
-1.133277043226242481e-01
-1.131578952745187633e-01
-1.129000778072260097e-01
-1.128615292925859437e-01
-1.127796020132585397e-01
-1.125395466309662140e-01
-1.123040360197725823e-01
-1.251415960742376221e+01
-1.123548773303187781e-01
-1.134170460215098430e-01
-1.033364301639961624e+01
-1.166649192891922315e-01
-1.164225268358166226e-01
-1.182552788891880202e-01
-1.179999142790368466e-01
-1.177408099883512776e-01
-5.697212807448863003e+01
-4.030502307102833970e-01
-1.943204218189462928e-01
-2.038717795416995493e-01
-1.675989201701042208e-01
-1.503147633838380770e+01
-1.371072128813368707e-01
-1.460052704009498492e-01
-1.319746210028851785e-01
-1.298148756795950709e-01
-1.280433933558800808e-01
-1.295237649350911013e-01
-1.364967861611412203e-01
-1.353253211385505306e-01
-1.341438238788652815e-01
-1.439273347936957381e-01
-1.426807091049860365e-01
-1.414165754555379573e-01
-1.424899982266912002e-01
-1.412030523860936804e-01
-1.399271506728834713e-01
-1.386584648182339896e-01
-1.373928899220314415e-01
-1.367986298875941142e-01
-1.355508264916826244e-01
-1.342915303552355000e-01
-1.330556899741483223e-01
-1.325609132962314307e-01
-1.313200283658205181e-01
-1.301017968368679834e-01
-1.288848765213954639e-01
-1.276932827221218814e-01
-1.274384892722156271e-01
-1.262994697546938605e-01
-1.253567959356740313e-01
-1.242843915989313708e-01
-1.247894126986501540e-01
-1.239464448741949276e-01
-1.229744036898075821e-01
-1.221856494905158019e-01
-1.213013495762111926e-01
-1.209412111183196109e-01
-1.203345814436840439e-01
-1.195804284106483234e-01
-1.192058282809353165e-01
-1.185769838628869532e-01
-1.179404363037665632e-01
-1.173477824100262190e-01
-1.167780783911914338e-01
-1.162418450311378387e-01
-1.167038652479464172e-01
-1.176093760748471440e-01
-1.172359828858834802e-01
-1.183761987470337007e-01
-1.179472644662263731e-01
-1.175425802987448698e-01
-1.214200874503402056e-01
-1.211150777233656051e-01
-1.207007088408557915e-01
-1.202675416410352999e-01
-1.205385309849917597e-01
-1.262456497397732846e+01
-1.200506252494836085e-01
-1.202433632069528358e-01
-1.215620786646553902e-01
-1.211763281314449381e-01
-1.207886935285915064e-01
-1.202964216635266231e-01
-1.199867580771786374e-01
-1.195010870708772821e-01
-1.190030667022545924e-01
-1.334675231612508917e+01
-1.191462047188820150e-01
-1.236472997459389100e-01
-1.231449072243767651e-01
-1.235754128619517556e-01
-1.230777118625248495e-01
-1.225776094323148269e-01
-1.220875929816076927e-01
-1.223865305437505657e-01
-1.218995257718823028e-01
-1.214137153375485084e-01
-1.209418865496464240e-01
-1.204680213686361301e-01
-1.200024046796629995e-01
-1.218495989922019768e-01
-1.213893754863336338e-01
-1.209325422398274397e-01
-1.229937269980165560e-01
-1.225459861679019519e-01
-1.220840888452944945e-01
-1.231372734145577685e-01
-1.373933320391590485e+01
-7.739183438814823290e+00
-1.349246299323674236e-01
-1.502593836881247036e+01
-1.441410829082898915e-01
-1.428278089882430990e-01
-1.412272073717545928e-01
-1.391762512679189379e-01
-1.367911493221836694e-01
-1.343951339808074907e-01
-1.320713500115711092e-01
-1.300591436200099482e-01
-1.282173638354878742e-01
-1.264255934592594111e-01
-1.250586980628858036e-01
-1.235444843762003309e-01
-1.221924919552576511e-01
-1.212880164637677172e-01
-1.203414583682847899e-01
-1.193611414946447874e-01
-1.185728537816166800e-01
-1.023939222743781841e+01
-1.170943146293126902e-01
-1.164293050888203368e-01
-1.158179023676774999e-01
-1.152525755263733576e-01
-1.154488696171237228e-01
-1.160829090857411483e-01
-1.159631354261668884e-01
-1.155345188795773165e-01
-1.153714939444422244e-01
-1.149820310106733912e-01
-1.150259273901994145e-01
-1.146653302885422415e-01
-1.143181179042919438e-01
-1.139850402665963242e-01
-1.136613803955313501e-01
-1.161448529501018234e-01
-1.210758835819929907e-01
-1.205940035910038621e-01
-1.216480324381487843e-01
-1.211024249315128531e-01
-1.210390093964894276e-01
-1.163336427864528311e+01
-1.202150576758492795e-01
-1.195864087401448533e-01
-1.189504515898635317e-01
-1.186589543382809142e-01
-1.435592833462362172e+01
-1.194310251530625033e-01
-1.188294280014502158e-01
-1.182446895209131876e-01
-1.185971152580310300e-01
-1.185017427212924218e-01
-1.179862736716705413e-01
-1.174935702645670543e-01
-1.170346919050881951e-01
-1.170604219366796483e-01
-1.168124405029670188e-01
-1.251688895748082619e-01
-1.247555543850836640e-01
-1.310709698889413466e-01
-1.304664777332160130e-01
-1.391425412520141680e-01
-1.337868131026914709e-01
-1.300788599149707014e-01
-1.287663428255869102e-01
-1.273702477469491334e-01
-1.318239658676647608e-01
-1.303641054524641019e-01
-1.292013116849334842e-01
-1.276972392524779731e-01
-1.260941178487232084e-01
-1.245332604473489840e-01
-1.230609582208211789e-01
-1.216920088566173092e-01
-1.480953433319271539e+01
-1.217667058102288868e-01
-1.210457670055794244e-01
-1.201603612540621674e-01
-1.197057224379991930e-01
-1.190135569475919974e-01
-1.185215693460646563e-01
-1.180126378105586099e-01
-1.175059580037009360e-01
-1.170335457511049587e-01
-1.168865344329952510e-01
-1.163949141419218514e-01
-1.162006821229815412e-01
-1.158587057238848472e-01
-1.161057899986215336e-01
-1.157724253455814090e-01
-1.154499705331934190e-01
-1.151413358346360383e-01
-1.148357952020607475e-01
-1.145454449568850674e-01
-1.142445775643508299e-01
-1.139590178122708852e-01
-1.136799108655972002e-01
-1.144713727887816529e-01
-1.142565469052594790e-01
-1.146453836054136116e-01
-1.143749981166423263e-01
-1.141005442272278597e-01
-1.142919188920695356e-01
-1.149819670901799928e-01
-1.147222332085775925e-01
-1.144573610871606334e-01
-1.141921387722403397e-01
-1.139315392891359496e-01
-1.136732047334188811e-01
-1.307450827772790802e+01
-1.131962481009803345e-01
-1.129459272811840775e-01
-1.126952044909959733e-01
-1.202584200676418469e+01
-1.124196105896953235e-01
-1.121767817065001671e-01
-1.119314916947842936e-01
-1.121193425965317375e-01
-1.118774545272969573e-01
-9.871864254988393483e+00
-1.231385278182706955e+01
-1.200949522797568336e-01
-1.365815067600024690e+01
-1.200351584314622855e-01
-1.197330573484290256e-01
-1.196257498714711903e-01
-1.192903279264588695e-01
-1.198438887801829555e-01
-1.197238545298497381e-01
-9.804584525942271256e+00
-1.204071871666073518e-01
-1.200246442857727247e-01
-1.196185762313324019e-01
-1.191962000325689219e-01
-1.187793309360711674e-01
-1.183478190766183713e-01
-1.179174135499173187e-01
-1.174914152322582422e-01
-1.170561849333903726e-01
-1.028146117698127249e+01
-1.162626342997940682e-01
-1.158533812871522795e-01
-1.100329079467002735e+01
-1.162688631392385513e-01
-1.161905731610725773e-01
-1.157894237992571074e-01
-1.156924143494397900e-01
-1.226659639530681689e-01
-1.224762066870585114e-01
-1.220472639517398566e-01
-1.131159347497775869e+01
-1.200823130748140816e-01
-1.193345509442939045e-01
-1.181610380824730383e-01
-1.172149568611755843e-01
-1.165239215724460931e-01
-1.161039268125367285e-01
-1.155213462546840764e-01
-1.347257481039545179e-01
-1.286606629910234112e-01
-1.288894624857877536e-01
-1.197301459969274395e-01
-1.174697255049892697e-01
-1.161139022893389466e-01
-1.364636803399713649e+01
-1.165544847979216314e-01
-1.151418205546555079e-01
-1.167842741972244108e-01
-1.165281341251948460e-01
-1.162653472181787856e-01
-1.160069236498177669e-01
-1.157467600769600119e-01
-1.154859497032816457e-01
-1.153231728019643854e-01
-1.150571140996777958e-01
-1.148656450404326457e-01
-1.146068109501643117e-01
-1.143459029760202084e-01
-1.140883914349178491e-01
-1.170655654797809198e-01
-1.166520131900127960e-01
-1.162467408120503171e-01
-1.157967379610116837e-01
-1.155486425492823072e-01
-1.150827123186775186e-01
-1.197003025116334740e+01
-1.143724865051949507e-01
-1.139119555245600435e-01
-1.134716975892069851e-01
-1.130397596632579105e-01
-1.126366826871461474e-01
-1.184074810199066546e-01
-1.179219594991372522e-01
-1.174775278365629838e-01
-1.170871368827915981e-01
-1.280329289669751847e-01
-5.533631906454264282e+01
-2.199217134079834157e-01
-1.258899322915812968e-01
-9.229541023087968199e+00
-9.747041387560308578e+00
-1.232239404818502998e-01
-1.183543499698468437e+01
-1.323501609552063840e+01
-1.239171214902183848e+01
-8.870828701063331323e+00
-1.822600076279515535e-01
-1.492115423164038224e-01
-1.702434691485830154e-01
-1.593638535712764703e-01
-1.506505034117920916e-01
-1.450420598245913961e-01
-1.412297818019931095e-01
-1.382649616852163754e-01
-1.354504276308955701e-01
-2.584956078771460142e+01
-2.095545201043454986e-01
-2.115834999248424331e-01
-1.414171974706256163e-01
-1.290708350286529082e-01
-1.264381916339894218e-01
-1.250164790854117469e-01
-1.238264726784374659e-01
-1.227284485174821999e-01
-1.233100386160626422e-01
-1.208639863508252227e-01
-1.203780785333349312e-01
-1.196737587647601075e-01
-1.190332480599739229e-01
-1.184801102154542790e-01
-1.180716289189585044e-01
-1.175754904239268844e-01
-1.171171741218833412e-01
-1.166897296806826273e-01
-1.162772913973483951e-01
-1.158961832973938455e-01
-1.206824176124374404e+01
-1.180614442430150818e-01
-1.197239110330684392e-01
-1.193159605119484545e-01
-1.188841976249423726e-01
-1.188143916693433083e-01
-1.183703057167607292e-01
-1.182709375213703423e-01
-1.186572730483764354e-01
-1.181990038756934730e-01
-1.177442584861870534e-01
-1.172981669617978867e-01
-1.168638315520214854e-01
-1.164350023843895854e-01
-1.221791527261149590e-01
-1.203681720151874024e-01
-1.187677695451324344e-01
-1.174033146983221448e-01
-1.191391423613253481e-01
-1.181303922040994048e-01
-1.176405083301044069e-01
-1.180705327928615322e-01
-1.174582258806265295e-01
-1.169162565092308759e-01
-1.166213410454847582e-01
-1.161698305775623330e-01
-1.157415394308373008e-01
-1.153374057238049505e-01
-1.149493956770898939e-01
-1.145727399231492999e-01
-1.142119034557859542e-01
-1.140524142217816533e-01
-1.137102947050776386e-01
-1.133894529247224947e-01
-1.130746560924753147e-01
-1.128398571585581128e-01
-1.125480199814561932e-01
-1.123628867921346031e-01
-1.120895188145249050e-01
-1.120416555247531615e-01
-1.117846766213172471e-01
-1.224435733574007656e+01
-1.113467047267771987e-01
-1.113152346751017097e-01
-2.049660802916941194e+01
-1.118256185306814171e-01
-1.130647004537672362e-01
-1.128518894107475440e-01
-1.127670428608772840e-01
-1.125612229849235618e-01
-1.123581957128431813e-01
-1.121592769586611249e-01
-1.119634288808164096e-01
-1.117718500355292383e-01
-1.118508476394687312e-01
-1.119086631807261478e-01
-1.118766576368745019e-01
-1.121341963504228906e-01
-1.120697949672743859e-01
-1.118815152430330945e-01
-1.118893239326506500e-01
-1.118104229512664333e-01
-1.116240352570037342e-01
-1.114417414295549164e-01
-1.112583474758244567e-01
-1.110750222301190721e-01
-1.108934806564882691e-01
-1.107120158852059333e-01
-2.282654241279614415e-01
-1.154955741926357443e-01
-1.121449775447437014e-01
-1.117730949112571426e-01
-1.118065722980867427e-01
-1.116962495845385678e-01
-1.117005604137497193e-01
-1.117002514201817231e-01
-1.118356080103521943e-01
-1.288689316300818000e+01
-1.127334449402400962e-01
-1.199194401713252200e-01
-1.281103463944432697e-01
-1.390972749652494289e-01
-1.309035854755088990e-01
-1.245836546319271793e-01
-1.208254987372953532e-01
-1.186088715549807882e-01
-1.167935115083567760e-01
-1.153930473985302352e-01
-1.147881843443752797e-01
-1.140119462375605019e-01
-1.248127512959049945e-01
-1.196084402501293303e-01
-1.158635782555100108e-01
-1.141067584777084032e-01
-1.132047308606731195e-01
-1.127677471099857304e-01
-1.125234487109695453e-01
-1.124679156494731019e-01
-1.122923362684565829e-01
-1.122388664438341149e-01
-1.120665978774034871e-01
-1.123445087552701893e-01
-1.122991336157196374e-01
-1.121322084725913382e-01
-1.120776619481835129e-01
-1.119079420351987569e-01
-1.117397148553769121e-01
-1.115708373679916293e-01
-1.114015319141441612e-01
-1.129807397573535238e-01
-1.128076902478177962e-01
-1.126851490721618998e-01
-1.138802114092946627e-01
-1.137799847182833918e-01
-1.163115612218963979e-01
-1.159934969846904418e-01
-1.156574565839451618e-01
-1.153070964148420058e-01
-1.149415942946217795e-01
-1.148878938765600238e-01
-1.145119662095081953e-01
-1.145801613544799591e-01
-1.157817560695793696e-01
-1.305745376886652265e-01
-1.347955969882716487e-01
-1.444091320318829086e-01
-1.398673681437487826e-01
-1.810876163307949582e+01
-1.548001325603071410e-01
-1.484985359825440054e-01
-1.842986588652208713e-01
-1.726617855032805682e-01
-1.581875969504338841e-01
-1.724462923105981316e-01
-1.631034848647162916e-01
-1.563997073023009332e-01
-1.564674608551441248e-01
-1.518082865757948152e-01
-1.485842964111502018e-01
-1.452667841846194963e-01
-1.421355463468906011e-01
-1.258365699035417151e+01
-1.369911511928296466e-01
-1.349738339347132388e-01
-1.329227461423281020e-01
-1.307914867108057322e-01
-1.290225308698174367e-01
-1.272059693584040863e-01
-1.254908526073123531e-01
-1.243402642563756627e-01
-1.267537437668628253e-01
-1.254381317252349082e-01
-1.254586644777097026e-01
-1.243381783821170261e-01
-1.248599367675554406e-01
-1.239014923833114401e-01
-1.230114744300558338e-01
-1.225957078585257209e-01
-1.218112251063532686e-01
-1.260884562726606317e-01
-1.249352412147580055e-01
-1.294424027565515278e-01
-1.281941287232966609e+01
-1.273035812814597156e-01
-1.257407691798221316e-01
-1.241969897850313115e-01
-1.325920619777057885e-01
-1.312851788791615237e-01
-1.296414786847919220e-01
-1.303516238620625878e-01
-1.321612836191870533e-01
-1.323259484811301900e-01
-1.311947019872255205e-01
-1.301140811900340921e-01
-1.294063533986652970e-01
-1.284868277581883989e-01
-1.275696847682256108e-01
-1.287465674999992427e-01
-1.369692952104067385e-01
-1.667034444877064370e-01
-1.600036881079687778e-01
-1.521096018583827925e-01
-1.522058174983857426e-01
-1.078535009441762327e+01
-1.377845454728162111e-01
-1.331446919859429201e-01
-1.300643859590046303e-01
-1.278372596857314247e-01
-1.256037687510369316e-01
-1.238289851489094151e-01
-1.238258353791810013e-01
-1.226094302653276402e-01
-1.215454376833189215e-01
-1.205762923375767876e-01
-8.847744528592427216e+00
-1.224536775868953348e-01
-1.216941361774849656e-01
-1.222039655171414663e-01
-1.215241272359318808e-01
-6.988962160134606805e+00
-1.585527864181769608e+01
-1.165983906134071191e+01
-8.972308889654536657e+00
-5.756806777927374608e-01
-5.406095327369028203e-01
-4.046568328199034448e-01
-3.882346915546014965e-01
-4.461222065363634748e+00
-5.795681691899520871e+00
-3.139690132930016975e-01
-2.869773590332239666e-01
-3.025705971349527679e-01
-5.067174232440784465e+00
-2.675788476333413324e-01
-2.394365471901837294e-01
-9.464440695446864282e+00
-5.052507886474848497e+00
-1.969851961507309290e-01
-2.471145673254702968e-01
-2.048982766981565784e-01
-1.787748546143366202e-01
-1.747407104806789901e-01
-1.673171277487890962e-01
-1.611254628881754192e-01
-1.558043177695064563e-01
-1.548051373948517717e-01
-1.496170553464160613e-01
-1.461403316021972765e-01
-1.430828299023119976e-01
-1.698217285960386747e+01
-1.473475193455298649e-01
-1.450629453601394447e-01
-1.489241193836088883e-01
-1.474621847023618038e-01
-1.459442985171335583e-01
-6.024388858140703462e+00
-1.629991904297791727e-01
-1.627319290631790982e-01
-1.603422202116284445e-01
-1.576734652572155393e-01
-1.702380042527027459e-01
-1.681509358538562093e-01
-1.752834639688991003e-01
-1.701158632645323465e-01
-1.645667341559106656e-01
-1.720216187794386398e-01
-1.706608771955631931e-01
-1.657738306697023045e-01
-1.612854313728297462e-01
-9.483792189442533882e+00
-1.587136972328058449e-01
-1.546385428197841194e-01
-1.517090915959296293e-01
-1.489908952959768940e-01
-1.464594312831850875e-01
-1.486182148313890672e-01
-1.465017415207406914e-01
-1.444961344416942906e-01
-1.438966857794936050e-01
-1.416678623051585706e-01
-1.888379033720685385e+01
-1.822002738853780446e-01
-2.620261813943857709e-01
-2.434626066397768129e-01
-2.144848145798072536e-01
-2.017559781786453788e-01
-1.803073464654102731e-01
-1.725938644841951142e-01
-1.615937632258721279e-01
-1.536098655856293904e-01
-1.050715952287543153e+01
-1.873655176343365925e-01
-1.794320873656505555e-01
-1.721081664102997177e-01
-1.735745538760474771e-01
-1.663437956653983918e-01
-1.180165364070452938e+01
-1.565829614473096820e-01
-6.186422987479199165e+00
-1.854482868553324615e-01
-1.802689616893793645e-01
-1.750825859160344278e-01
-1.732511361100490810e-01
-1.681326810363322211e-01
-1.308890610085362560e+01
-1.455249009208652744e+01
-1.760439459272427343e-01
-1.797167514858426796e-01
-1.836111796921909289e-01
-1.798882029087571222e-01
-1.763249201914925957e-01
-1.729337857743394047e-01
-1.734549223759341841e-01
-1.701252968548344346e-01
-1.668270253279315052e-01
-1.639348690288390531e-01
-1.608232874845687832e-01
-1.598049139997037571e-01
-1.568307318555032526e-01
-1.537375852879794835e-01
-1.507047571186871937e-01
-1.505094107817517646e+01
-1.465251706541781107e-01
-1.437616140057604575e-01
-1.436377591530827447e-01
-1.410794613657148644e-01
-1.386508958740710618e-01
-1.363341202505578553e-01
-1.379857084606229412e-01
-1.381051749421611241e-01
-1.366249040186828245e-01
-1.364231283279025153e-01
-1.455679721309008912e-01
-1.394758313690028229e-01
-1.429164711264276078e-01
-1.505536480129252563e-01
-1.472063718270993915e-01
-1.439113868506665395e-01
-1.405940404221676376e-01
-1.476763182054001700e-01
-1.535844551220260090e-01
-1.498757907629653663e-01
-1.437877588671492568e-01
-1.403849182777915094e-01
-1.372324134241309501e-01
-1.340099872377478185e-01
-1.344043028610750479e-01
-1.316778215809083219e-01
-1.292346367950754638e-01
-1.270572428069996485e-01
-1.251931096061062731e-01
-1.234978630711844327e-01
-1.219684476640173626e-01
-1.206819804901932275e-01
-1.194164157606045079e-01
-1.182714805496299509e-01
-1.172024082593534355e-01
-1.162269707405263058e-01
-1.154604457573548265e-01
-1.146228265708112704e-01
-1.138951511166224617e-01
-1.131770519269377634e-01
-1.096804834366897907e+01
-1.127076950833705155e-01
-1.121326140900680834e-01
-1.086370322877089478e+01
-1.114242172100195771e-01
-1.109524851931930484e-01
-1.105099640182985871e-01
-1.104021722199393790e-01
-1.100044219038335824e-01
-1.099094166850571874e-01
-1.095620054320605719e-01
-1.092281676455828798e-01
-1.879551891121389318e+01
-1.111730523973286228e-01
-1.108884177791224918e-01
-1.106099917294597473e-01
-1.103458425916892527e-01
-1.100903216660610862e-01
-1.120298055377903085e-01
-1.117890072869814899e-01
-1.115572597592996706e-01
-1.114169534739385820e-01
-1.111957292708211920e-01
-1.109846211612372374e-01
-1.110045947001880723e-01
-1.107970659003155167e-01
-1.105983332064450070e-01
-1.104040110889316084e-01
-1.102089792698287274e-01
-1.100245464987039123e-01
-1.099312077774537710e-01
-1.097465861820612343e-01
-1.097933475878679621e-01
-1.097796320957168809e-01
-1.096503139501863039e-01
-1.098394310903734600e-01
-1.096658438825412196e-01
-1.094987978843049298e-01
-1.097479508582257235e-01
-1.095854802119824584e-01
-1.094368356858593516e-01
-1.313181247667198348e-01
-1.288646855275440151e-01
-1.246890790486304135e-01
-1.201293686426414958e-01
-1.162650456169813662e-01
-1.135534977032762183e-01
-1.119277020698694475e-01
-1.110526210343259768e-01
-1.107615067773632389e-01
-1.104871569254522734e-01
-1.104440082946347851e-01
-1.104702962123375876e-01
-1.102964927610795287e-01
-1.106118062638701133e-01
-9.066069334095269383e+00
-1.282179271807400411e+01
-1.136498744804863292e-01
-1.136138377546106748e-01
-1.134338363019512658e-01
-1.257035193527323713e+01
-1.139164756078222263e-01
-1.139755264916005040e-01
-1.139639013465035128e-01
-1.137756985264651299e-01
-1.140443179864560758e-01
-1.145844265870317041e-01
-1.143868797871508414e-01
-1.148586888345678597e-01
-1.146584485095420575e-01
-1.147352040390401118e-01
-1.146654215045160019e-01
-1.144536065578901640e-01
-1.241283816930308231e-01
-1.214893793019505563e-01
-1.190353130979297513e-01
-1.171182744396867259e-01
-1.158835576714761922e-01
-1.149688839214610958e-01
-1.151526108576217400e-01
-1.150777729663584881e-01
-1.147805169558148569e-01
-1.193524281979894547e-01
-1.190405360693246317e-01
-1.187028162762317207e-01
-1.183390434845060651e-01
-1.179624210347661878e-01
-1.175609972486605231e-01
-1.171412802880680282e-01
-1.167064807650695646e-01
-1.162571301645438926e-01
-1.158037384579043566e-01
-1.153421773808562117e-01
-1.148852894272323066e-01
-1.144243212225336953e-01
-1.149699605116998036e-01
-1.148450161594031099e-01
-1.143941617022457280e-01
-1.149108680653860015e-01
-1.144765609521239264e-01
-1.140590559297615381e-01
-1.136461486296690693e-01
-1.132525866641179574e-01
-1.142008876737093809e-01
-1.138247395318748578e-01
-1.134644666176138073e-01
-1.131523618370262885e-01
-1.128152259977625027e-01
-1.128076806418009531e-01
-1.124853954000448741e-01
-1.121787988949775883e-01
-2.531676247847594752e+01
-1.546773883667882377e-01
-1.275594782986589071e-01
-1.288978290825620876e-01
-1.186632758603824722e-01
-1.216597976450007046e+01
-5.676062946506952755e+00
-1.354575467080069429e-01
-1.317980419926444158e-01
-1.281627764817413195e-01
-1.358506136720434576e-01
-6.587809070442554038e+00
-1.520975925508322724e-01
-1.447186831104740612e-01
-1.461230863123627322e-01
-1.429194651819809536e-01
-1.399369749766763427e-01
-1.393247010333506231e-01
-1.433701875220635413e-01
-1.409082721248214043e-01
-1.387299382201182818e-01
-1.365295510044343963e-01
-1.344342999694239371e-01
-1.324175441501633521e-01
-1.306850969063045598e-01
-1.321239570480487457e-01
-1.302824151268476005e-01
-1.285627317252925339e-01
-6.472009241884089548e+00
-1.308613558941531252e-01
-1.368681409818426620e-01
-1.379904447485148511e-01
-1.062765569158533552e+01
-1.376682605543561588e-01
-1.378410455729361106e-01
-1.360927333359905900e-01
-1.333528282075130689e-01
-1.316941570359619063e-01
-1.312454539786171714e-01
-1.306425313257041920e-01
-1.301021317529287569e-01
-1.285812058555676485e-01
-1.270945115980440521e-01
-1.256873948799093477e-01
-1.243301216517757046e-01
-1.249523153906039880e-01
-1.236793168659380965e-01
-1.268927614918660962e-01
-1.257314252525786324e-01
-1.246002983090807037e-01
-1.257498936813951917e-01
-1.355433526429314917e-01
-1.322039871618582441e-01
-1.308910270477189330e-01
-1.451238890016810501e+01
-1.330663475449314903e-01
-1.285482798822931982e-01
-1.266351281591540923e-01
-1.240341898654890307e-01
-1.303167631033723406e-01
-7.712304236231902976e+00
-1.337245211061512118e-01
-1.087285926120023305e+01
-1.336426670662245464e-01
-1.323318581942582173e-01
-1.314425594634633376e-01
-1.302635828432555931e-01
-1.291720033671879264e-01
-1.279534544129928286e-01
-1.289368606906605708e-01
-1.276562585025123320e-01
-1.303404794215294871e-01
-1.288828642585695128e-01
-6.172267711876436636e+00
-1.519804394463834252e-01
-5.798699383158908205e+00
-1.490706129394347990e-01
-1.460528613040431578e-01
-1.527461442433422356e-01
-1.485099207186758030e-01
-1.501967416078122397e-01
-1.517443764679035079e-01
-1.466995038066512269e-01
-1.417747640841888201e-01
-1.410634239657326816e-01
-1.365594530846125643e-01
-1.324831562373131877e-01
-1.288454399109176529e-01
-1.256604176731584144e-01
-1.204326221209421205e-01
-1.204357497610014927e-01
-1.188170444304973289e-01
-1.170801614674039787e-01
-1.157206510463673205e-01
-1.144173713023705491e-01
-1.149446465568308706e-01
-1.223191934546630638e-01
-1.207326734372528576e-01
-1.311061619199174466e-01
-1.277492012886891348e-01
-1.242042483249296420e-01
-1.284948841333289626e-01
-1.287020199799011888e-01
-1.220984411336002995e-01
-1.195090021376872397e-01
-1.252892234742276900e-01
-1.260952906569280940e-01
-1.237805561183650677e-01
-1.221289063730322949e-01
-1.120761071041429169e+01
-1.184146471307916670e-01
-1.183092941241062068e-01
-1.208168412677959047e-01
-1.198149235061330142e-01
-1.186190094904719244e-01
-1.175948711163649768e-01
-1.166790297546960592e-01
-1.158543914569674094e-01
-1.151055392087072110e-01
-1.144056878387734177e-01
-1.267078818511271798e+01
-1.133453954186485202e-01
-1.125522535751692504e-01
-1.119754878098438572e-01
-1.114250265870919965e-01
-1.108954164179978413e-01
-1.478443191128099521e+01
-1.186565978709266528e-01
-1.181576119720963436e-01
-1.196555943322148846e-01
-1.191252498442366969e-01
-1.185866670486455665e-01
-1.180195623594658405e-01
-1.174382614684216647e-01
-1.168478759413827395e-01
-1.176417581279519814e-01
-1.170291427185487787e-01
-1.163898555990905415e-01
-1.157655002202499228e-01
-1.151214818381246785e-01
-1.145520949340027850e-01
-1.140857524446046850e-01
-1.134324925970677383e-01
-6.669531440105104458e+00
-1.147568756691495773e-01
-1.179196853162800956e-01
-1.173504077458968342e-01
-1.166989294909441255e-01
-1.165585278874499281e-01
-1.160206646253962443e-01
-1.153849772704238913e-01
-1.147554221744124525e-01
-1.141388244347821823e-01
-1.140803740070013977e-01
-1.124859376027404767e-01
-1.119082799899862868e-01
-1.115682337018006343e-01
-1.115623847300154514e-01
-1.120251597237056640e-01
-1.116133652453548813e-01
-1.416996298477307725e+01
-9.369516925007710384e+00
-1.266924345239245076e-01
-1.701683908447991223e-01
-1.404903018025389372e+01
-1.611543415476325569e-01
-1.501858979694844010e+01
-1.073518254359409596e+01
-1.770174651103588459e-01
-1.616172460716921722e-01
-1.076078530037825054e+01
-5.761097616491040796e+00
-1.532779217212193457e-01
-1.486567820263395845e-01
-1.150660846902488110e+01
-1.114996565952953844e+01
-1.357575536099451530e-01
-1.324332151073500108e-01
-1.298235876688362267e-01
-1.277772005091566132e-01
-1.256246869881503525e-01
-1.237378535499492060e-01
-1.220983063089399051e-01
-1.208155773424854779e-01
-1.196022543700698826e-01
-1.188173858747592626e-01
-1.177737801865224726e-01
-1.168366540349707883e-01
-1.161051406253449936e-01
-1.155445487919698339e-01
-1.148412081678265029e-01
-1.142050695064769777e-01
-1.116292086681911044e+01
-1.133164765023382259e-01
-1.128082157867166396e-01
-1.309603219450323486e-01
-1.286708964526429300e-01
-1.260278805458505125e-01
-1.232493553318925600e-01
-1.205180649390314440e-01
-1.179651438749165643e-01
-1.156949964555139543e-01
-1.141766582420589565e-01
-1.125891427816013701e-01
-1.113931381682639332e-01
-1.104009902864368647e-01
-1.096170364813589537e-01
-1.090054897303224940e-01
-1.085955483554318785e-01
-1.081831163573915983e-01
-1.078242021604298995e-01
-1.074962141581446012e-01
-1.072920213315548266e-01
-1.072338184547776962e-01
-1.076848661206510210e-01
-2.692965572355416626e+01
-1.091181176403745456e-01
-1.091931319969812186e-01
-1.089359967121571737e-01
-1.258663136103858982e+01
-1.133405540936253397e-01
-1.131569146143791976e-01
-1.103264069488401766e+01
-1.578199347894816107e+01
-1.287440281313177171e-01
-1.291520464988009931e-01
-1.294454768498341513e-01
-1.344998523407516244e-01
-1.337896043463788764e-01
-1.329732659277725881e-01
-1.321175097657598108e-01
-1.311341847049366793e-01
-1.303967271453704002e-01
-1.293248242005865523e-01
-1.282350030584226697e-01
-1.271326502122659408e-01
-1.260419400869137452e-01
-1.249637863387861730e-01
-1.239089970902894494e-01
-1.228865672736886433e-01
-1.297423301985234545e+01
-1.242515759509815881e-01
-1.230088536097491830e-01
-1.220150840761955041e-01
-1.208701042951804139e-01
-1.197805615684228581e-01
-1.187370590154028932e-01
-1.183082550495925533e-01
-1.174313281921290919e-01
-1.207146096789541545e+01
-1.120406732829447449e+01
-1.161498179180184276e-01
-1.160257231376980169e-01
-1.316557826634651984e-01
-1.289507598380232323e-01
-1.240385797793546602e-01
-1.197408377664910956e-01
-1.168124004004983119e-01
-1.149696277910943615e-01
-1.139500522806257687e-01
-1.132796709756102305e-01
-1.130963584048263748e-01
-1.126346211964864980e-01
-1.122097400762728237e-01
-1.118039345675087004e-01
-1.168766949492817814e-01
-1.185702381374638403e-01
-1.180350194041938777e-01
-1.179256535791552013e-01
-1.173542971779364952e-01
-1.167682443677554860e-01
-1.165982067507105313e-01
-1.168434403095050950e-01
-1.163520549120651698e-01
-1.157537662168588305e-01
-1.159021451018082266e-01
-1.153097892769855970e-01
-1.147322631218999911e-01
-1.144815658165991845e-01
-1.144244818599983449e-01
-1.138898689198193370e-01
-1.135497015515901376e-01
-1.133046103440570052e-01
-1.128133594879627277e-01
-1.129329466611788541e-01
-1.124808655559016851e-01
-1.120414308996871416e-01
-1.116228049927874277e-01
-1.112169989535285730e-01
-1.108731436300967182e-01
-1.107393194339422182e-01
-1.103764811515020594e-01
-1.100265277375314654e-01
-1.096848224639276059e-01
-1.093551676220637509e-01
-1.094137292417775714e-01
-1.091043630906878142e-01
-1.088036195197652628e-01
-1.085946746011081515e-01
-1.083121310538754795e-01
-1.080358219857407986e-01
-1.110600120465900925e-01
-1.107287073884557771e-01
-1.110673177749518098e-01
-1.113357014435496090e-01
-1.109720260015434057e-01
-1.150759029170009412e-01
-1.162208400420753629e-01
-1.158062982304257360e-01
-1.153784866942227094e-01
-1.149391186246754432e-01
-1.144971047128926223e-01
-1.140431641047356948e-01
-1.135806893475119206e-01
-1.135236473131095991e-01
-1.130685831814872838e-01
-1.122675751911167552e+01
-1.129128566778318521e-01
-1.124664262902895645e-01
-1.121861792714522049e-01
-1.117546109527136483e-01
-1.116491965414741494e-01
-1.119064292790784426e-01
-1.138288755273064168e-01
-1.134349908577823446e-01
-1.132690562995099653e-01
-1.128941129965815998e-01
-1.126522330318363296e-01
-1.122894115280923810e-01
-1.119325931572045102e-01
-1.270922633019787718e+01
-1.117129344334171770e-01
-1.332885190691814881e-01
-1.137796713027002388e-01
-1.120517982301049986e-01
-1.117727921518453932e-01
-1.117119009674503310e-01
-1.115905036068386147e-01
-1.113921328343147887e-01
-1.111049912641382253e-01
-1.109515144143528864e-01
-1.107844664048939221e-01
-1.118474021682246550e-01
-1.236842469280975410e-01
-1.230359800340054682e-01
-1.221725478410832094e-01
-1.211452633956416614e-01
-1.199688571187871311e-01
-1.187041838489775458e-01
-1.174098658712940529e-01
-1.161171663455836250e-01
-1.148655489829576437e-01
-1.137398804830710708e-01
-1.126604705883307578e-01
-1.116899476729619617e-01
-1.108207196262526728e-01
-1.100663347636070821e-01
-2.048743658693063452e+01
-1.129580237608925758e-01
-1.124676378156466566e-01
-1.120394108274155309e-01
-1.116501134870876710e-01
-1.126574829475523176e-01
-1.123801786348401222e-01
-1.120714431308057896e-01
-1.117754165954459311e-01
-1.114883277598124195e-01
-1.112047576079218669e-01
-1.109914565251601398e-01
-9.294845923018197453e+00
-1.852734460258016191e-01
-1.463282403779532181e+01
-1.697572921404745805e-01
-1.349922259363877386e-01
-1.189744201641838861e-01
-1.139053557943250500e-01
-1.126953611865838673e-01
-1.122460831267622638e-01
-1.119025304168767138e-01
-1.118046101668397768e-01
-1.114697470535985918e-01
-1.136235800110184790e+01
-1.143408031266866798e-01
-1.141554520166561948e-01
-1.138737290592378021e-01
-3.016066261535220860e+01
-2.187904859448307759e-01
-1.767260354684656865e-01
-1.424539068632828254e-01
-1.224715553050859662e-01
-1.146932615715218623e-01
-1.400995074658723460e+01
-1.129270108300780839e-01
-1.125505398022740300e-01
-1.123373063658408139e-01
-1.200463151002152257e-01
-1.154983929498745315e-01
-1.337012320541269839e-01
-1.222707780073600259e-01
-1.187087038234889286e-01
-1.253033152384083748e-01
-1.190597329064558979e-01
-1.177139052888745291e-01
-1.173599078567104798e-01
-1.169995554598566578e-01
-1.166334114893644025e-01
-1.162677876636130786e-01
-1.159034587445619408e-01
-1.155313841962560539e-01
-1.426056050885003224e+01
-1.147823326978079511e-01
-1.144116717986020521e-01
-1.143200882359797221e-01
-1.140742766926195889e-01
-1.136921795359271542e-01
-1.133867779528758141e-01
-1.138219448288265156e-01
-1.135396257137759601e-01
-1.131620563474032282e-01
-1.127945537408401311e-01
-1.124200684679315526e-01
-1.120639974197014388e-01
-1.116988524062304255e-01
-1.115377352758501056e-01
-1.111818852402846336e-01
-1.111176289655800564e-01
-1.108098112466899265e-01
-1.104678246454255941e-01
-1.099810733778119748e-01
-1.098869925801869291e-01
-1.098477211939012377e-01
-1.109872201681581794e-01
-1.106693789474707118e-01
-1.136374948394172912e-01
-1.132400120052911852e-01
-1.128185839694597209e-01
-1.123830567172440092e-01
-1.120259231527345467e-01
-1.195167736921467672e+01
-1.206632455095178885e-01
-1.210657130246414054e-01
-1.169709024654521784e-01
-1.142268710342878996e-01
-1.120128167271145087e-01
-1.121848611169287691e-01
-1.109681687084745072e-01
-1.101276645787021835e-01
-1.107724911532521478e-01
-1.103308427498812527e-01
-1.099641981735856450e-01
-1.096421733756502426e-01
-1.093385886022220366e-01
-1.091588715620638722e-01
-1.088851648367502450e-01
-1.086248601340461528e-01
-1.085787564026038793e-01
-1.083337029110647692e-01
-1.081796351778471915e-01
-1.080879514764287730e-01
-1.087253773264522660e-01
-1.084983500300154280e-01
-1.082723666268666091e-01
-1.080522040924984661e-01
-1.083885121737147017e-01
-1.081703435872042318e-01
-9.490238609732365660e+00
-1.077665153492183558e-01
-1.075596162336082268e-01
-1.073562697524504256e-01
-1.076327396897838740e-01
-1.834266848098892178e-01
-1.106037938739699300e-01
-1.103765468217469126e-01
-1.101665303844943100e-01
-1.099657841200167574e-01
-1.313227298303129231e+01
-1.097302995039464713e-01
-1.095224364671411738e-01
-1.093096347462343826e-01
-1.093997540358783160e-01
-1.091820974890986284e-01
-1.090573235766164328e-01
-1.088386675649286872e-01
-1.086205407584297511e-01
-1.084045923524440125e-01
-1.085873244353115913e-01
-1.083638137272998625e-01
-1.081451510278854250e-01
-1.079211176858339977e-01
-1.076937092444016919e-01
-1.074766673915293763e-01
-1.072580477692023915e-01
-1.070394450008709669e-01
-1.069502492410684680e-01
-1.067314528813150531e-01
-1.065116874232844568e-01
-1.064525418741321811e-01
-1.064303646724979319e-01
-1.062145765532885033e-01
-1.059989008803349786e-01
-1.057858030115588072e-01
-1.055740422321108790e-01
-1.053605997468085448e-01
-1.053937073195808094e-01
-1.055063980664577450e+01
-1.061364452834325928e-01
-1.063188196615803272e-01
-1.062637036850671568e-01
-1.060659434652899274e-01
-1.058689642912916395e-01
-1.056791072963761263e-01
-1.054852263876511209e-01
-1.052025746983865501e-01
-3.341310706316040324e+01
-1.065274044329400371e-01
-1.071319804571386897e-01
-1.069909072743821521e-01
-1.068132713279058288e-01
-1.066415470724153824e-01
-1.064703168301938951e-01
-1.063587092172199738e-01
-1.065067098051121208e-01
-1.063434109388041310e-01
-1.061805427366843274e-01
-1.061363960264737616e-01
-1.059801388371752334e-01
-1.058218440815945210e-01
-3.223216070854331861e+01
-3.067454243637899314e-01
-1.193852848171096381e-01
-1.192240388195479894e-01
-2.047303914464263741e+00
-1.359013977654104643e-01
-1.388622091866066333e-01
-1.341774951689156670e-01
-1.396751499570093591e-01
-1.348334616484894721e-01
-1.382999326689231812e-01
-1.340688317994614132e-01
-1.302729563339729002e-01
-1.302572178072500531e-01
-1.275148195866358247e-01
-1.252223521841272225e-01
-1.232013722371113895e-01
-1.240153318789960629e-01
-1.222926312362233869e-01
-1.206791631278198024e-01
-1.191459390522669748e-01
-1.234133862529860626e-01
-1.218980268868409406e-01
-1.234002471729564315e-01
-1.215909472829462129e-01
-1.198627453161733164e-01
-1.183809019724574307e-01
-1.173530740385987370e-01
-1.159854824451291566e-01
-1.147600853181303254e-01
-1.136595421309666287e-01
-1.127425549035089986e-01
-1.118747089918449428e-01
-1.111140799727221434e-01
-1.104447380388161454e-01
-1.107129620108391610e-01
-1.101881547477336354e-01
-1.097157759489999773e-01
-1.092840704628872950e-01
-1.088962124258657654e-01
-1.087821109987056334e-01
-1.098440577343280794e-01
-1.096819023458177056e-01
-1.093900616685478527e-01
-1.091147891626457617e-01
-1.091999475922658114e-01
-1.090451733348746510e-01
-1.088000974421314826e-01
-1.085602419621115589e-01
-1.083249272347791003e-01
-1.131024827226485979e-01
-1.119861682718355650e-01
-1.108358133591275108e-01
-1.098027528164334521e-01
-1.089277229614827730e-01
-9.205163494894799570e+00
-1.126429272079029209e-01
-1.121776875330532802e-01
-1.121707082356843688e-01
-1.118480480174851299e-01
-1.115647743225521710e-01
-1.116282595454167609e-01
-1.113756181968980769e-01
-1.112448685985559932e-01
-1.112811385911070677e-01
-1.115157209928640258e-01
-1.112708120713126747e-01
-1.110193243775707411e-01
-1.031805400595987976e+01
-1.107163456075969388e-01
-1.126042549398157816e-01
-1.127695884811265314e-01
-1.125040764500954416e-01
-1.122460733455667714e-01
-1.119816025168865470e-01
-1.117175703426357691e-01
-1.119466022724261295e-01
-1.138914830317558913e-01
-1.136242601828391929e-01
-1.139058579186136150e-01
-1.138435872772497470e-01
-1.137837322678737911e-01
-1.135069022024706858e-01
-1.132352253623923749e-01
-9.752830802831066848e+00
-1.141093989585480750e-01
-1.151600778262689834e-01
-1.148871685157924205e-01
-1.146088034435090441e-01
-1.145939643331404800e-01
-1.148999775046121025e-01
-1.146335216455213468e-01
-1.144095197158041255e-01
-9.953687231723897355e+00
-1.168978427260590480e-01
-1.177384670722743804e-01
-1.174672555131805601e-01
-1.171973727125711351e-01
-1.169279295171192501e-01
-1.166439677316924300e-01
-1.164755847351041929e-01
-1.164776980949586843e-01
-1.163128420799535018e-01
-1.160377422635848893e-01
-1.157570496238025243e-01
-1.156385275216722380e-01
-1.153625744857307844e-01
-1.154921758014729322e-01
-1.163347138077988202e-01
-1.174720003896632115e-01
-1.171874050777459708e-01
-1.176537143833506771e-01
-1.173661517584099062e-01
-1.170691393149402293e-01
-1.176649504679288527e-01
-1.173710523352733959e-01
-1.171860910971059128e-01
-1.174722258404674036e-01
-1.174639411396105060e-01
-1.171937704271950320e-01
-1.168944315515341031e-01
-1.166409595638810553e-01
-1.163416147961256891e-01
-8.654339504847314402e+00
-1.174642231730406300e-01
-1.171586010924854648e-01
-1.178830941503477697e-01
-1.176156080454513336e-01
-1.173132453981169387e-01
-1.170049817347206811e-01
-1.460892132310678548e-01
-1.171731330195743132e-01
-1.196886812064096584e-01
-1.193432311119220351e-01
-1.189793737216221226e-01
-1.186065141810127843e-01
-1.182243060018933201e-01
-1.178251762870008851e-01
-1.174114563243865705e-01
-1.171289151424061148e-01
-1.209484747927639958e+01
-1.170716762518213133e-01
-1.170570798687964598e-01
-1.166356638862279527e-01
-1.162187218391449034e-01
-1.157979568083130489e-01
-1.154528231761104556e-01
-1.147562167565929631e-01
-1.143601704655033829e-01
-1.143918054162125220e-01
-1.140083440294712147e-01
-1.136363766139283776e-01
-1.132812188867765857e-01
-1.132988804849706932e-01
-1.130622117623999723e-01
-1.127358646276658827e-01
-1.125254876884508176e-01
-1.124569197680972965e-01
-1.121625450407534447e-01
-1.120784011709029943e-01
-1.117939246041741996e-01
-1.118854169905420942e-01
-1.118081900312648813e-01
-1.117468893794465318e-01
-1.142802089535123050e-01
-1.140006289965647956e-01
-1.137828621982475141e-01
-1.134800800702142481e-01
-1.131741737179528806e-01
-1.128678406409432955e-01
-1.125444329152262141e-01
-1.125528800414500180e-01
-1.122278727780041813e-01
-1.120280335962577090e-01
-1.116983222900956169e-01
-1.113640794214212082e-01
-1.118211948016499535e-01
-1.114946014679641106e-01
-1.103629875286839379e+01
-1.108992916212693386e-01
-1.110849475954514692e-01
-1.316081455119410215e+01
-1.136831896076263004e-01
-1.133666943302657909e-01
-1.130398693153304990e-01
-1.127200111207000838e-01
-1.124027106245723551e-01
-1.120816953971523477e-01
-1.117706521617075066e-01
-1.120519942167365474e-01
-1.117322049819525903e-01
-1.114292216745506187e-01
-1.111167747018545482e-01
-1.108143062441892812e-01
-1.105532460822880036e-01
-1.142575811009116649e-01
-1.139178226734298971e-01
-1.135504337199172570e-01
-1.131423395232483975e-01
-1.127102034241348333e-01
-1.122534568204390099e-01
-1.421238512401246545e+01
-1.115767472517866510e-01
-1.113298069962617570e-01
-1.108391129664938052e-01
-1.103485290443039224e-01
-1.098655306276440924e-01
-1.094018840600064213e-01
-1.089523677629379295e-01
-1.090419374519661505e-01
-1.086358853577925887e-01
-1.105017983946245536e-01
-1.105948542155442277e-01
-2.831069917904966360e+01
-1.108064406757056086e-01
-1.105677066544410031e-01
-1.102638428318065411e-01
-1.099640459901270184e-01
-1.096765742489665407e-01
-1.112291090291767648e-01
-1.109357495762699208e-01
-1.107945660267775079e-01
-1.105075774231062125e-01
-1.102199058420571531e-01
-1.099395057173670059e-01
-1.097480521287548527e-01
-1.099321083641194574e-01
-1.213841273384958441e+01
-1.100523437023418066e-01
-1.097781469131829113e-01
-1.144315247166106803e-01
-1.141440274203400634e-01
-1.138517406634922541e-01
-1.137468826072404737e-01
-1.134240642476840588e-01
-1.130969338556128689e-01
-1.127734451040003916e-01
-1.378818411263711496e+01
-1.130695135109051064e-01
-1.127275297552845501e-01
-1.124576238743740242e-01
-1.121030809867027550e-01
-1.117517872028234299e-01
-1.116604773073325424e-01
-1.113070529644738099e-01
-1.109515918585114447e-01
-1.106006593500493823e-01
-1.103420973931330262e-01
-1.099925590233537670e-01
-1.096475681294096782e-01
-1.093150818273678215e-01
-1.089828405687982837e-01
-1.086592882134735094e-01
-1.083349245805395461e-01
-1.080204143228879754e-01
-1.077205622189008616e-01
-1.074201766261778518e-01
-1.071253170426099688e-01
-1.068412536719969552e-01
-1.065706126662212122e-01
-1.067759666833658361e-01
-1.067156863052567961e-01
-1.066491910464512499e-01
-1.071634279206668400e-01
-1.069272709565083079e-01
-1.066963459607869757e-01
-1.078114350414493550e-01
-1.083832071400412239e-01
-1.082858914087676261e-01
-1.083956582047942846e-01
-1.082046586964378887e-01
-1.080060707218926108e-01
-1.079766979072171035e-01
-1.079839552563788274e-01
-1.078019866945988808e-01
-1.076310623152014617e-01
-1.076260033888900708e-01
-1.074645578094328702e-01
-1.072999564279396439e-01
-1.080643261473852590e-01
-1.079081432108402044e-01
-1.077494420256953633e-01
-1.075968020343245068e-01
-1.074471705524408793e-01
-1.072954452816191062e-01
-1.078218361080491156e-01
-1.044500392385501897e+01
-1.119966208585806283e-01
-1.119607907383167039e-01
-1.117979995282885469e-01
-1.116536202267883887e-01
-1.114752538265528226e-01
-1.112934115792306722e-01
-1.111066355063027866e-01
-1.111172549691055722e-01
-1.109973015746906211e-01
-1.109354858382194664e-01
-1.107278261551057352e-01
-1.106628983910544900e-01
-1.104429306287545570e-01
-1.102263992304183260e-01
-1.102111341721791760e-01
-1.355393147088596884e+01
-1.109172618874707250e-01
-1.106764353699854903e-01
-1.104375980002996055e-01
-1.102666143210496302e-01
-1.100203824649051004e-01
-1.097786880162645584e-01
-1.095335811687416366e-01
-1.097453691090212458e-01
-1.101141137507194862e-01
-1.098678845423388534e-01
-1.096172159251393441e-01
-1.093768401508361660e-01
-1.091294006824597429e-01
-1.088835717757496158e-01
-1.097577887474206898e-01
-1.096801338906205209e-01
-1.094318166063216607e-01
-1.020623945927045995e+01
-1.089846147968020346e-01
-1.087386551007300944e-01
-1.558122203905115688e-01
-1.286704766920927501e-01
-1.146225749582995557e-01
-1.111380593081419815e-01
-1.104970659417628814e-01
-1.102034317325383955e-01
-1.099173484772519860e-01
-1.096396928731395437e-01
-1.093568067374508374e-01
-1.090736386012123998e-01
-1.087870785856324546e-01
-1.084972458436567477e-01
-1.082115339373555946e-01
-1.079221023596896728e-01
-1.077231027912991662e-01
-1.074401980540682505e-01
-1.071572397676493066e-01
-1.070675990301284963e-01
-1.067935426446640912e-01
-1.065195787996832122e-01
-1.065195787996832122e-01
-1.062586595332082051e-01
-1.183211211110190497e+01
-1.632589974296751456e-01
-1.135854742380085908e-01
-1.279492223752892455e-01
-1.236382822584565916e-01
-1.190460107173986481e-01
-1.153667025758245146e-01
-1.294671395400750846e+01
-1.122751896596100724e-01
-1.130282030735392240e-01
-1.126448244326094666e-01
-1.123185159868805433e-01
-1.119909749208673616e-01
-1.116746573769922535e-01
-1.127398153670760711e-01
-1.124174050934908381e-01
-1.120902274279907962e-01
-1.117699574205629071e-01
-1.115150251066196196e-01
-1.113576254007795779e-01
-1.110392682407672083e-01
-1.114545374844541636e-01
-1.142610632921811920e-01
-1.152469969986206488e-01
-1.152340723506656006e-01
-1.149224932411270217e-01
-1.147583396153007557e-01
-1.144477084803766781e-01
-1.160725865294395120e+01
-1.139506127806737962e-01
-1.136416571212334886e-01
-1.180778148511454440e+01
-1.136209001594146312e-01
-1.133176635868185095e-01
-1.130142737959547866e-01
-1.127065367058133344e-01
-1.128547822237311593e-01
-1.125496551418500718e-01
-1.123648850971710189e-01
-1.122244338564789695e-01
-1.119276096672357501e-01
-1.117530286738390860e-01
-9.755625455504747023e+00
-1.120440697479643116e-01
-1.117452010697373155e-01
-1.114614515138135920e-01
-1.111735375444631441e-01
-1.108863598550517832e-01
-1.110544307744387033e-01
-1.277903860155089788e+01
-1.108580097120758223e-01
-1.105825195527923160e-01
-1.106341693440867358e-01
-1.103686446336272914e-01
-1.100924144410292127e-01
-1.111498762711074367e-01
-1.109154852612700276e-01
-1.106489591503050651e-01
-1.103809625524851262e-01
-1.103178830547075079e-01
-1.100538739091427715e-01
-1.100861758618097430e-01
-1.098243561248055389e-01
-1.095628287906274256e-01
-1.093076980283341770e-01
-1.090521980701523869e-01
-1.089475411068214772e-01
-1.088828339587620125e-01
-1.086291186194927455e-01
-1.083821093685139736e-01
-1.081376883739786632e-01
-1.110692346459948993e-01
-1.107754694741408114e-01
-1.104743036286694319e-01
-1.101677185892031979e-01
-1.098552404256490228e-01
-1.095339379907555311e-01
-1.092138569036559953e-01
-1.088868514997074904e-01
-1.089159082756140096e-01
-1.086455605428412186e-01
-1.082629042282625548e-01
-1.080090657162913470e-01
-1.076871719726700261e-01
-1.073691154975327383e-01
-1.076364076972282507e-01
-1.080388575141503632e-01
-1.077317813017867471e-01
-1.074310724025132474e-01
-1.071314932353218952e-01
-1.071150711939710953e-01
-1.073921832338434190e-01
-1.084079383800272467e+01
-1.069795602482763175e-01
-1.079464221787212186e-01
-1.079386539952013890e-01
-1.076874490506551652e-01
-1.074418568579607880e-01
-1.072072322027976393e-01
-1.069793911487857685e-01
-1.068981024793136531e-01
-1.066767437098852106e-01
-1.064715986686017440e-01
-1.062636741338244262e-01
-1.060697328468680617e-01
-1.273659568486385751e+01
-1.183606963456669803e+01
-1.067082923626895136e-01
-1.065351610433823981e-01
-1.063612427257087656e-01
-1.061974449635398610e-01
-1.060284259307795601e-01
-1.058666770294695025e-01
-1.057122968044088424e-01
-1.055560333429576281e-01
-1.054501219904718234e-01
-1.052991571044027130e-01
-1.050992308258024421e-01
-1.756628564963695283e+01
-1.049939632098078335e-01
-1.048564478740706962e-01
-1.058359998256095114e-01
-1.057030007575637948e-01
-1.059825220933218320e-01
-1.058944203722049504e-01
-1.057640730368385601e-01
-1.056349466724728070e-01
-1.059002401043579733e-01
-1.057716597658768520e-01
-1.056488190591277354e-01
-1.059361472019082345e-01
-1.058090313374309421e-01
-1.056849893294693754e-01
-1.055650762030167639e-01
-1.054359748485428488e-01
-1.053174225217573534e-01
-1.056156383284264227e-01
-1.059397907782785586e-01
-1.058194644658273648e-01
-1.060773781896922341e-01
-1.060484009135968242e-01
-1.059314345095463544e-01
-1.058077347885224562e-01
-1.056933330991005476e-01
-1.061135186690219945e-01
-1.067894975570913979e-01
-1.066707815207890570e-01
-1.065548735959490206e-01
-1.064381221926403165e-01
-1.063224015488934415e-01
-1.252058184596283041e+01
-1.165791319684309002e+01
-1.075789327775373838e-01
-9.330841286479014229e+00
-1.087794667844797225e-01
-1.086671842736686433e-01
-1.085477323463896054e-01
-1.753202691628993337e-01
-1.105814580042160655e-01
-1.095403646260350305e-01
-1.100102908100740878e-01
-1.098872306941408583e-01
-1.097634115681130479e-01
-1.098819719911414694e-01
-1.097534315062008436e-01
-1.096261472570515955e-01
-1.094998277086747102e-01
-1.093654492741718415e-01
-1.092332128613584946e-01
-1.091055695067579545e-01
-1.092739852931423755e-01
-1.091417738611316773e-01
-1.090042674421076996e-01
-1.088702711392671857e-01
-1.099516078899819421e-01
-1.098161962400050762e-01
-1.096817190811858328e-01
-1.095423657035301257e-01
-1.097494213474207309e-01
-1.096447801458290405e-01
-1.095044174361255035e-01
-1.093666100979919370e-01
-1.092253320189300464e-01
-1.094029524768692918e-01
-1.107362794075784224e-01
-1.105897427337640404e-01
-1.104429533835443178e-01
-1.102959607233109651e-01
-1.101463594282122149e-01
-1.099896974907253744e-01
-1.098381065938764528e-01
-1.096818937939502275e-01
-1.096310687530204220e-01
-1.094754624837053630e-01
-1.093169614231489922e-01
-1.093718106285557351e-01
-1.092100558295805018e-01
-1.090834022607312936e-01
-1.096444740358217124e-01
-1.094756440518570018e-01
-1.093102491141643429e-01
-1.091426650017197908e-01
-1.089716166960438548e-01
-1.089441362075209280e-01
-1.087714084965864525e-01
