1.518554897696222028e+01
1.220852826904002875e+01
9.815624432504433727e+00
7.892025888071353634e+00
6.345558906845583103e+00
5.102197880981372613e+00
4.102475662527361955e+00
3.298609004580112636e+00
2.652196577960158841e+00
2.132371895384693961e+00
1.714322517129142964e+00
1.378100308109544425e+00
1.107666714392558927e+00
8.901255123503020172e-01
7.151063512571882441e-01
5.742695837934900238e-01
4.609080059221862813e-01
3.696269408387657940e-01
2.960871242194419439e-01
2.367980198151221349e-01
1.889519142130783314e-01
1.502908533266825442e-01
1.190001250025660567e-01
9.362343788226575036e-02
7.299582421280086109e-02
5.619128939437744580e-02
4.248258594736786103e-02
3.131079356595442564e-02
2.226158908151366911e-02
1.504363936187404216e-02
9.461969318485689839e-03
5.377543871117692123e-03
2.648486351003757119e-03
1.065534950427355883e-03
3.221476467484867467e-04
6.505351118388588575e-05
7.428634298500029828e-06
3.791705747374600150e-07
6.205519163735612861e-09
2.036822831577331784e-11
3.170899930108873381e-14
