1.353392935777987418e+02
1.087486577479020582e+02
8.738238725307311938e+01
7.021403077678446891e+01
5.641880787309099077e+01
4.533398590859730604e+01
3.642704190034944389e+01
2.927007972088477672e+01
2.351927365418607252e+01
1.889835075597029146e+01
1.518531849864698913e+01
1.220180008737281163e+01
9.804465107890120379e+00
7.878143828247414326e+00
6.330294360331710557e+00
5.086556879651214835e+00
4.087181324782479308e+00
3.284156960572206518e+00
2.638905907177407251e+00
2.120429830406802107e+00
1.703820758993664919e+00
1.369064487373478745e+00
1.100079078561242873e+00
8.839422760938092649e-01
7.102707093455818965e-01
5.707210687824855189e-01
4.585892872484569893e-01
3.684884716586059872e-01
2.960901127019172074e-01
2.379161400768747547e-01
1.911718334413493037e-01
1.536115619962644951e-01
1.234309027337345266e-01
9.917995463149670288e-02
7.969368434359178077e-02
6.403595714328967625e-02
5.145456432379221651e-02
4.134508653985139587e-02
3.322185705879067419e-02
2.669462997425895226e-02
2.144983250639590291e-02
1.723550073539481184e-02
1.384917506983925593e-02
1.112817393933761799e-02
8.941778452482713677e-03
7.184952565365929078e-03
5.773297072936011548e-03
4.638995009241740977e-03
3.727553670614911895e-03
2.995186746187605137e-03
1.224952048668669774e-02
