1.607255462185109840e-01
1.607202316672170228e-01
1.607278116517990019e-01
1.607224372803080226e-01
1.607167122754079858e-01
1.607112095170599997e-01
1.607058207238659941e-01
1.607003349359939492e-01
1.607115598603809647e-01
1.607062258165030122e-01
1.607008444691069293e-01
1.606952478033719933e-01
1.606897199530349929e-01
1.606843667560229894e-01
1.606821349402240140e-01
1.606767332573030005e-01
1.628599308635209908e-01
1.628544093171580553e-01
1.628488587855100034e-01
1.628479952145879817e-01
1.628425783442170038e-01
1.629438181847670253e-01
1.629385404964880379e-01
1.629329960099970276e-01
1.629275315982539607e-01
1.629217338937689885e-01
1.629163602228200225e-01
1.629105410240810070e-01
1.629047864952160030e-01
1.628992501740269827e-01
1.628940868017899890e-01
1.628885888971619844e-01
1.628829343637820393e-01
1.628775657924950160e-01
1.628720622261549955e-01
1.628665016553060008e-01
1.628609594114519832e-01
1.628552960911089642e-01
1.628499559235609129e-01
1.628444382235250676e-01
1.628388992388740131e-01
1.628334206050359723e-01
1.628278952038679506e-01
1.628227187217080041e-01
1.628171403969510267e-01
1.628114478446920088e-01
1.628059640070109726e-01
1.628006022852850065e-01
1.627949487307250032e-01
1.627892853967830566e-01
1.627838907927219858e-01
1.627783336957180083e-01
1.627728740344750180e-01
1.627672531651110366e-01
1.627617775077480067e-01
1.627562092100220403e-01
1.627508003727919927e-01
1.627449886900259879e-01
1.627393942945789540e-01
1.627341167168980252e-01
1.627286786349269876e-01
1.627229917925489544e-01
1.627174648573460336e-01
1.627118674898589690e-01
1.627225754808159508e-01
1.627009848155639982e-01
1.626959538450539755e-01
1.626904051941059637e-01
1.626848016860779900e-01
1.626778183104559961e-01
1.626723638116280291e-01
1.626669563989949774e-01
1.626615701703380268e-01
1.626560297256340049e-01
1.626505422474400497e-01
1.626448431954449492e-01
1.626394012238870090e-01
1.626336775585619787e-01
1.626281133147710056e-01
1.626228136403970181e-01
1.626174842394900177e-01
1.626116180950419876e-01
1.626059778793649546e-01
1.626056416936939308e-01
1.626003244159379690e-01
1.625948616458639806e-01
1.625892453078469635e-01
1.625839690906939750e-01
1.625784164236570295e-01
1.625730837079600033e-01
1.625675862013950534e-01
1.625620782768029959e-01
1.625563980941609477e-01
1.625509072525859744e-01
1.625455170170850006e-01
1.625401772754059837e-01
1.625346169132179941e-01
1.625289295712349646e-01
1.625236394877130341e-01
1.625180992077309983e-01
1.625129078850530151e-01
1.625073350675339534e-01
1.625015952963810018e-01
1.624959360839159928e-01
1.624900806028079792e-01
1.624891423286439762e-01
1.624835173167680225e-01
1.624780026728639692e-01
1.624726833084489674e-01
1.624672202198449988e-01
1.624616962576229673e-01
1.624566069518619538e-01
1.624510268683389547e-01
1.624453869225699898e-01
1.624399195118820527e-01
1.624343136710850177e-01
1.624377880159869336e-01
1.624325277433659731e-01
1.624271793332439651e-01
1.624214254408140046e-01
1.624156173837589534e-01
1.624101618120329937e-01
1.624051004606990312e-01
1.623994201522039882e-01
1.623939536419770346e-01
1.623884911948100529e-01
1.623830225638309976e-01
1.623773315785189963e-01
1.623720024701390541e-01
1.623666281180020099e-01
1.623610606642950094e-01
1.623558259717670094e-01
1.623500880233679500e-01
1.623446742814319832e-01
1.623391443809010237e-01
1.623334141150510057e-01
1.624113411385230132e-01
1.624057459400710390e-01
1.624001579980289822e-01
1.623948300457789817e-01
1.623891574372020030e-01
1.623839101796359929e-01
1.623783245484139992e-01
1.623729005546119264e-01
1.623674098431909796e-01
1.623618540570459789e-01
1.623571276552569775e-01
1.623514612123150014e-01
1.624429564161589679e-01
1.624375749128079693e-01
1.624319711254470222e-01
1.624680710915550330e-01
1.624768454977570387e-01
1.624712049424779925e-01
1.624819612694350379e-01
1.624766747068080441e-01
1.624711683851549904e-01
1.624656981086289587e-01
1.624603527767509437e-01
1.624547707930549534e-01
1.624493852391269977e-01
1.624347461127459979e-01
1.624848091953450535e-01
1.624793605876880542e-01
1.624734875848440063e-01
1.625072220865909911e-01
1.625018804288279606e-01
1.624965773693040350e-01
1.624909604841150157e-01
1.624854203257199703e-01
1.624801721854570169e-01
1.624747629700120100e-01
1.624693220067930099e-01
1.624637535202590188e-01
1.624582912234160403e-01
1.624759920062250063e-01
1.624703669693720043e-01
1.624650445536489629e-01
1.624592580100330252e-01
1.624537342098300030e-01
1.624483757903049386e-01
1.624429929589399635e-01
1.624373706962899955e-01
1.624320048616270107e-01
1.624265287522660417e-01
1.624210235894919807e-01
1.624160804612820308e-01
1.624105170756699745e-01
1.624049328030979511e-01
1.623993036740940255e-01
1.623940881634780009e-01
1.623886850081370237e-01
1.623834280187350099e-01
1.623779804894300294e-01
1.623725834534360535e-01
1.623671275534320224e-01
1.623512355980220312e-01
1.623457920947949662e-01
1.623400314245369846e-01
1.623432032929610358e-01
1.623379053970409880e-01
1.623326120920170201e-01
1.623267551289779842e-01
1.623215514311580066e-01
1.623162575247210082e-01
1.623105612943019915e-01
1.623052041749180052e-01
1.622996612268030048e-01
1.622944498709520122e-01
1.622889793568779992e-01
1.622834191200970000e-01
1.622781788033690054e-01
1.622727302005849970e-01
1.622670667122819987e-01
1.622615328491760212e-01
1.622560290895750101e-01
1.622506638325909578e-01
1.622449311106889946e-01
1.622397540619859579e-01
1.622343824238480503e-01
1.622287108693750146e-01
1.622233109117889593e-01
1.621892753722120051e-01
1.621836894536809737e-01
1.621783294471029757e-01
1.621728385492970104e-01
1.621673437015979380e-01
1.621716932552969836e-01
1.621663405364859589e-01
1.621609636321299786e-01
1.621776046650759973e-01
1.621720931105080366e-01
1.621665477705769853e-01
1.621610682698430006e-01
1.621557444531389613e-01
1.621505059361459389e-01
1.624288965534630425e-01
1.624232283200019999e-01
1.624177062647280123e-01
1.624124189287640407e-01
1.624069692167469381e-01
1.625296313297460160e-01
1.625240847568510949e-01
1.625186042597119573e-01
1.625132164000960000e-01
1.625074486528490514e-01
1.625019076445010646e-01
1.624967538617100027e-01
1.624910291489539693e-01
1.624856358016459612e-01
1.624803103529849635e-01
1.624747551464589546e-01
1.624691327616989978e-01
1.624636174519179799e-01
1.624582597550460195e-01
1.624530512617719524e-01
1.624476738074659976e-01
1.624423176182809847e-01
1.624368785460599540e-01
1.624313039915579460e-01
1.624258572089480046e-01
1.624204349793819668e-01
1.624151253271050033e-01
1.624095014565240247e-01
1.624037201557270160e-01
1.623983667432449818e-01
1.623928525065389816e-01
1.623873912567919964e-01
1.623821325016200079e-01
1.623768214043589952e-01
1.623713265620429780e-01
1.623655606142880015e-01
1.623601706975749681e-01
1.623569554267609572e-01
1.623513325780180094e-01
1.623461062284820566e-01
1.623405342120590733e-01
1.623349516978169760e-01
1.623298877626020154e-01
1.623243698630980059e-01
1.623188028166559493e-01
1.623133706794959163e-01
1.623081701893320516e-01
1.623026208269049697e-01
1.622974365817340392e-01
1.622916780666440184e-01
1.622861077231499971e-01
1.622809071152499782e-01
1.622754137583259926e-01
1.622697815915460084e-01
1.622644023673760205e-01
1.622591185665219760e-01
1.622535054965409951e-01
1.622481232229749937e-01
1.622425810107370192e-01
1.622366986042820258e-01
1.622313676034299879e-01
1.622539184465749684e-01
1.622485996550660226e-01
1.622430514126590173e-01
1.622574816879770176e-01
1.622519158104799852e-01
1.622465760139540081e-01
1.622413226001439834e-01
1.622337019382629753e-01
1.622282667435190062e-01
1.622227390226710364e-01
1.622545875378000324e-01
1.622491021350999929e-01
1.622433260030060331e-01
1.622378961108600359e-01
1.622325249032130212e-01
1.622273539253239749e-01
1.622217196747869905e-01
1.622162211525729758e-01
1.622111127161730559e-01
1.622052764728230123e-01
1.621997748320899713e-01
1.621944344660069537e-01
1.621889542683579988e-01
1.621837235679090272e-01
1.621783959252789953e-01
1.621728851774810187e-01
1.621672782598979623e-01
1.621619026204580150e-01
1.621565325710050409e-01
1.621512508472219838e-01
1.621457154905599773e-01
1.621478569047679896e-01
1.621637804589420029e-01
1.621583168561120114e-01
1.621595326881170029e-01
1.621541223600959647e-01
1.621488769752820192e-01
1.621432680672889870e-01
1.621377103828600674e-01
1.621321392993440302e-01
1.621268192014639342e-01
1.621211062952529758e-01
1.621156900979750515e-01
1.621105729765900116e-01
1.621050131416530149e-01
1.620988790495400123e-01
1.620936352559149696e-01
1.620896245114440415e-01
1.620842992055200049e-01
1.620789426987779835e-01
1.620732954942930293e-01
1.620679013029710236e-01
1.620720172946069626e-01
1.620668372572709737e-01
1.620612199893290140e-01
1.620560345709310124e-01
1.620505569434149973e-01
1.620450777887769700e-01
1.620395295772289468e-01
1.620342557141960238e-01
1.620289409041310025e-01
1.620232428380050105e-01
1.620179030149359878e-01
1.620125394491540027e-01
1.620071014579209934e-01
1.620014749556168976e-01
1.619959703820399721e-01
1.619907326022640148e-01
1.619850383124739890e-01
1.619763201624590532e-01
1.619709399229170010e-01
1.619654896848959913e-01
1.619602187105670388e-01
1.619548428889870384e-01
1.619757553516530113e-01
1.619703981246090052e-01
1.619652037134439726e-01
1.619597952014239783e-01
1.619543009357980179e-01
1.620269539664850322e-01
1.620215578471019824e-01
1.620163623786950169e-01
1.620108868293619886e-01
1.620056139982329890e-01
1.620001457856449500e-01
1.619945948864730256e-01
1.619892550336739789e-01
1.619838855830210145e-01
1.619782852720629829e-01
1.619727756794000217e-01
1.619675903804340122e-01
1.619624935921959719e-01
1.619569123595100413e-01
1.619512789373970252e-01
1.619456231084010212e-01
1.619402284580180040e-01
1.619343139712180191e-01
1.619292115137349608e-01
1.619238468060960057e-01
1.619183507878430017e-01
1.619130525374180285e-01
1.619075216222519986e-01
1.619021944411599689e-01
1.618969542434529896e-01
1.618914480075240026e-01
1.618859454825080091e-01
1.618807612791089701e-01
1.619303202410180276e-01
1.619250450228220117e-01
1.619196095536599989e-01
1.619144040829269826e-01
1.619090635896840158e-01
1.619037008283709667e-01
1.618983421400779776e-01
1.618927772862939762e-01
1.618872239486110198e-01
1.618597077663040118e-01
1.618540901630749762e-01
1.618485358106749872e-01
1.618430908391059742e-01
1.618378076708619773e-01
1.618320464244340229e-01
1.618266434289170053e-01
1.618213389379749567e-01
1.618159676320859997e-01
1.618104775752980118e-01
1.618051389056370248e-01
1.617999233425130579e-01
1.617945681997980112e-01
1.617892650413479960e-01
1.617838480219399855e-01
1.617784440523660494e-01
1.617730543710130253e-01
1.617677042758520201e-01
1.617623195835289629e-01
1.617567941935300346e-01
1.617513926181899653e-01
1.617460380727469837e-01
1.617407587240199951e-01
1.617355659145489621e-01
1.617301686657010296e-01
1.617244249607069917e-01
1.617292144541919718e-01
1.617236559694220088e-01
1.617183942764450211e-01
1.617125996650739805e-01
1.617188284312810198e-01
1.617134945270690127e-01
1.617082158588570018e-01
1.617128224600510311e-01
1.617075180879119778e-01
1.616626550177770183e-01
1.614692858950900478e-01
1.614893985583570057e-01
1.614838178498639587e-01
1.614883767657029900e-01
1.614828816432319625e-01
1.614775742505710210e-01
1.614719497950780069e-01
1.614663908535239611e-01
1.614611696395580331e-01
1.614558630939630091e-01
1.614556926982770035e-01
1.614502125181019876e-01
1.614449196490749805e-01
1.614362114907389734e-01
1.614311982496740017e-01
1.614258207492960395e-01
1.614202459489469943e-01
1.614147903837939990e-01
1.614094880144879840e-01
1.614038481307670247e-01
1.614449965404000098e-01
1.614403361933750003e-01
1.614349129562419605e-01
1.614665212971589658e-01
1.614613214161689791e-01
1.614559305171460457e-01
1.614505677322429777e-01
1.614448003628329575e-01
1.614394978141469872e-01
1.614339543130000054e-01
1.614285062316090369e-01
1.614608605223100679e-01
1.614551778233979940e-01
1.614498042110219800e-01
1.614445983677750551e-01
1.614393079722819813e-01
1.614338223700330088e-01
1.614287119047179697e-01
1.614232050391620210e-01
1.614177569939889978e-01
1.614122358568909621e-01
1.614083655512359994e-01
1.614032952797489762e-01
1.613977168008990104e-01
1.613923435230310011e-01
1.613998945031820398e-01
1.614731808700249627e-01
1.614679156192310727e-01
1.614624753255419765e-01
1.614572324176620222e-01
1.614518669685139907e-01
1.614463843876099980e-01
1.614412135249260472e-01
1.614358697663429709e-01
1.614305880172799690e-01
1.614251157343370713e-01
1.614197381735050230e-01
1.614140505260520109e-01
1.614084604075899931e-01
1.614031899740839548e-01
1.613979057075960455e-01
1.613927100360779687e-01
1.613874124878310057e-01
1.613819732949870467e-01
1.613766915360989873e-01
1.613711026840029816e-01
1.613737896581800002e-01
1.613683339754189427e-01
1.613630005531330180e-01
1.613577181186219567e-01
1.613521785014370435e-01
1.613469454258200098e-01
1.613415286267590176e-01
1.613361367113859413e-01
1.613304428129939960e-01
1.613250643110849813e-01
1.613197749660089941e-01
1.614670975749509796e-01
1.614618479074180213e-01
1.614561745947169780e-01
1.614855732676320210e-01
1.615052523429989784e-01
1.614760604483550244e-01
1.614669849513200306e-01
1.614944784159640379e-01
1.615146275020319655e-01
1.615091310979699657e-01
1.615038965042119579e-01
1.614985542477909708e-01
1.614934112738949656e-01
1.614878518940600083e-01
1.614823455906090333e-01
1.614772069658579889e-01
1.614718171358389964e-01
1.614667722635449998e-01
1.614614273357399821e-01
1.615566516876510428e-01
1.615512249151520585e-01
1.615459268385169844e-01
1.615404708988179283e-01
1.615350698749990210e-01
1.615296405856660178e-01
1.615242188730839912e-01
1.615189450498810131e-01
1.615135927831450047e-01
1.615079530223990090e-01
1.615026005030549827e-01
1.614971742419140099e-01
1.614917907325399971e-01
1.614862745927629906e-01
1.614701508711769984e-01
1.614648388658269929e-01
1.614593765788129576e-01
1.614538258283030048e-01
1.614484707564579902e-01
1.614432597749180243e-01
1.614380793903880396e-01
1.614552466220689764e-01
1.614499141160060103e-01
1.614447674638729846e-01
1.614396186243489961e-01
1.614341753705250126e-01
1.614286737789669690e-01
1.614231381415800470e-01
1.614175579295370200e-01
1.614122085501250026e-01
1.614070049976050192e-01
1.614015811772190612e-01
1.613962902402980293e-01
1.613905400498740206e-01
1.613850988070940073e-01
1.613799816961009603e-01
1.613742568037829228e-01
1.613689368573580085e-01
1.613636755054199956e-01
1.613583785761289746e-01
1.613529015708099756e-01
1.613473179198340601e-01
1.613419845996290347e-01
1.613365295573419844e-01
1.613314009256370252e-01
1.613262602967059645e-01
1.613211161948639727e-01
1.613157802691350118e-01
1.613103928018620181e-01
1.613053439411439582e-01
1.612997469059080369e-01
1.612943732476739556e-01
1.612889902159879985e-01
1.612838061406670631e-01
1.612783730318829711e-01
1.612728155782910122e-01
1.612672869538779863e-01
1.612622280220559756e-01
1.612598474146689775e-01
1.612544202365120138e-01
1.612490971827910402e-01
1.612434691625939942e-01
1.612409517075439613e-01
1.612354054652360147e-01
1.612300448100349726e-01
1.612559742938249330e-01
1.612503721029510118e-01
1.612452492011489935e-01
1.612400498081389688e-01
1.612345953467359538e-01
1.612294232452259612e-01
1.612240439015219795e-01
1.612187652700649843e-01
1.612133739226039586e-01
1.612111414192480274e-01
1.612059683561180012e-01
1.612007278317710290e-01
1.611952789938860264e-01
1.611899449657920314e-01
1.611847029144059529e-01
1.611795387635789611e-01
1.611740188219779879e-01
1.611686698393269834e-01
1.611630434932980194e-01
1.611573672038690563e-01
1.611518290079239912e-01
1.611464682756249822e-01
1.611412446400569687e-01
1.611361016047210271e-01
1.611308324661940294e-01
1.611254039571640428e-01
1.611199487204379999e-01
1.611146716229009956e-01
1.611093765349579932e-01
1.611038879984160455e-01
1.610986893796109432e-01
1.610365889342670054e-01
1.610880323121279822e-01
1.611320354522229881e-01
1.611266170937210029e-01
1.611214130942429934e-01
1.611161927366830393e-01
1.611107975385559499e-01
1.611054797969979913e-01
1.611002079207700388e-01
1.610946792413109896e-01
1.610892685263510260e-01
1.610839180578570173e-01
1.610785114821489672e-01
1.610729961159690082e-01
1.610677078139129415e-01
1.610621474676019738e-01
1.610568684597719902e-01
1.610516111129000338e-01
1.610465042512899680e-01
1.610410807135120026e-01
1.610356099446769995e-01
1.610302060767210275e-01
1.610249680355260449e-01
1.610196571607500349e-01
1.610144528505740302e-01
1.610091865401499789e-01
1.610039761202770314e-01
1.609983988769269903e-01
1.609928959505030066e-01
1.609874889494359862e-01
1.609823241978310393e-01
1.609772199293200146e-01
1.609715761132420042e-01
1.609661283655569874e-01
1.609609827643219693e-01
1.609555051257010039e-01
1.609499291329849757e-01
1.609449658128390137e-01
1.609398062407850494e-01
1.609345833922379843e-01
1.609295551177760131e-01
1.609240957370909886e-01
1.609185462075090611e-01
1.609130460534820006e-01
1.609076216125800429e-01
1.609021305923299949e-01
1.608967595864989886e-01
1.608915117401469863e-01
1.608862146357460388e-01
1.608810126261170370e-01
1.608758692514139776e-01
1.608704366699150179e-01
1.610668560380980052e-01
1.610616509233089855e-01
1.610565324360180017e-01
1.610511741183380252e-01
1.610457571124629950e-01
1.610402684712000099e-01
1.610348612295399440e-01
1.610294423265200003e-01
1.609751299151260251e-01
1.609885576770669902e-01
1.609831352888420331e-01
1.609778246582929673e-01
1.609725751417549755e-01
1.609672451085059908e-01
1.609665622118590100e-01
1.609613965773480648e-01
1.609562009365779756e-01
1.609507418688229941e-01
1.609451351806099606e-01
1.609400528805740027e-01
1.609652396474659797e-01
1.609599931470979961e-01
1.609544636228589787e-01
1.609493545955320015e-01
1.609439608074270389e-01
1.609384706853229652e-01
1.608972720068780338e-01
1.608921187193899649e-01
1.608867414765509929e-01
1.608813239054039945e-01
1.608758432251229664e-01
1.608704023860959842e-01
1.608653947788759864e-01
1.608664179185020082e-01
1.608611497421109926e-01
1.608912790590499853e-01
1.608859596749349918e-01
1.608806161711620053e-01
1.608756140186729799e-01
1.608701535576309571e-01
1.608625748404540201e-01
1.608587162446929730e-01
1.608534576436660424e-01
1.608482105496709669e-01
1.608428018243980018e-01
1.608374238383880050e-01
1.608321576275970333e-01
1.608260540225770197e-01
1.608028950960360137e-01
1.607975357039589659e-01
1.607688805100240259e-01
1.607635002721779505e-01
1.607581222006299604e-01
1.607528271328459990e-01
1.607477609889190473e-01
1.607424821340309729e-01
1.607573584688080093e-01
1.607518662830210165e-01
1.607462883002120091e-01
1.607409381889849664e-01
1.607356566609429993e-01
1.607304037756750459e-01
1.607250218813560116e-01
1.607200348627809694e-01
1.607147379060040182e-01
1.607092812412259930e-01
1.607039529343950168e-01
1.606986126907480050e-01
1.606931756097340069e-01
1.606665059276400354e-01
1.606610607887820341e-01
1.606556495052590128e-01
1.606607872167330753e-01
1.606982922043009854e-01
1.607463879236729620e-01
1.607970619681969859e-01
1.607812569575050032e-01
1.607758845406300208e-01
1.607765902206240161e-01
1.607510043668910205e-01
1.607573241643049933e-01
1.607921053512350040e-01
1.607868941671229956e-01
1.607631901168030120e-01
1.607687678913879981e-01
1.607680720556040055e-01
1.607628794651020099e-01
1.607602617243469867e-01
1.607765962345369948e-01
1.607656918902600207e-01
1.607600367685370346e-01
1.607573222728049811e-01
1.607517971425199699e-01
1.607466034935720045e-01
1.607413312167940422e-01
1.607360617540719849e-01
1.607305622785170085e-01
1.607251774564110169e-01
1.607199298343099936e-01
1.607146837483209578e-01
1.607093468086210064e-01
1.607042135241130154e-01
1.607313599973239915e-01
1.607260346594830136e-01
1.607205004385360014e-01
1.607152843696859901e-01
1.607101962157610198e-01
1.607050256891649487e-01
1.607031282779659842e-01
1.606979159764410081e-01
1.606791729190979734e-01
1.606696923352689543e-01
1.606644158838449465e-01
1.606658992422899945e-01
1.606598581376139645e-01
1.606544947009709845e-01
1.606262322442880142e-01
1.606189700498389938e-01
1.606135955651970260e-01
1.606069108204889739e-01
1.605899014725500618e-01
1.605846230220150106e-01
1.605978654302060160e-01
1.605925057488860330e-01
1.605871073582720021e-01
1.605819009230529670e-01
1.605765391816019738e-01
1.605713738381149835e-01
1.605660942039540406e-01
1.605609458151149305e-01
1.605740666688660057e-01
1.605689843690220608e-01
1.605637497434009853e-01
1.605932218207070106e-01
1.605877940824639860e-01
1.605824372376299936e-01
1.605769980184499901e-01
1.605718019928660534e-01
1.605666048282539948e-01
1.605612155544639819e-01
1.605566847314660317e-01
1.605513142232059820e-01
1.605496791533589929e-01
1.605691158220710069e-01
1.605636696016990161e-01
1.605583280620330178e-01
1.605534567866639950e-01
1.605481497580339423e-01
1.605455270107099819e-01
1.605760418857699878e-01
1.605706736771790322e-01
1.606021052255900139e-01
1.605953706511299706e-01
1.605901086177499992e-01
1.605848312104209696e-01
1.605794550494780704e-01
1.605743515619479922e-01
1.607021931890609545e-01
1.607417228285309974e-01
1.607363404276169749e-01
1.607306215843240516e-01
1.607256465206030327e-01
1.607204559744590255e-01
1.607149610525700212e-01
1.607096916468730152e-01
1.607043646292010131e-01
1.606990549742439711e-01
1.606938828023539989e-01
1.606885017742000210e-01
1.607037259035010435e-01
1.606983095061960132e-01
1.606930380203920039e-01
1.606875907963259964e-01
1.606824261672750442e-01
1.607389498955049956e-01
1.607337756400140372e-01
1.607285844157269883e-01
1.607230883373360064e-01
1.607177711055480240e-01
1.607124561458839751e-01
1.607072018572719696e-01
1.607018593449870414e-01
1.606964714757380674e-01
1.606910989120879651e-01
1.606859894900100061e-01
1.606807487815759827e-01
1.606754639366100301e-01
1.606703669435799731e-01
1.606651172820180162e-01
1.606597743230469832e-01
1.606546055706840614e-01
1.606493847092320404e-01
1.606436770773579936e-01
1.606383146695409825e-01
1.606506753948769850e-01
1.606453648340629980e-01
1.606400719733760141e-01
1.606347329646650168e-01
1.606297075282190068e-01
1.606245243740479778e-01
1.606189950275389577e-01
1.606135669852499781e-01
1.606084005565110162e-01
1.606028472768759596e-01
1.605973858433720203e-01
1.605923518969010477e-01
1.605870728500600475e-01
1.605820476480649683e-01
1.605767059758299864e-01
1.605718054850599763e-01
1.605663875799930584e-01
1.606768345318080327e-01
1.606717242837720494e-01
1.606663089637080377e-01
1.607122865021710090e-01
1.606619179416269860e-01
1.606587507325240027e-01
1.607086240956260015e-01
1.607099852454539901e-01
1.607047991729770031e-01
1.606996942518279792e-01
1.606942715042500303e-01
1.606887035170059819e-01
1.606834176812209636e-01
1.606780356200199766e-01
1.606727924138999786e-01
1.606675954642459991e-01
1.606923056436520003e-01
1.606869301560470142e-01
1.606818356438220186e-01
1.606764346710889968e-01
1.606712402646769955e-01
1.606659019285209822e-01
1.606603965561920477e-01
1.606552192645989974e-01
1.606500354974110256e-01
1.606448524185990767e-01
1.606396548176149686e-01
1.606343962780039658e-01
1.606290582827279989e-01
1.606239456364350615e-01
1.606186622997410329e-01
1.606133631944700046e-01
1.606078377996110473e-01
1.606027024555179428e-01
1.605975067807139667e-01
1.605920721776559479e-01
1.605866408407009560e-01
1.605814239339700134e-01
1.605762467842580254e-01
1.605708403439859988e-01
1.605656644768540253e-01
1.605601912709749557e-01
1.605546238568529849e-01
1.605493665830720340e-01
1.605443763168170335e-01
1.605393094609589844e-01
1.605339609332069872e-01
1.605284981503580510e-01
1.605232137662589986e-01
1.605182100826580138e-01
1.605131091183469860e-01
1.605076457963240666e-01
1.605024124946729802e-01
1.604971930394690216e-01
1.604918154886780524e-01
1.604863938764339859e-01
1.604812726975909654e-01
1.604763077625539769e-01
1.604705807945569773e-01
1.604761383620850190e-01
1.604813121511290408e-01
1.604762035982780499e-01
1.604710554810799827e-01
1.604658427655090147e-01
1.604903206038069963e-01
1.604848182501929788e-01
1.604796769159370362e-01
1.604741897872809797e-01
1.604687590647800033e-01
1.604635027815519699e-01
1.604582568657600128e-01
1.604530510863099724e-01
1.604475650720550151e-01
1.604423197545899737e-01
1.604370629796820491e-01
1.604320362816879786e-01
1.604268034443599722e-01
1.604215368062749947e-01
1.611151844969880287e-01
1.610909506730530127e-01
1.611015925562739870e-01
1.611537011816530085e-01
1.605274145777000339e-01
1.605221726187950060e-01
1.605166921910420041e-01
1.605112964033739709e-01
1.605061124951899509e-01
1.605009200381720402e-01
1.604954790395019815e-01
1.604902494307769711e-01
1.604848466408709817e-01
1.604796447168799767e-01
1.604745531921610291e-01
1.604691796888139677e-01
1.604643189382909396e-01
1.604589429137660284e-01
1.604601133128790158e-01
1.604548186889110384e-01
1.604497047614970029e-01
1.604447019664229923e-01
1.604393613710400068e-01
1.604340972388269559e-01
1.604289036182010297e-01
1.604234503176669990e-01
1.604182076284380032e-01
1.604127820599329790e-01
1.604075351707600072e-01
1.604021155088710127e-01
1.603969851927899981e-01
1.603137644638160109e-01
1.603277963107230253e-01
1.603068779307319502e-01
1.602437252929390377e-01
1.602385730227009752e-01
1.602334831937059501e-01
1.602639884439500118e-01
1.602585591371459839e-01
1.602533473769409689e-01
1.602512039681140144e-01
1.602459986556159510e-01
1.602429711885949848e-01
1.602377564942579768e-01
1.602323773317319844e-01
1.602273112083449635e-01
1.602390636730580409e-01
1.602340312427060209e-01
1.603397216851709661e-01
1.602701648807549895e-01
1.602648207897350019e-01
1.602593972277149559e-01
1.602540710130140045e-01
1.602490177004760041e-01
1.602436440383950278e-01
1.602383169388090223e-01
1.602329895318699848e-01
1.602274729083899840e-01
1.602222971706120103e-01
1.602170733627370225e-01
1.602766833976239924e-01
1.602714563033929840e-01
1.602663751437120310e-01
1.602610849053379971e-01
1.602554207777859840e-01
1.602500072174679879e-01
1.602447573137519843e-01
1.602395344544260136e-01
1.602449908865009875e-01
1.602443410004689983e-01
1.602390230498520196e-01
1.602339960754070036e-01
1.602180466322910279e-01
1.602127663213629982e-01
1.602075575548000119e-01
1.602021896784209809e-01
1.602078048043190095e-01
1.602027722707380086e-01
1.601975277576839496e-01
1.601924657106950090e-01
1.601872553672900046e-01
1.601822098632500191e-01
1.601767506358329762e-01
1.601715392620219891e-01
1.601562597515150121e-01
1.601503935170699999e-01
1.601451982862139856e-01
1.601435097287109699e-01
1.601839078429280472e-01
1.602602831287540663e-01
1.603619868591620035e-01
1.604848079824269802e-01
1.604793460713629938e-01
1.604742093252050084e-01
1.604687589826230276e-01
1.604634847604859971e-01
1.604584761716960628e-01
1.605028704731480127e-01
1.601359911106800538e-01
1.601742835432020395e-01
1.601529607306249881e-01
1.601595101905849694e-01
1.601592040190030208e-01
1.601621861642120170e-01
1.601675505074340311e-01
1.600819455873169761e-01
1.601096236458510180e-01
1.600846912071469952e-01
1.600794883100199739e-01
1.600740647943330042e-01
1.600914594644810285e-01
1.600799594115059621e-01
1.600749328771310098e-01
1.600611889672599597e-01
1.600556643527940304e-01
1.600506581935700057e-01
1.600453781659879615e-01
1.600400912541269927e-01
1.600349696120020038e-01
1.600297331601479855e-01
1.600246444455450390e-01
1.600195008073400371e-01
1.600141650586760222e-01
1.600090804638210074e-01
1.600037847589139695e-01
1.599987281756930224e-01
1.599936758512250368e-01
1.599884330686550116e-01
1.599831656524899892e-01
1.599780357605020409e-01
1.599783154314188827e-01
1.599732074341149723e-01
1.599679966936050080e-01
1.599625781490039700e-01
1.599571811971080282e-01
1.599519460614329813e-01
1.599234080743909825e-01
1.599182193357130133e-01
1.599132986528990219e-01
1.599081074750909881e-01
1.599026588770499635e-01
1.598974962245779952e-01
1.598924831084179710e-01
1.598872830399590272e-01
1.598821009608940025e-01
1.598768281716160256e-01
1.598859859997370236e-01
1.598807222396790573e-01
1.598754450713090192e-01
1.598703597068069915e-01
1.598649454381020074e-01
1.598597993121549932e-01
1.598544676643889884e-01
1.598490688556560013e-01
1.598437777744319555e-01
1.598384622349570128e-01
1.598333142254899641e-01
1.598307036670559844e-01
1.598257439630610122e-01
1.598205532862130296e-01
1.598154247759619728e-01
1.598100343206039775e-01
1.598048744998890047e-01
1.598183642186509767e-01
1.598129717555520080e-01
1.598077079457989602e-01
1.598025952482920176e-01
1.597975051148500247e-01
1.597923252349409962e-01
1.597868340909789908e-01
1.597817625884559722e-01
1.597809544533019821e-01
1.597755638008950263e-01
1.597703062472189961e-01
1.597650971426709809e-01
1.597599438215229206e-01
1.597546856961879758e-01
1.597494029494849754e-01
1.597444061259959969e-01
1.597390375279409691e-01
1.597570304042360001e-01
1.597516383175960064e-01
1.597461366072370215e-01
1.597411494739059967e-01
1.597360078725590660e-01
1.597307433751710137e-01
1.597256902133220025e-01
1.597203968105929961e-01
1.597154513300039491e-01
1.597097894577309551e-01
1.596816050591160219e-01
1.596765683637209610e-01
1.596715970394819439e-01
1.596666729588559486e-01
1.596613770656450104e-01
1.596560287424060032e-01
1.596506635614920455e-01
1.596731557761849607e-01
1.597198231226240051e-01
1.597147119435270157e-01
1.597095219486740492e-01
1.597311939780599876e-01
1.597304758434819338e-01
1.597733207719219950e-01
1.598032894634179579e-01
1.597980296567889091e-01
1.597927278299750009e-01
1.598218446676680504e-01
1.598168623670540023e-01
1.598117451532450328e-01
1.598062644163920631e-01
1.598166332550659541e-01
1.598359506313470901e-01
1.598305084767510098e-01
1.598255852346309458e-01
1.598203759018360648e-01
1.598149994906050420e-01
1.598098449687089528e-01
1.598045948349000323e-01
1.597994977481620171e-01
1.597943894503300044e-01
1.597890879487839921e-01
1.597838000092709765e-01
1.597785184995520191e-01
1.597582931464160416e-01
1.597532240554970229e-01
1.597482729318679961e-01
1.597429989564659591e-01
1.597377532240179809e-01
1.597440907352319917e-01
1.597388928697749955e-01
1.597336685016960134e-01
1.597284595426019804e-01
1.597233845369039618e-01
1.597179294863469989e-01
1.597125500385729591e-01
1.597072798928969861e-01
1.597022347263290232e-01
1.596970883103440153e-01
1.596706618970749891e-01
1.596651373043900257e-01
1.596599714075680465e-01
1.596550199387820335e-01
1.596497904122469724e-01
1.596447100911980166e-01
1.596395400939439879e-01
1.596344094756969589e-01
1.596294933785770143e-01
1.596243120909959790e-01
1.596189862314450203e-01
1.596137120740999671e-01
1.596085033581690349e-01
1.596890091811839218e-01
1.596806244538710173e-01
1.596749612666459872e-01
1.596696670457140033e-01
1.596917602867399810e-01
1.596835793530840264e-01
1.596786185059139718e-01
1.598870023987609967e-01
1.599505327211339645e-01
1.599453743624029978e-01
1.599401006448540330e-01
1.599349850070250212e-01
1.599298146069950133e-01
1.599245959210309764e-01
1.599194539057819664e-01
1.599144726362000390e-01
1.599092166042870022e-01
1.599039998441750265e-01
1.598987478928259598e-01
1.598935669702260254e-01
1.598882927910100227e-01
1.598829186260779800e-01
1.598776905105510071e-01
1.598723893756150150e-01
1.598672162472100089e-01
1.598758340859419980e-01
1.598704849828070373e-01
1.598655620928999821e-01
1.598602331049499836e-01
1.598549542038899818e-01
1.598497967053700564e-01
1.598447339101840003e-01
1.598395021527270199e-01
1.598343252745000054e-01
1.598511133798299899e-01
1.598548006196879867e-01
1.598497386000040099e-01
1.598446536117340278e-01
1.598394338799579983e-01
1.598342173491460461e-01
1.598289563142350211e-01
1.598238333402449973e-01
1.598184970681410244e-01
1.598131703125910408e-01
1.598081804519010107e-01
1.598030159868830125e-01
1.597978769223930007e-01
1.597930125071409524e-01
1.597878508794149943e-01
1.597825713881500242e-01
1.597770804897500063e-01
1.597721960470820379e-01
1.597667521839860050e-01
1.597614094041069910e-01
1.597560849078200063e-01
1.597509875003410296e-01
1.597459406010889871e-01
1.597406503010960210e-01
1.597354644203589913e-01
1.597301725468229794e-01
1.597251334699249792e-01
1.597200403429220317e-01
1.597148002221360219e-01
1.597094423423929821e-01
1.597043931607739498e-01
1.596994239514330505e-01
1.596941405923949509e-01
1.596892403859659637e-01
1.596836957239150256e-01
1.596783743872139949e-01
1.596731802125229693e-01
1.596680630999780526e-01
1.596628869301199571e-01
1.596576788778719669e-01
1.596526508913810039e-01
1.596473534791179871e-01
1.596424255005889914e-01
1.596372972703650472e-01
1.596320155630329973e-01
1.596267598509250318e-01
1.596214583265629927e-01
1.596162662188099768e-01
1.596109954343230275e-01
1.596060608680789916e-01
1.596007745893449625e-01
1.595953311974290245e-01
1.595903594359389943e-01
1.595852357087499673e-01
1.595802498509620304e-01
1.595750265877660390e-01
1.595699253265730200e-01
1.595644922940539223e-01
1.595591896563860190e-01
1.595541518062669473e-01
1.595489999349989918e-01
1.595437664802790145e-01
1.595384806239099340e-01
1.595333397323170366e-01
1.595278936179249651e-01
1.595229922313389781e-01
1.595179316335849917e-01
1.595369414794560181e-01
1.595318781242030248e-01
1.595266861883379850e-01
1.595216687823870216e-01
1.595163276274879638e-01
1.595111434970469533e-01
1.595058234440639988e-01
1.595008139135079828e-01
1.594954793751589828e-01
1.594905296275620221e-01
1.594853561546349940e-01
1.594800646449350268e-01
1.594748740361450201e-01
1.594696494173750423e-01
1.595516929052019917e-01
1.595414492984779942e-01
1.595363803506570088e-01
1.595312666778479771e-01
1.595259293290940128e-01
1.595208837419750392e-01
1.595157215252569760e-01
1.595105605847349783e-01
1.595053703068819717e-01
1.594999838705330464e-01
1.594949056930310138e-01
1.594896461971269941e-01
1.594847384539859747e-01
1.594794907554749896e-01
1.594741634946759967e-01
1.594692902724059447e-01
1.594640866322880046e-01
1.594587802790579933e-01
1.594532635989600322e-01
1.594482344435839694e-01
1.594431894491019353e-01
1.594379633085510339e-01
1.594330809539659943e-01
1.594279769358270260e-01
1.594228876870039946e-01
1.594176194819370285e-01
1.594850582968870001e-01
1.594798531845680600e-01
1.594749177811740359e-01
1.594697500056090067e-01
1.594643231033749942e-01
1.594592124032210567e-01
1.594539435774800507e-01
1.594491622392699981e-01
1.594439314157949927e-01
1.594381626045140166e-01
1.594328932516830000e-01
1.594275691972820153e-01
1.594427175192889845e-01
1.594377024067240023e-01
1.594932041879609796e-01
1.594881220524090037e-01
1.594831745555020108e-01
1.594781573808370101e-01
1.594725997298810372e-01
1.594674074828120458e-01
1.594623865494579629e-01
1.594573574157389373e-01
1.594523230588090201e-01
1.594471947901489883e-01
1.594476982197629844e-01
1.594426747450839732e-01
1.594502463671679804e-01
1.594450821877060054e-01
1.595432069943659714e-01
1.595381697498609863e-01
1.595329227781470127e-01
1.595276384638129874e-01
1.595221838646830315e-01
1.595170586727079898e-01
1.595936442109629483e-01
1.595882554885650062e-01
1.595828895903149691e-01
1.595776755541100100e-01
1.595727469291020328e-01
1.595676888443320340e-01
1.595629406253609717e-01
1.595579673974640289e-01
1.595529187711439700e-01
1.595475164105870092e-01
1.595422195282979738e-01
1.595369755307699811e-01
1.595319084444770108e-01
1.595267871294250295e-01
1.595232722154270311e-01
1.595180004899340309e-01
1.595128654304610316e-01
1.595077346234019533e-01
1.595024912374609916e-01
1.594973621394489560e-01
1.594921647415090127e-01
1.594870435321809610e-01
1.594820511513750094e-01
1.594770782596710013e-01
1.595116900445160135e-01
1.595097322698219855e-01
1.595046088839409959e-01
1.594993924440910316e-01
1.594941245143719766e-01
1.594889101092909767e-01
1.594836986833440273e-01
1.594785744441230002e-01
1.594735827561109820e-01
1.594685414902079212e-01
1.594634659749669947e-01
1.594583363959640177e-01
1.594333701445850016e-01
1.594479596080879968e-01
1.594427490808089931e-01
1.594377946097479959e-01
1.594324009538579945e-01
1.594273236586340459e-01
1.594221101082360370e-01
1.594168754847010150e-01
1.594117380926820537e-01
1.594068656027960162e-01
1.594015093810939865e-01
1.594225402716169804e-01
1.594570569122729653e-01
1.594519926945659749e-01
1.594471443746029449e-01
1.594420038300491116e-01
1.594366048389110058e-01
1.594313430030039891e-01
1.594261910950080241e-01
1.594210642413599888e-01
1.594157839691050238e-01
1.594106708369920078e-01
1.594056727997699707e-01
1.594002615251760013e-01
1.593951580999929674e-01
1.593899872565329445e-01
1.593848557137689803e-01
1.593796287171669879e-01
1.593745228543559656e-01
1.593692757593879461e-01
1.593641562490109853e-01
1.593592148118409824e-01
1.593819187925819558e-01
1.593768038487449745e-01
1.593717554147469628e-01
1.593667797349020421e-01
1.593613777269769771e-01
1.593659037517900223e-01
1.593607724970880213e-01
1.593553635090910470e-01
1.593500737313609805e-01
1.593449602303860235e-01
1.593526665416289678e-01
1.593473263261800110e-01
1.593422286992039749e-01
1.593273260697650462e-01
1.593225037486190043e-01
1.593176684431810430e-01
1.593124908054820155e-01
1.593073799845680094e-01
1.593021972979909995e-01
1.592971457093740051e-01
1.592997928904339999e-01
1.592944701855899814e-01
1.592893712679420426e-01
1.592842514400140130e-01
1.592789244682649985e-01
1.592738834069629683e-01
1.592686334891760258e-01
1.592635138021230023e-01
1.592585118099190122e-01
1.592533428086090330e-01
1.592480784046640396e-01
1.592431318648510341e-01
1.592378329086460709e-01
1.592326468608709911e-01
1.592276764840330205e-01
1.592226207431499951e-01
1.592176059619600514e-01
1.592123645756000072e-01
1.592071867221050152e-01
1.592021191683579695e-01
1.591970990856379775e-01
1.591918433165719904e-01
1.591866093185079767e-01
1.591816127887890064e-01
1.591766674221030131e-01
1.591713871392369806e-01
1.591661376780559578e-01
1.591607593581389757e-01
1.591554545852780500e-01
1.591804016307039882e-01
1.591753335804169944e-01
1.591700513200629830e-01
1.591651564968289967e-01
1.591600403609290115e-01
1.591550613497500211e-01
1.591500354100429671e-01
1.591449198211150051e-01
1.591398948356449738e-01
1.592188791582809793e-01
1.592137162065569989e-01
1.592085587417369774e-01
1.592033712575590398e-01
1.591981710057839838e-01
1.591932026165150116e-01
1.591879807246130152e-01
1.591827652874019949e-01
1.591775841030419747e-01
1.591725848741909755e-01
1.591675924407490172e-01
1.591623629469739731e-01
1.591572575863220151e-01
1.591518990503729969e-01
1.595097432919949931e-01
1.595045829203829701e-01
1.594791333191359906e-01
1.594687846959839672e-01
1.594534982070070217e-01
1.594274376818120009e-01
1.594221489100350053e-01
1.594173552737990218e-01
1.593237804174959804e-01
1.594427415798300440e-01
1.594376942175679546e-01
1.594325455910710343e-01
1.594222050451540029e-01
1.594172167268309015e-01
1.592609508398369900e-01
1.592557954757500005e-01
1.592505982013790733e-01
1.592453902201559912e-01
1.592402395259999437e-01
1.592351549842499769e-01
1.592300607107840216e-01
1.592252949619470392e-01
1.592201104175759718e-01
1.592149094178940127e-01
1.592098362166219361e-01
1.592048523827240269e-01
1.591997569106309851e-01
1.591943413118789841e-01
1.591892841258789881e-01
1.591842942646570225e-01
1.591793999581859742e-01
1.591743347970310252e-01
1.591689502370070286e-01
1.591637059618379868e-01
1.591585002790190384e-01
1.591533028361800106e-01
1.591483191548810072e-01
1.591432943533899746e-01
1.591381455860369776e-01
1.591330773860180070e-01
1.591229048780929689e-01
1.591176541780680020e-01
1.591271874046250034e-01
1.591222184169590326e-01
1.591173238683969704e-01
1.591122512719830573e-01
1.591069226930819647e-01
1.591017513862250377e-01
1.590965797922430092e-01
1.590914795942409421e-01
1.590863817779570033e-01
1.590815392699499731e-01
1.590762889031550331e-01
1.590711460127759713e-01
1.590658940321739989e-01
1.590671348635430138e-01
1.590622296410529601e-01
1.590571360723640471e-01
1.590521692112690233e-01
1.590472567225749978e-01
1.590420733983729795e-01
1.590368434475150083e-01
1.590316529221140196e-01
1.590265092803010150e-01
1.590208921190689739e-01
1.590157979209029515e-01
1.590106211591880148e-01
1.590053789268389695e-01
1.590002907138229893e-01
1.589952888171780043e-01
1.589901808768430236e-01
1.589879194617699887e-01
1.589828710496969666e-01
1.589778098316099730e-01
1.589729191176130485e-01
1.589680148985450348e-01
1.589628081547150296e-01
1.589573941556969572e-01
1.589523092193319831e-01
1.589473122562560237e-01
1.589460352016109634e-01
1.589410839440759948e-01
1.589359933355720123e-01
1.589308395245330185e-01
1.589256592225730125e-01
1.589206044523800154e-01
1.589154111610099618e-01
1.589103021680129679e-01
1.589053570078489963e-01
1.589002951465559865e-01
1.588952600466789766e-01
1.588899583505830326e-01
1.588847468280799591e-01
1.588794504506280125e-01
1.588743559332409794e-01
1.588694046421639805e-01
1.588644983286530143e-01
1.588594554252480140e-01
1.588541068474259854e-01
1.588489498755520368e-01
1.588439164307699769e-01
1.588389334500660000e-01
1.588338079856020379e-01
1.588287717449889946e-01
1.588237689100169825e-01
1.588187427914599659e-01
1.588135605196250022e-01
1.588084258565339579e-01
1.588031852222770157e-01
1.587980878926819606e-01
1.587955447792440133e-01
1.587904506904629920e-01
1.587853221722839991e-01
1.587801458916240083e-01
1.587750061158290094e-01
1.587700124408519542e-01
1.587648495659140235e-01
1.587597023643959326e-01
1.587546309188399840e-01
1.587494458146120058e-01
1.587441632890400078e-01
1.587390376407910031e-01
1.587341270042399444e-01
1.587291242402659452e-01
1.587241604396319172e-01
1.587190208214699916e-01
1.587139766079720127e-01
1.587169899936839434e-01
1.587120673390289560e-01
1.587069835473639834e-01
1.587016390388339970e-01
1.586965463085560635e-01
1.586914316587309526e-01
1.586862076177169567e-01
1.586811878429559841e-01
1.586761738186409920e-01
1.586712534728700053e-01
1.586658988246900104e-01
1.586609285818389448e-01
1.586558916960719989e-01
1.586510801078760136e-01
1.586459360652919814e-01
1.586409230114129709e-01
1.586359008082439959e-01
1.586306968694889963e-01
1.586255351990989437e-01
1.586202967719539947e-01
1.586154398134890509e-01
1.586102469326370057e-01
1.586050307725829778e-01
1.585996106492830182e-01
1.585945945471250174e-01
1.585896678332799903e-01
1.585846554069869907e-01
1.585794942331539836e-01
1.585743756107710067e-01
1.585693316840399991e-01
1.585644125024610052e-01
1.585594282828499679e-01
1.585543671440119984e-01
1.585491437629259759e-01
1.585440236662830349e-01
1.585390085903370105e-01
1.585338946454849796e-01
1.585290598778670290e-01
1.585294680110269916e-01
1.585245642148929712e-01
1.585194559062420017e-01
1.585258562153029904e-01
1.585207589302970177e-01
1.585156469181319971e-01
1.585104404826450375e-01
1.585053346699529797e-01
1.584999116616570003e-01
1.584950103158349888e-01
1.584900634295969557e-01
1.584849967761779999e-01
1.584800398774569852e-01
1.584748140846590214e-01
1.584698286760350405e-01
1.584648733529940012e-01
1.584598570954969532e-01
1.584546265607449933e-01
1.584494646764819936e-01
1.584444727747590098e-01
1.584392732901739875e-01
1.584342366134679492e-01
1.584289911926000105e-01
1.584342572360090129e-01
1.584292497269439715e-01
1.584244418707839719e-01
1.584194146709130002e-01
1.584145247396240019e-01
1.584093333721170171e-01
1.584041227155630061e-01
1.583940768861240023e-01
1.583888397118639879e-01
1.583839841046289776e-01
1.583785271561429786e-01
1.584817959159729728e-01
1.584766797436869545e-01
1.584715581395050032e-01
1.584666038891529849e-01
1.584615760132469797e-01
1.584564469563469746e-01
1.584512215955430070e-01
1.584460211140619468e-01
1.584411865242320028e-01
1.584360919223849751e-01
1.584313717259989707e-01
1.584262103929709731e-01
1.584209850095980310e-01
1.584161152323569632e-01
1.584339902023109981e-01
1.584288463456890450e-01
1.584237745335700387e-01
1.584186396029199639e-01
1.584134608369050234e-01
1.584087683265350543e-01
1.584037523954230087e-01
1.583984931414630370e-01
1.583935314889760027e-01
1.583880938861830234e-01
1.583917192298270049e-01
1.583866976266480042e-01
1.583815808857320095e-01
1.583765524517199985e-01
1.583714266371260282e-01
1.583663761412799909e-01
1.583615755665060132e-01
1.583543323726850360e-01
1.583489896658590301e-01
1.583438251572330258e-01
1.583384439930340115e-01
1.583332662694190152e-01
1.583282806716039826e-01
1.583234248101219876e-01
1.583184684755609695e-01
1.583132054936680078e-01
1.583080881182750144e-01
1.583031073028999813e-01
1.582980709281640030e-01
1.582928360537530499e-01
1.582877991887099989e-01
1.582828414886350010e-01
1.582778193961789925e-01
1.582729226016009461e-01
1.582678837741050559e-01
1.582629762399609952e-01
1.582578890305149921e-01
1.582528946442749718e-01
1.582478436411759726e-01
1.582427272719980349e-01
1.582373779933440583e-01
1.582324185032920882e-01
1.582273636891189939e-01
1.582223762170629766e-01
1.582170608462450112e-01
1.582121510819499977e-01
1.582071913630770099e-01
1.582022638074160326e-01
1.581973264647429656e-01
1.581920645300229911e-01
1.581869877915879907e-01
1.581819066413949482e-01
1.581768232340020341e-01
1.581717180025510039e-01
1.581667456361200153e-01
1.581614368637689894e-01
1.581565677001290360e-01
1.581514183972220211e-01
1.581463404183960364e-01
1.581516069038760020e-01
1.581466391324590215e-01
1.581415807815690355e-01
1.581365247915220151e-01
1.581316430783600291e-01
1.581266214068889342e-01
1.581215135052100595e-01
1.581169014387460159e-01
1.581115299015299624e-01
1.581067232313140281e-01
1.581018058503750323e-01
1.580967839353730475e-01
1.580916208875489948e-01
1.580864434883390013e-01
1.580811916196840083e-01
1.580759649642389797e-01
1.581004481218579727e-01
1.580955772962610306e-01
1.580906905332550016e-01
1.580854531434969790e-01
1.580803961428129678e-01
1.580751976102869882e-01
1.580702566562020295e-01
1.580651288809409583e-01
1.580602859397449711e-01
1.580552774477769762e-01
1.580503025669820205e-01
1.580453967343670163e-01
1.580404564454460092e-01
1.580352712673210036e-01
1.580302275839179926e-01
1.580252282572129907e-01
1.580203333984550318e-01
1.580152044281099843e-01
1.580552436542889683e-01
1.580501073974250048e-01
1.580449111420869912e-01
1.580398348955160126e-01
1.580199503120999216e-01
1.580146683504110305e-01
1.580096313538810471e-01
1.580047131343430000e-01
1.579996422274370094e-01
1.579947668270369754e-01
1.579893548272379711e-01
1.579844251361910146e-01
1.579794692446749860e-01
1.579746641821960229e-01
1.579696935328279983e-01
1.579646508574539809e-01
1.579596447911799650e-01
1.579544224922830031e-01
1.579493537242390166e-01
1.579444230928640225e-01
1.579393866177030148e-01
1.579351356804239714e-01
1.579301612553329348e-01
1.579251203095640432e-01
1.579202201601750122e-01
1.579146185685499915e-01
1.579094987343819811e-01
1.579046681947829933e-01
1.579230711937240073e-01
1.579181057673480215e-01
1.579133130127910178e-01
1.579083201358389976e-01
1.579030715280049790e-01
1.578982797424740014e-01
1.578931139542090190e-01
1.578878846293539917e-01
1.578828943413959629e-01
1.578778806826439673e-01
1.578732483833990285e-01
1.578682497172339827e-01
1.578633253165479811e-01
1.578582609161079398e-01
1.578530972643729657e-01
1.578479125641449876e-01
1.578427558936739694e-01
1.578377954609020140e-01
1.578326665422059571e-01
1.578279483045989529e-01
1.578227574959749357e-01
1.578485449525620088e-01
1.578436266684490330e-01
1.578387804576830145e-01
1.578646857967410111e-01
1.578596978287419850e-01
1.578547621929930200e-01
1.578499290373019670e-01
1.578449747396820646e-01
1.578395962443840117e-01
1.578346588479879742e-01
1.578298263244590216e-01
1.578247004363870221e-01
1.578194892902319846e-01
1.578145306917869972e-01
1.578346744780090016e-01
1.578296920585760266e-01
1.578247492409490527e-01
1.578194101437880581e-01
1.578143498107690279e-01
1.578095577220629542e-01
1.578044507195360269e-01
1.578009437517459979e-01
1.577959405237880364e-01
1.577912667592799856e-01
1.577862905922939873e-01
1.577812181199400032e-01
1.577762485104240442e-01
1.577711569618309717e-01
1.577659392976240305e-01
1.577607230919400583e-01
1.577649953780490000e-01
1.577597832111019560e-01
1.577549884022500237e-01
1.577501235441139682e-01
1.577451329108039979e-01
1.577400681919560177e-01
1.577349388433020028e-01
1.577300594120810417e-01
1.577248454787720244e-01
1.577197131621909942e-01
1.577147451198040173e-01
1.577099035983049735e-01
1.577049971607130119e-01
1.577001527467490338e-01
1.576951654660759816e-01
1.576901544359380070e-01
1.576852169879389975e-01
1.576799764851959940e-01
1.576750014800870348e-01
1.576699375757640020e-01
1.576647566544169821e-01
1.576598194535329955e-01
1.576549526032020032e-01
1.576500064557359859e-01
1.576451389581320361e-01
1.576401820649999952e-01
1.576350497246809534e-01
1.576300868923399545e-01
1.576248220558590651e-01
1.576197796587039679e-01
1.576148241253710058e-01
1.576097764720139904e-01
1.576047935167239622e-01
1.575997260441529824e-01
1.576308371637200056e-01
1.576256943465400295e-01
1.576209106632099899e-01
1.576159051456049731e-01
1.576109045060990199e-01
1.576060119867290221e-01
1.576009964719820022e-01
1.575960321310419798e-01
1.575908697680259984e-01
1.575859361984019713e-01
1.575811050782860157e-01
1.575761681205950226e-01
1.575710244477920019e-01
1.576014434588579871e-01
1.576432504905889709e-01
1.576382456719069847e-01
1.576336712609519852e-01
1.576285666069210112e-01
1.576233095509180226e-01
1.576182951649210406e-01
1.576131112799790124e-01
1.576079623111359962e-01
1.576027462633530218e-01
1.575980467641869276e-01
1.575930561428129373e-01
1.575880750944460007e-01
1.575832036552829718e-01
1.576689583848570053e-01
1.576642884682549761e-01
1.576595056344550216e-01
1.576542931359350141e-01
1.576490282672309839e-01
1.576438108322669729e-01
1.576388308098949642e-01
1.576336994158679672e-01
1.576285264352620119e-01
1.576235514547629502e-01
1.576187683199660461e-01
1.576140693608929777e-01
1.576091111855260352e-01
1.576042142840460292e-01
1.575989704356229870e-01
1.575938122514599915e-01
1.575888040095559661e-01
1.575838968735659984e-01
1.575790033539819779e-01
1.575737505058509569e-01
1.575689448289100125e-01
1.575639301604129516e-01
1.575589219867329638e-01
1.575541546914940583e-01
1.575491671836059537e-01
1.575439850117849594e-01
1.575388989855330268e-01
1.575339521505050300e-01
1.575288566858070172e-01
1.575237609904850400e-01
1.575188123268979890e-01
1.575139092043340017e-01
1.575408745957220524e-01
1.575626757444289761e-01
1.575575772666189256e-01
1.575697263841269458e-01
1.575649059094880178e-01
1.575600869496490142e-01
1.575549975698020133e-01
1.575499913471430369e-01
1.575450456896760054e-01
1.575400079183130464e-01
1.575348690170220167e-01
1.575299935650320005e-01
1.575250262616250119e-01
1.575200743066239584e-01
1.575149701422919601e-01
1.575099152950320269e-01
1.575047864070750203e-01
1.574999753747509945e-01
1.574947543187059928e-01
1.574898870394029760e-01
1.574848911263789786e-01
1.574800592172319602e-01
1.574749831761029784e-01
1.574699509505090023e-01
1.574649297222090183e-01
1.574600784324820257e-01
1.574552417054499998e-01
1.574504672556210072e-01
1.574453942788539562e-01
1.574405508103129958e-01
1.574352767556830013e-01
1.574303036790850041e-01
1.574249817625140158e-01
1.574198785691489910e-01
1.574151585628170147e-01
1.574103170338130020e-01
1.574052032596799933e-01
1.574002961346850082e-01
1.573954012754039400e-01
1.573905134636099656e-01
1.573854542602909634e-01
1.573802366102209360e-01
1.573750317953389599e-01
1.573703275945590174e-01
1.573652756778189665e-01
1.573598840709860280e-01
1.573550937788780468e-01
1.573501598933799706e-01
1.573451781122069681e-01
1.573403314609509718e-01
1.573354320709609844e-01
1.573306416471959290e-01
1.573258465740040024e-01
1.573207418480999931e-01
