6.857188405669998588e+01
5.446845905289995216e+01
4.326583451309989670e+01
3.436727864349995087e+01
2.729890523753999432e+01
2.168439734190997470e+01
1.722443245906001863e+01
1.368185927728001516e+01
1.086788930003001141e+01
8.632672401710001608e+00
6.857205385299989686e+00
5.446846389769990360e+00
4.326582931590011505e+00
3.436727866309999602e+00
2.729891789202000041e+00
2.168439105271998013e+00
1.722443364744997485e+00
1.368186299954000873e+00
1.086788747361999707e+00
8.632673030830000371e-01
6.857205391419985974e-01
5.446846383370002043e-01
4.326583251459999446e-01
3.436728470660001533e-01
2.729890372431005852e-01
2.168439101709000449e-01
1.722444298005996743e-01
1.368185671683997129e-01
1.086788670252001043e-01
8.632676131059975611e-02
6.857205011980006815e-02
5.446846394949992481e-02
4.326582853770002263e-02
3.436727904310005188e-02
2.729891560260002542e-02
2.168439102318000383e-02
1.722443232928000389e-02
1.368186161198998822e-02
1.086789054999002212e-02
8.632670766599990358e-03
6.857205958870003261e-03
5.446823600370007991e-03
4.326606465689998050e-03
3.436742657489996484e-03
2.729876628862993801e-03
2.168438743730999058e-03
1.722436445876000550e-03
1.368193198389000076e-03
1.086793212385000389e-03
8.632629039869992461e-04
3.069210111479998577e-03
