-1.607255462185118999e-01
-1.147151539254345032e+01
-1.607278116518006950e-01
-1.607224372803113810e-01
-1.607167122754113164e-01
-1.607112095170607213e-01
-1.607058207238657721e-01
-1.183261726639208256e+01
-1.607115598603794104e-01
-1.607062258165015967e-01
-1.607008444691067628e-01
-1.606952478033723264e-01
-1.606897199530350762e-01
-1.089887181415351947e+01
-1.606821349402227372e-01
-1.606767332573021678e-01
-1.628599308635223508e-01
-1.628544093171580276e-01
-9.882985324044348374e+00
-1.628479952145887033e-01
-1.494173528485769253e+01
-1.629438181847664147e-01
-1.629385404964881767e-01
-1.629329960099988872e-01
-1.629275315982555705e-01
-1.629217338937689330e-01
-1.629163602228193564e-01
-1.629105410240797303e-01
-1.629047864952137548e-01
-1.628992501740245125e-01
-1.628940868017873522e-01
-1.628885888971599583e-01
-1.628829343637789306e-01
-1.628775657924892428e-01
-1.628720622261494722e-01
-1.628665016553002554e-01
-1.628609594114472647e-01
-1.628552960911070491e-01
-1.628499559235596084e-01
-1.628444382235225696e-01
-1.628388992388725143e-01
-1.628334206050356114e-01
-1.628278952038677285e-01
-1.628227187217080318e-01
-1.628171403969507769e-01
-1.628114478446910096e-01
-1.628059640070135539e-01
-1.628006022852863388e-01
-1.627949487307250032e-01
-1.627892853967832787e-01
-1.627838907927214585e-01
-1.627783336957172033e-01
-1.627728740344741298e-01
-1.627672531651112031e-01
-1.627617775077460083e-01
-1.627562092100190150e-01
-1.627508003727878849e-01
-1.627449886900223242e-01
-1.627393942945779548e-01
-1.627341167168971647e-01
-1.627286786349258496e-01
-1.627229917925487324e-01
-1.627174648573473659e-01
-1.627118674898617168e-01
-1.627225754808158120e-01
-1.627009848155671345e-01
-1.626959538450579446e-01
-1.626904051941112372e-01
-1.626848016860805990e-01
-1.626778183104603814e-01
-1.626723638116314985e-01
-1.626669563989980583e-01
-1.626615701703415240e-01
-1.626560297256385290e-01
-1.626505422474429918e-01
-1.626448431954485019e-01
-1.626394012238892017e-01
-1.626336775585635608e-01
-1.626281133147723934e-01
-1.626228136403977953e-01
-1.626174842394913778e-01
-1.626116180950438750e-01
-1.093168062795563955e+01
-1.626056416936973170e-01
-1.626003244159415495e-01
-1.625948616458683660e-01
-1.625892453078503219e-01
-1.625839690906972224e-01
-1.625784164236599438e-01
-1.625730837079636670e-01
-1.625675862013988837e-01
-1.625620782768060768e-01
-1.625563980941629738e-01
-1.625509072525872512e-01
-1.625455170170863883e-01
-1.625401772754068996e-01
-1.625346169132196594e-01
-1.625289295712361304e-01
-1.625236394877137003e-01
-1.625180992077316366e-01
-1.625129078850542086e-01
-1.625073350675340089e-01
-1.625015952963797250e-01
-1.624959360839142442e-01
-1.067845336064825190e+01
-1.624891423286426995e-01
-1.624835173167690217e-01
-1.624780026728641080e-01
-1.624726833084491340e-01
-1.624672202198447213e-01
-1.624616962576229118e-01
-1.624566069518628697e-01
-1.624510268683399261e-01
-1.624453869225704616e-01
-1.624399195118815808e-01
-1.274509139225048493e+01
-1.624377880159873500e-01
-1.624325277433686654e-01
-1.624271793332476566e-01
-1.624214254408163083e-01
-1.624156173837590922e-01
-1.624101618120329105e-01
-1.624051004607000581e-01
-1.623994201522013792e-01
-1.623939536419757024e-01
-1.623884911948088039e-01
-1.623830225638308034e-01
-1.623773315785180804e-01
-1.623720024701374165e-01
-1.623666281179991233e-01
-1.623610606642937881e-01
-1.623558259717696461e-01
-1.623500880233696986e-01
-1.623446742814335930e-01
-1.623391443809012458e-01
-1.386183973486741472e+01
-1.624113411385231243e-01
-1.624057459400699288e-01
-1.624001579980286492e-01
-1.623948300457772054e-01
-1.623891574371996716e-01
-1.623839101796331064e-01
-1.623783245484127502e-01
-1.623729005546110660e-01
-1.623674098431901192e-01
-1.311498127189609342e+01
-1.623571276552540910e-01
-1.623514612123105605e-01
-1.624429564161557760e-01
-1.624375749128073587e-01
-1.079406024339402670e+01
-1.336495656999085213e+01
-1.624768454977561227e-01
-1.017753857397370965e+01
-1.624819612694329563e-01
-1.624766747068075723e-01
-1.624711683851534916e-01
-1.624656981086263774e-01
-1.624603527767483346e-01
-1.624547707930525109e-01
-1.624493852391260540e-01
-1.292677265952542243e+01
-1.624848091953413620e-01
-1.624793605876866109e-01
-2.316038746109012081e+01
-1.625072220865897421e-01
-1.625018804288273222e-01
-1.624965773693043403e-01
-1.624909604841146549e-01
-1.624854203257187213e-01
-1.624801721854566283e-01
-1.624747629700108997e-01
-1.624693220067944255e-01
-1.624637535202612670e-01
-1.235383685101725426e+01
-1.624759920062264495e-01
-1.624703669693735031e-01
-1.624650445536493515e-01
-1.624592580100331640e-01
-1.624537342098306691e-01
-1.131141821784748913e+01
-1.624429929589413790e-01
-1.624373706962919106e-01
-1.624320048616298418e-01
-1.624265287522667078e-01
-1.624210235894932575e-01
-1.624160804612828357e-01
-1.624105170756677263e-01
-1.624049328030955086e-01
-1.623993036740927209e-01
-1.623940881634780009e-01
-1.623886850081372735e-01
-1.623834280187337331e-01
-1.623779804894284196e-01
-1.623725834534341106e-01
-1.623671275534301905e-01
-1.623512355980222810e-01
-1.623457920947971589e-01
-9.950865000737406874e+00
-1.623432032929621738e-01
-1.623379053970439023e-01
-1.623326120920201288e-01
-1.623267551289818700e-01
-1.623215514311620589e-01
-1.623162575247252826e-01
-1.623105612943054055e-01
-1.623052041749222241e-01
-1.622996612268056693e-01
-1.622944498709542605e-01
-1.622889793568804973e-01
-1.622834191200988596e-01
-1.622781788033710315e-01
-1.622727302005875505e-01
-1.622670667122855515e-01
-1.622615328491776587e-01
-1.622560290895750101e-01
-1.622506638325907635e-01
-1.622449311106888836e-01
-1.622397540619854028e-01
-1.622343824238484944e-01
-1.622287108693757363e-01
-1.622233109117876548e-01
-1.621892753722148917e-01
-1.621836894536843876e-01
-1.621783294471064174e-01
-1.621728385493004243e-01
-1.257427859813495985e+01
-1.621716932553014245e-01
-1.621663405364891508e-01
-1.077613305003713329e+01
-1.621776046650776626e-01
-1.621720931105070374e-01
-1.621665477705753755e-01
-1.621610682698417516e-01
-1.621557444531352976e-01
-6.033849960951948788e+01
-1.624288965534647911e-01
-1.624232283200030269e-01
-1.624177062647261249e-01
-1.624124189287619036e-01
-1.470420768444443560e+01
-1.625296313297476813e-01
-1.625240847568521774e-01
-1.625186042597118463e-01
-1.625132164000958057e-01
-1.625074486528472195e-01
-1.625019076444988442e-01
-1.624967538617087259e-01
-1.624910291489514713e-01
-1.624856358016426583e-01
-1.624803103529815773e-01
-1.624747551464544582e-01
-1.624691327616951675e-01
-1.624636174519140663e-01
-1.624582597550432717e-01
-1.624530512617705369e-01
-1.624476738074640825e-01
-1.624423176182787920e-01
-1.624368785460578724e-01
-1.624313039915567247e-01
-1.624258572089452013e-01
-1.624204349793787194e-01
-1.624151253271008677e-01
-1.624095014565203610e-01
-1.624037201557254340e-01
-1.623983667432441214e-01
-1.623928525065398421e-01
-1.623873912567930788e-01
-1.623821325016218398e-01
-1.623768214043602720e-01
-1.623713265620438106e-01
-1.623655606142901386e-01
-1.623601706975758285e-01
-1.623569554267639548e-01
-1.623513325780195082e-01
-1.623461062284824175e-01
-1.623405342120599892e-01
-1.623349516978188078e-01
-1.623298877626020431e-01
-1.623243698630948972e-01
-1.623188028166534236e-01
-1.623133706794913089e-01
-1.623081701893297202e-01
-1.623026208269031656e-01
-1.622974365817342612e-01
-1.622916780666450731e-01
-1.622861077231517180e-01
-1.622809071152521432e-01
-1.622754137583299061e-01
-1.622697815915487562e-01
-1.622644023673795732e-01
-1.622591185665247515e-01
-1.622535054965444645e-01
-1.622481232229775749e-01
-1.622425810107393507e-01
-1.622366986042849679e-01
-1.290273803755574100e+01
-1.622539184465779105e-01
-1.622485996550668552e-01
-1.622430514126607382e-01
-1.622574816879791826e-01
-1.622519158104826498e-01
-1.622465760139565893e-01
-1.622413226001462871e-01
-1.622337019382651124e-01
-1.622282667435197001e-01
-1.289355657759600504e+01
-1.622545875378000046e-01
-1.622491021350994655e-01
-1.622433260030049229e-01
-1.622378961108580930e-01
-1.622325249032103012e-01
-1.622273539253195618e-01
-1.622217196747839096e-01
-1.622162211525718933e-01
-1.622111127161711408e-01
-1.622052764728204033e-01
-1.621997748320865018e-01
-1.621944344660040949e-01
-1.621889542683557228e-01
-1.621837235679076117e-01
-1.621783959252776630e-01
-1.621728851774800750e-01
-1.621672782598989337e-01
-1.621619026204597636e-01
-1.621565325710071226e-01
-1.621512508472258141e-01
-1.377798546781504818e+01
-1.248205908784799867e+01
-1.621637804589434739e-01
-1.339993165475008396e+01
-1.621595326881170585e-01
-1.621541223600965753e-01
-1.621488769752838788e-01
-1.621432680672906523e-01
-1.621377103828618160e-01
-1.621321392993448074e-01
-1.621268192014660714e-01
-1.621211062952553350e-01
-1.621156900979763005e-01
-1.621105729765913439e-01
-1.621050131416533757e-01
-1.620988790495395682e-01
-1.620936352559162463e-01
-1.620896245114460954e-01
-1.620842992055230025e-01
-1.620789426987817028e-01
-1.620732954942970538e-01
-1.045621356142778424e+01
-1.620720172946098492e-01
-1.620668372572713067e-01
-1.620612199893297356e-01
-1.620560345709328443e-01
-1.620505569434170789e-01
-1.620450777887778582e-01
-1.620395295772313893e-01
-1.620342557141996875e-01
-1.620289409041341666e-01
-1.620232428380088130e-01
-1.620179030149396238e-01
-1.620125394491567228e-01
-1.620071014579239077e-01
-1.620014749556192291e-01
-1.619959703820442187e-01
-1.619907326022679284e-01
-1.619850383124780135e-01
-1.619763201624605242e-01
-1.619709399229183611e-01
-1.619654896848976844e-01
-1.619602187105692870e-01
-1.181321890347276238e+01
-1.619757553516555093e-01
-1.619703981246109759e-01
-1.619652037134459432e-01
-1.619597952014270037e-01
-1.421826295244028238e+01
-1.620269539664863645e-01
-1.620215578471042306e-01
-1.620163623786982365e-01
-1.620108868293659854e-01
-1.620056139982367360e-01
-1.620001457856468652e-01
-1.619945948864741636e-01
-1.619892550336751169e-01
-1.619838855830214031e-01
-1.619782852720658139e-01
-1.619727756794005769e-01
-1.619675903804337624e-01
-1.619624935921977482e-01
-1.619569123595110682e-01
-1.619512789373969697e-01
-1.619456231084005493e-01
-1.619402284580183093e-01
-1.619343139712169366e-01
-1.619292115137311305e-01
-1.619238468060939518e-01
-1.619183507878417527e-01
-1.619130525374185559e-01
-1.619075216222524427e-01
-1.619021944411597747e-01
-1.618969542434520181e-01
-1.618914480075219209e-01
-1.618859454825058442e-01
-1.456007076749185103e+01
-1.619303202410163345e-01
-1.619250450228210403e-01
-1.619196095536609703e-01
-1.619144040829293973e-01
-1.619090635896864583e-01
-1.619037008283722712e-01
-1.618983421400813361e-01
-1.618927772862976122e-01
-1.618872239486158493e-01
-1.618597077663077588e-01
-1.618540901630797779e-01
-1.618485358106785676e-01
-1.618430908391083889e-01
-1.618378076708643087e-01
-1.618320464244346890e-01
-1.618266434289173106e-01
-1.618213389379747624e-01
-1.618159676320871654e-01
-1.618104775752994828e-01
-1.618051389056379408e-01
-1.617999233425141681e-01
-1.617945681997981777e-01
-1.617892650413489675e-01
-1.617838480219428998e-01
-1.617784440523677147e-01
-1.617730543710136082e-01
-1.617677042758530193e-01
-1.617623195835291572e-01
-1.617567941935298126e-01
-1.617513926181910755e-01
-1.617460380727474278e-01
-1.617407587240183853e-01
-1.617355659145474633e-01
-1.617301686656993365e-01
-1.306014331987183397e+01
-1.617292144541917776e-01
-1.617236559694232856e-01
-1.617183942764467697e-01
-1.171983987846951436e+01
-1.617188284312810753e-01
-1.617134945270685131e-01
-1.617082158588572793e-01
-1.617128224600515862e-01
-1.617075180879115059e-01
-1.237294638060274110e+01
-1.208446715352991241e+01
-1.614893985583574221e-01
-1.286777039202275041e+01
-1.614883767657050995e-01
-1.614828816432339054e-01
-1.614775742505736578e-01
-1.614719497950821703e-01
-1.614663908535277359e-01
-1.614611696395624185e-01
-1.006611916610071233e+01
-1.614556926982790019e-01
-1.614502125181036252e-01
-1.614449196490754523e-01
-1.614362114907390289e-01
-1.614311982496751396e-01
-1.614258207492985098e-01
-1.614202459489482155e-01
-1.614147903837946374e-01
-1.614094880144910926e-01
-1.219335215792892768e+01
-1.614449965404022025e-01
-1.614403361933750281e-01
-1.220964654636499880e+01
-1.614665212971581609e-01
-1.614613214161686183e-01
-1.614559305171453241e-01
-1.614505677322429777e-01
-1.614448003628336792e-01
-1.614394978141455161e-01
-1.614339543129999499e-01
-1.174145109923854946e+01
-1.614608605223116500e-01
-1.614551778233996870e-01
-1.614498042110230347e-01
-1.614445983677736118e-01
-1.614393079722816482e-01
-1.614338223700334807e-01
-1.614287119047171093e-01
-1.614232050391600781e-01
-1.614177569939869994e-01
-1.614122358568871318e-01
-1.614083655512314197e-01
-1.614032952797444243e-01
-1.613977168008955965e-01
-1.303144050532193354e+01
-1.613998945031795140e-01
-1.614731808700254900e-01
-1.614679156192323772e-01
-1.614624753255445577e-01
-1.614572324176644924e-01
-1.614518669685159336e-01
-1.614463843876135229e-01
-1.614412135249298497e-01
-1.614358697663461906e-01
-1.614305880172818286e-01
-1.614251157343393195e-01
-1.614197381735052172e-01
-1.614140505260516778e-01
-1.614084604075873564e-01
-1.614031899740814846e-01
-1.613979057075934920e-01
-1.613927100360777189e-01
-1.613874124878290628e-01
-1.613819732949850483e-01
-1.613766915360966281e-01
-1.243722031131226835e+01
-1.613737896581787512e-01
-1.613683339754178880e-01
-1.613630005531315748e-01
-1.613577181186185150e-01
-1.613521785014339349e-01
-1.613469454258182056e-01
-1.613415286267579629e-01
-1.613361367113853029e-01
-1.613304428129930246e-01
-1.613250643110855642e-01
-5.418621774656588030e+01
-1.614670975749492310e-01
-1.614618479074163560e-01
-1.235165293095796635e+01
-9.714844313019158406e+00
-1.615052523429990616e-01
-1.165263492363380138e+01
-1.252888065339532098e+01
-1.168689252689127400e+01
-9.676171725989206607e+00
-1.615091310979669958e-01
-1.615038965042077113e-01
-1.614985542477867797e-01
-1.614934112738900807e-01
-1.614878518940548735e-01
-1.614823455906033156e-01
-1.614772069658510223e-01
-1.614718171358340004e-01
-1.614667722635402258e-01
-2.613851269387232890e+01
-1.615566516876477676e-01
-1.615512249151492274e-01
-1.615459268385118219e-01
-1.615404708988126270e-01
-1.615350698749928315e-01
-1.615296405856586071e-01
-1.615242188730773298e-01
-1.615189450498750179e-01
-1.615135927831387319e-01
-1.615079530223935411e-01
-1.615026005030500422e-01
-1.614971742419090972e-01
-1.614917907325363888e-01
-1.614862745927601040e-01
-1.614701508711723910e-01
-1.614648388658225797e-01
-1.614593765788078228e-01
-1.614538258282976202e-01
-1.614484707564536325e-01
-1.614432597749149711e-01
-1.169803678871585895e+01
-1.614552466220660343e-01
-1.614499141160033735e-01
-1.614447674638716801e-01
-1.614396186243482745e-01
-1.614341753705249849e-01
-1.614286737789665804e-01
-1.614231381415788535e-01
-1.614175579295357432e-01
-1.614122085501234760e-01
-1.614070049976022159e-01
-1.614015811772172293e-01
-1.613962902402945043e-01
-1.613905400498705234e-01
-1.613850988070890946e-01
-1.613799816960961864e-01
-1.613742568037806469e-01
-1.613689368573551774e-01
-1.613636755054182192e-01
-1.613583785761259493e-01
-1.613529015708071723e-01
-1.613473179198315621e-01
-1.613419845996292290e-01
-1.613365295573427616e-01
-1.613314009256354153e-01
-1.613262602967038550e-01
-1.613211161948626682e-01
-1.613157802691328746e-01
-1.613103928018602973e-01
-1.613053439411431533e-01
-1.612997469059070377e-01
-1.612943732476733727e-01
-1.612889902159870270e-01
-1.612838061406666468e-01
-1.612783730318834430e-01
-1.612728155782903738e-01
-1.612672869538765430e-01
-1.612622280220552262e-01
-1.612598474146685057e-01
-1.612544202365122359e-01
-1.612490971827903741e-01
-1.181457674285078241e+01
-1.612409517075424070e-01
-1.612354054652338498e-01
-2.251075012168349332e+01
-1.612559742938205476e-01
-1.612503721029487080e-01
-1.612452492011486327e-01
-1.612400498081372757e-01
-1.612345953467342330e-01
-1.612294232452242959e-01
-1.612240439015203142e-01
-1.612187652700641516e-01
-1.612133739226022655e-01
-1.612111414192465564e-01
-1.612059683561151424e-01
-1.612007278317680037e-01
-1.611952789938835284e-01
-1.611899449657882843e-01
-1.611847029144016508e-01
-1.611795387635767685e-01
-1.611740188219781544e-01
-1.611686698393270112e-01
-1.611630434932975475e-01
-1.611573672038680849e-01
-1.611518290079218818e-01
-1.611464682756210409e-01
-1.611412446400527498e-01
-1.611361016047171413e-01
-1.611308324661905600e-01
-1.611254039571632934e-01
-1.611199487204376668e-01
-1.611146716228999964e-01
-1.611093765349549400e-01
-1.611038879984134919e-01
-1.610986893796097774e-01
-1.610365889342723900e-01
-1.290125346305964094e+01
-1.611320354522213505e-01
-1.611266170937196152e-01
-1.611214130942439371e-01
-1.611161927366826507e-01
-1.611107975385558111e-01
-1.611054797969988794e-01
-1.611002079207704274e-01
-1.610946792413116280e-01
-1.610892685263514978e-01
-1.610839180578570173e-01
-1.610785114821486341e-01
-1.610729961159676482e-01
-1.610677078139128027e-01
-1.610621474676016129e-01
-1.610568684597702693e-01
-1.610516111128984240e-01
-1.610465042512876643e-01
-1.610410807135091993e-01
-1.610356099446741129e-01
-1.610302060767194454e-01
-1.610249680355237967e-01
-1.610196571607483140e-01
-1.610144528505723094e-01
-1.610091865401498679e-01
-1.610039761202786412e-01
-1.609983988769288776e-01
-1.609928959505054213e-01
-1.609874889494359584e-01
-1.609823241978307895e-01
-1.609772199293203754e-01
-1.609715761132425871e-01
-1.609661283655577368e-01
-1.609609827643196100e-01
-1.609555051256994496e-01
-1.609499291329831439e-01
-1.609449658128382921e-01
-1.609398062407847163e-01
-1.609345833922382618e-01
-1.609295551177772343e-01
-1.609240957370901004e-01
-1.609185462075077011e-01
-1.609130460534796137e-01
-1.609076216125779613e-01
-1.609021305923278022e-01
-1.608967595864993216e-01
-1.608915117401490957e-01
-1.608862146357484535e-01
-1.608810126261194240e-01
-1.608758692514180855e-01
-1.807473357254509949e+01
-1.610668560380974501e-01
-1.610616509233094573e-01
-1.610565324360204165e-01
-1.610511741183411893e-01
-1.610457571124662424e-01
-1.610402684712033128e-01
-1.610348612295434134e-01
-1.610294423265214991e-01
-1.609751299151259418e-01
-1.609885576770702653e-01
-1.609831352888455580e-01
-1.609778246582942718e-01
-1.609725751417552808e-01
-1.332623716553079873e+01
-1.609665622118573447e-01
-1.609613965773482036e-01
-1.609562009365781421e-01
-1.609507418688208569e-01
-1.609451351806075181e-01
-1.609400528805725594e-01
-1.609652396474670899e-01
-1.609599931470992729e-01
-1.609544636228614489e-01
-1.609493545955344995e-01
-1.609439608074292594e-01
-1.609384706853261848e-01
-1.608972720068830020e-01
-1.608921187193932401e-01
-1.608867414765537962e-01
-1.608813239054070476e-01
-1.608758432251264081e-01
-1.608704023860982879e-01
-1.608653947788761529e-01
-1.608664179185008147e-01
-1.292729843711134663e+01
-1.608912790590522335e-01
-1.608859596749382948e-01
-1.608806161711625882e-01
-1.608756140186724803e-01
-1.608701535576312069e-01
-1.608625748404545752e-01
-1.608587162446944996e-01
-1.608534576436695951e-01
-1.608482105496718551e-01
-1.608428018243982793e-01
-1.608374238383881438e-01
-1.608321576275972276e-01
-1.608260540225766866e-01
-1.608028950960357917e-01
-1.607975357039602982e-01
-1.607688805100204177e-01
-1.607635002721781725e-01
-1.607581222006308486e-01
-1.607528271328463043e-01
-1.607477609889186032e-01
-1.068560141897213889e+01
-1.607573584688078705e-01
-1.607518662830225431e-01
-1.607462883002153675e-01
-1.607409381889868261e-01
-1.607356566609435822e-01
-1.607304037756737414e-01
-1.607250218813538190e-01
-1.607200348627773334e-01
-1.607147379060018533e-01
-1.607092812412238003e-01
-1.396428543408356582e+01
-1.606986126907477830e-01
-1.606931756097341735e-01
-1.606665059276404794e-01
-1.606610607887822284e-01
-1.448250162459590307e+01
-2.928080883446402893e+01
-2.699242503474950894e+01
-2.672116437844505654e+01
-1.607970619681975133e-01
-1.607812569575080008e-01
-1.607758845406322690e-01
-1.607765902206256536e-01
-1.232510345004740948e+01
-1.360401418270630813e+01
-1.607921053512373633e-01
-1.607868941671268814e-01
-1.607631901168037336e-01
-1.163832190902139807e+01
-1.607680720556063647e-01
-1.607628794651050075e-01
-1.013079166844094914e+01
-1.190374038170448401e+01
-1.607656918902630461e-01
-1.607600367685398657e-01
-1.607573222728072293e-01
-1.607517971425208858e-01
-1.607466034935738086e-01
-1.607413312167947639e-01
-1.607360617540736503e-01
-1.607305622785196175e-01
-1.607251774564146252e-01
-1.607199298343107985e-01
-1.607146837483214574e-01
-1.607093468086210619e-01
-2.355092134331125564e+01
-1.607313599973220763e-01
-1.607260346594833467e-01
-1.607205004385378333e-01
-1.607152843696862676e-01
-1.607101962157639896e-01
-1.202346817101316212e+01
-1.607031282779676773e-01
-1.606979159764434784e-01
-1.606791729191011653e-01
-1.606696923352727013e-01
-1.606644158838483050e-01
-1.606658992422930754e-01
-1.606598581376145196e-01
-1.606544947009709012e-01
-1.606262322442891799e-01
-1.606189700498406869e-01
-1.606135955652000236e-01
-1.606069108204918328e-01
-1.605899014725522822e-01
-1.032230559392342784e+01
-1.605978654302051278e-01
-1.605925057488837848e-01
-1.605871073582717801e-01
-1.605819009230536054e-01
-1.605765391816029453e-01
-1.605713738381182587e-01
-1.605660942039566774e-01
-1.605609458151169566e-01
-1.605740666688670049e-01
-1.605689843690233098e-01
-2.476981340677356158e+01
-1.605932218207072049e-01
-1.605877940824652350e-01
-1.605824372376319642e-01
-1.605769980184518220e-01
-1.605718019928685514e-01
-1.605666048282544667e-01
-1.605612155544658137e-01
-1.605566847314655043e-01
-1.605513142232065926e-01
-1.041046131929533836e+01
-1.605691158220713399e-01
-1.605636696016989329e-01
-1.605583280620337672e-01
-1.605534567866620799e-01
-1.605481497580309169e-01
-1.194527590527246552e+01
-1.605760418857678229e-01
-1.280980868950585894e+01
-1.606021052255891535e-01
-1.605953706511281942e-01
-1.605901086177503323e-01
-1.605848312104208864e-01
-1.605794550494779316e-01
-1.361422272089536278e+01
-2.209187507379822080e+01
-1.607417228285332456e-01
-1.607363404276188346e-01
-1.607306215843251895e-01
-1.607256465206048923e-01
-1.607204559744632999e-01
-1.607149610525751282e-01
-1.607096916468777892e-01
-1.607043646292060646e-01
-1.606990549742489116e-01
-1.606938828023594668e-01
-1.606885017742036292e-01
-1.607037259035059285e-01
-1.606983095062000377e-01
-1.606930380203938913e-01
-1.606875907963259686e-01
-1.475272154368289534e+01
-1.607389498955061891e-01
-1.607337756400133710e-01
-1.607285844157253507e-01
-1.607230883373348684e-01
-1.607177711055472746e-01
-1.607124561458865286e-01
-1.607072018572743843e-01
-1.607018593449882904e-01
-1.606964714757410095e-01
-1.606910989120890476e-01
-1.606859894900126151e-01
-1.606807487815804236e-01
-1.606754639366151094e-01
-1.606703669435844695e-01
-1.606651172820227347e-01
-1.606597743230535058e-01
-1.606546055706902232e-01
-1.606493847092385630e-01
-1.606436770773643774e-01
-1.606383146695468667e-01
-1.606506753948815924e-01
-1.606453648340678553e-01
-1.606400719733803162e-01
-1.606347329646697630e-01
-1.606297075282223374e-01
-1.606245243740504480e-01
-1.606189950275405398e-01
-1.606135669852504777e-01
-1.606084005565140416e-01
-1.606028472768802617e-01
-1.605973858433784596e-01
-1.605923518969067931e-01
-1.605870728500658484e-01
-1.605820476480692705e-01
-1.605767059758316240e-01
-1.605718054850616416e-01
-1.605663875799935025e-01
-1.606768345318105584e-01
-1.606717242837765736e-01
-1.606663089637131447e-01
-1.033023173130094996e+01
-1.606619179416310106e-01
-1.606587507325282216e-01
-1.106821666280084315e+01
-1.607099852454544342e-01
-1.607047991729768366e-01
-1.606996942518275628e-01
-1.606942715042495862e-01
-1.606887035170055655e-01
-1.606834176812205750e-01
-1.606780356200187554e-01
-1.606727924139005614e-01
-2.037560634490334266e+01
-1.606923056436523611e-01
-1.606869301560461816e-01
-1.606818356438211581e-01
-1.606764346710878588e-01
-1.606712402646762738e-01
-1.606659019285197887e-01
-1.606603965561905489e-01
-1.606552192645977206e-01
-1.606500354974112199e-01
-1.606448524185998261e-01
-1.606396548176135253e-01
-1.606343962780034662e-01
-1.606290582827282487e-01
-1.606239456364359497e-01
-1.606186622997428093e-01
-1.606133631944711704e-01
-1.606078377996139339e-01
-1.606027024555232163e-01
-1.605975067807167977e-01
-1.605920721776559201e-01
-1.605866408407003176e-01
-1.605814239339694860e-01
-1.605762467842575258e-01
-1.605708403439852494e-01
-1.605656644768542196e-01
-1.605601912709742618e-01
-1.605546238568509310e-01
-1.605493665830708128e-01
-1.605443763168165061e-01
-1.605393094609594284e-01
-1.605339609332079309e-01
-1.605284981503589392e-01
-1.605232137662615521e-01
-1.605182100826604563e-01
-1.605131091183484293e-01
-1.605076457963247327e-01
-1.605024124946707875e-01
-1.604971930394655244e-01
-1.604918154886753046e-01
-1.604863938764326259e-01
-1.604812726975902437e-01
-1.604763077625547263e-01
-1.001552275400816150e+01
-1.361901108291577778e+01
-1.604813121511267648e-01
-1.604762035982771617e-01
-1.604710554810811762e-01
-1.183932359977873006e+01
-1.604903206038081620e-01
-1.604848182501960596e-01
-1.604796769159405889e-01
-1.604741897872853928e-01
-1.604687590647825013e-01
-1.604635027815531911e-01
-1.604582568657592911e-01
-1.604530510863105275e-01
-1.604475650720546820e-01
-1.604423197545894186e-01
-1.604370629796813830e-01
-1.604320362816866463e-01
-1.604268034443602220e-01
-1.604215368062743008e-01
-1.611151844969878899e-01
-1.610909506730504315e-01
-1.611015925562744588e-01
-1.611537011816527309e-01
-1.605274145776990902e-01
-1.605221726187946174e-01
-1.605166921910419209e-01
-1.605112964033755807e-01
-1.605061124951916995e-01
-1.605009200381731782e-01
-1.604954790395030639e-01
-1.604902494307774430e-01
-1.604848466408709817e-01
-1.604796447168799489e-01
-1.604745531921584201e-01
-1.604691796888123301e-01
-1.604643189382896629e-01
-1.604589429137658618e-01
-1.604601133128772394e-01
-1.604548186889101502e-01
-1.604497047614989458e-01
-1.604447019664260454e-01
-1.604393613710425881e-01
-1.604340972388295372e-01
-1.604289036182033890e-01
-1.604234503176696636e-01
-1.604182076284380587e-01
-1.604127820599300924e-01
-1.604075351707577313e-01
-1.604021155088666550e-01
-1.603969851927830037e-01
-1.603137644638164550e-01
-1.603277963107203885e-01
-1.603068779307349756e-01
-1.602437252929404254e-01
-1.602385730227013916e-01
-2.408834220781200841e+01
-1.602639884439467921e-01
-1.602585591371425977e-01
-1.602533473769352235e-01
-1.602512039681108225e-01
-1.207140936914509766e+01
-1.118396695751004266e+01
-1.602377564942536470e-01
-1.602323773317280708e-01
-1.602273112083398288e-01
-1.602390636730545159e-01
-1.233538699564148011e+01
-1.603397216851661644e-01
-1.602701648807522417e-01
-1.602648207897310884e-01
-1.602593972277096268e-01
-1.602540710130085644e-01
-1.602490177004701755e-01
-1.602436440383899208e-01
-1.602383169388058304e-01
-1.602329895318687913e-01
-1.602274729083896232e-01
-1.602222971706111776e-01
-1.602170733627365229e-01
-1.602766833976238259e-01
-1.602714563033936779e-01
-1.602663751437127526e-01
-1.602610849053386632e-01
-1.149670377762754825e+01
-1.602500072174676549e-01
-1.602447573137519288e-01
-1.602395344544258471e-01
-1.253095433786539381e+01
-1.602443410004681379e-01
-1.602390230498500212e-01
-1.602339960754044779e-01
-1.602180466322886132e-01
-1.602127663213625264e-01
-1.602075575547995401e-01
-1.602021896784200650e-01
-1.602078048043211189e-01
-1.602027722707407009e-01
-1.601975277576857537e-01
-1.601924657106957861e-01
-1.601872553672888666e-01
-1.601822098632497138e-01
-1.601767506358326154e-01
-1.601715392620188805e-01
-1.601562597515121256e-01
-1.601503935170673909e-01
-1.601451982862134860e-01
-1.601435097287097764e-01
-1.601839078429300456e-01
-1.602602831287550100e-01
-1.323060635651361849e+01
-1.604848079824291729e-01
-1.604793460713658804e-01
-1.604742093252073121e-01
-1.604687589826251926e-01
-1.604634847604874681e-01
-1.261781503445761743e+01
-1.605028704731494005e-01
-1.018712593485015461e+01
-1.601742835432017342e-01
-1.601529607306254877e-01
-1.601595101905834984e-01
-1.601592040190037147e-01
-1.601621861642121558e-01
-1.601675505074340311e-01
-1.600819455873195574e-01
-1.601096236458537658e-01
-1.600846912071497430e-01
-1.600794883100219168e-01
-1.132940277536831886e+01
-1.600914594644836098e-01
-1.128366231819609844e+01
-1.600749328771327307e-01
-1.600611889672616805e-01
-1.600556643527947798e-01
-1.600506581935736694e-01
-1.600453781659916530e-01
-1.600400912541287413e-01
-1.600349696120040299e-01
-1.600297331601499007e-01
-1.600246444455474537e-01
-1.600195008073442282e-01
-1.600141650586799358e-01
-1.600090804638245323e-01
-1.600037847589153017e-01
-1.599987281756944657e-01
-1.599936758512250090e-01
-1.599884330686552336e-01
-1.599831656524905721e-01
-1.599780357605029013e-01
-1.599783154314199096e-01
-1.599732074341163324e-01
-1.599679966936068676e-01
-1.599625781490041643e-01
-1.599571811971067792e-01
-1.599519460614328148e-01
-1.599234080743894004e-01
-1.599182193357107373e-01
-1.599132986528979672e-01
-1.599081074750883236e-01
-1.599026588770466328e-01
-1.598974962245758302e-01
-1.598924831084170828e-01
-1.598872830399586664e-01
-1.598821009608951405e-01
-1.130054206422575902e+01
-1.598859859997380228e-01
-1.598807222396791961e-01
-1.598754450713101016e-01
-1.598703597068084348e-01
-1.598649454381021184e-01
-1.598597993121563254e-01
-1.598544676643910700e-01
-1.598490688556595818e-01
-1.598437777744374788e-01
-1.598384622349642847e-01
-1.325263685940414859e+01
-1.598307036670619796e-01
-1.598257439630640375e-01
-1.598205532862147782e-01
-1.598154247759633051e-01
-1.598100343206048379e-01
-2.195032373580895424e+01
-1.598183642186510323e-01
-1.598129717555513141e-01
-1.598077079457976557e-01
-1.598025952482938494e-01
-1.597975051148521897e-01
-1.597923252349436329e-01
-1.597868340909828488e-01
-1.597817625884606074e-01
-1.597809544533059234e-01
-1.597755638008978296e-01
-1.597703062472199953e-01
-1.597650971426706479e-01
-1.597599438215227263e-01
-1.597546856961872819e-01
-1.597494029494850587e-01
-1.597444061259978287e-01
-1.100533833695749486e+01
-1.597570304042379707e-01
-1.597516383175966448e-01
-1.597461366072375766e-01
-1.597411494739080506e-01
-1.597360078725625077e-01
-1.597307433751728178e-01
-1.597256902133263046e-01
-1.597203968105969374e-01
-1.597154513300073075e-01
-1.597097894577348132e-01
-1.596816050591219893e-01
-1.596765683637261235e-01
-1.596715970394866624e-01
-1.596666729588605838e-01
-1.596613770656490072e-01
-1.596560287424085844e-01
-1.276829094258648922e+01
-1.295633500853959674e+01
-1.597198231226246989e-01
-1.597147119435289309e-01
-1.357913139059565921e+01
-1.597311939780642065e-01
-1.369685134772778312e+01
-1.205410221424913431e+01
-1.598032894634204004e-01
-1.597980296567908520e-01
-1.052308019817980878e+01
-1.095978730176577187e+01
-1.598168623670578048e-01
-1.598117451532500288e-01
-1.223344526877154159e+01
-1.090031091174912170e+01
-1.598359506313528910e-01
-1.598305084767564777e-01
-1.598255852346352202e-01
-1.598203759018401726e-01
-1.598149994906091498e-01
-1.598098449687124223e-01
-1.598045948349010037e-01
-1.597994977481622392e-01
-1.597943894503321416e-01
-1.597890879487870175e-01
-1.597838000092746680e-01
-1.597785184995553498e-01
-1.597582931464181233e-01
-1.597532240554975502e-01
-1.597482729318682182e-01
-1.597429989564663200e-01
-1.058982685039647542e+01
-1.597440907352327966e-01
-1.597388928697768273e-01
-1.597336685016984836e-01
-1.597284595426049503e-01
-1.597233845369068206e-01
-1.597179294863510790e-01
-1.597125500385778440e-01
-1.597072798929023152e-01
-1.597022347263320208e-01
-1.596970883103467909e-01
-1.596706618970751834e-01
-1.596651373043928568e-01
-1.596599714075705445e-01
-1.596550199387850588e-01
-1.596497904122505529e-01
-1.596447100912015138e-01
-1.596395400939480125e-01
-1.596344094757010112e-01
-1.596294933785810666e-01
-1.596243120910004754e-01
-1.596189862314491004e-01
-1.596137120741043802e-01
-2.621402992476501836e+01
-1.596890091811860313e-01
-1.596806244538731545e-01
-1.596749612666487628e-01
-1.192490617562253874e+01
-1.596917602867408137e-01
-1.596835793530868297e-01
-1.058100151470567596e+01
-1.505538421494974699e+01
-1.599505327211375449e-01
-1.599453743624039692e-01
-1.599401006448552542e-01
-1.599349850070258539e-01
-1.599298146069955684e-01
-1.599245959210314483e-01
-1.599194539057826880e-01
-1.599144726362000390e-01
-1.599092166042864749e-01
-1.599039998441748323e-01
-1.598987478928242389e-01
-1.598935669702233053e-01
-1.598882927910084961e-01
-1.598829186260759816e-01
-1.598776905105488977e-01
-1.598723893756152092e-01
-1.271011996946549338e+01
-1.598758340859414706e-01
-1.598704849828063712e-01
-1.598655620928997045e-01
-1.598602331049507053e-01
-1.598549542038896210e-01
-1.598497967053692792e-01
-1.598447339101833897e-01
-1.598395021527264370e-01
-1.217478783982234525e+01
-1.236792326658458308e+01
-1.598548006196903459e-01
-1.598497386000053699e-01
-1.598446536117340278e-01
-1.598394338799589143e-01
-1.598342173491491269e-01
-1.598289563142393788e-01
-1.598238333402504097e-01
-1.598184970681468253e-01
-1.598131703125948988e-01
-1.598081804519035365e-01
-1.598030159868865929e-01
-1.597978769223943885e-01
-1.597930125071421736e-01
-1.597878508794159103e-01
-1.597825713881499687e-01
-1.597770804897504504e-01
-1.597721960470810942e-01
-1.597667521839839788e-01
-1.597614094041020505e-01
-1.597560849078145384e-01
-1.597509875003365054e-01
-1.597459406010855176e-01
-1.597406503010927459e-01
-1.597354644203555218e-01
-1.597301725468183720e-01
-1.597251334699203995e-01
-1.597200403429221982e-01
-1.597148002221388530e-01
-1.597094423423965348e-01
-1.597043931607773637e-01
-1.596994239514358538e-01
-1.596941405923983648e-01
-1.596892403859668519e-01
-1.596836957239141930e-01
-1.596783743872118577e-01
-1.596731802125178346e-01
-1.596680630999722794e-01
-1.596628869301151277e-01
-1.596576788778658884e-01
-1.596526508913755915e-01
-1.596473534791126581e-01
-1.596424255005845783e-01
-1.596372972703608006e-01
-1.596320155630306936e-01
-1.596267598509261421e-01
-1.596214583265635201e-01
-1.596162662188088943e-01
-1.596109954343211124e-01
-1.596060608680791582e-01
-1.596007745893441299e-01
-1.595953311974302735e-01
-1.595903594359392164e-01
-1.595852357087498286e-01
-1.595802498509625855e-01
-1.595750265877672047e-01
-1.595699253265769890e-01
-1.595644922940569477e-01
-1.595591896563877954e-01
-1.595541518062666142e-01
-1.595489999349952726e-01
-1.595437664802769329e-01
-1.595384806239087128e-01
-1.595333397323186742e-01
-1.595278936179252149e-01
-1.595229922313383952e-01
-1.173580457921575793e+01
-1.595369414794536311e-01
-1.595318781242005546e-01
-1.595266861883365694e-01
-1.595216687823878543e-01
-1.595163276274901287e-01
-1.595111434970480913e-01
-1.595058234440660527e-01
-1.595008139135108138e-01
-1.594954793751610644e-01
-1.594905296275633544e-01
-1.594853561546349385e-01
-1.594800646449356096e-01
-1.594748740361444372e-01
-1.320117403982231785e+01
-1.595516929052004096e-01
-1.595414492984746913e-01
-1.595363803506549549e-01
-1.595312666778484489e-01
-1.595259293290959557e-01
-1.595208837419763159e-01
-1.595157215252555050e-01
-1.595105605847340347e-01
-1.595053703068819162e-01
-1.594999838705334072e-01
-1.594949056930315412e-01
-1.594896461971284374e-01
-1.594847384539863355e-01
-1.594794907554745456e-01
-1.594741634946736653e-01
-1.594692902724034467e-01
-1.594640866322860617e-01
-1.594587802790567166e-01
-1.594532635989560632e-01
-1.594482344435803334e-01
-1.594431894490978552e-01
-1.594379633085462600e-01
-1.594330809539606653e-01
-1.594279769358196708e-01
-1.594228876869972777e-01
-2.580457569797656703e+01
-1.594850582968825592e-01
-1.594798531845653955e-01
-1.594749177811716767e-01
-1.594697500056072303e-01
-1.594643231033732733e-01
-1.594592124032185865e-01
-1.594539435774788294e-01
-1.594491622392693042e-01
-1.594439314157957144e-01
-1.594381626045145439e-01
-1.594328932516839159e-01
-1.030547675187542822e+01
-1.594427175192880408e-01
-1.291403639440387785e+01
-1.594932041879589812e-01
-1.594881220524085319e-01
-1.594831745555015667e-01
-1.594781573808365105e-01
-1.594725997298796494e-01
-1.594674074828104082e-01
-1.594623865494563530e-01
-1.594573574157396312e-01
-1.594523230588109630e-01
-1.035621391350621323e+01
-1.594476982197652881e-01
-1.594426747450868598e-01
-1.594502463671709502e-01
-2.723559801067661468e+01
-1.595432069943690800e-01
-1.595381697498639839e-01
-1.595329227781491777e-01
-1.595276384638157352e-01
-1.595221838646834478e-01
-1.604888471731370814e+01
-1.595936442109659736e-01
-1.595882554885653670e-01
-1.595828895903153022e-01
-1.595776755541082614e-01
-1.595727469291005618e-01
-1.595676888443298413e-01
-1.595629406253579463e-01
-1.595579673974610591e-01
-1.595529187711406949e-01
-1.595475164105845944e-01
-1.595422195282939770e-01
-1.595369755307660675e-01
-1.595319084444735691e-01
-1.595267871294231421e-01
-1.595232722154245053e-01
-1.595180004899331705e-01
-1.595128654304606430e-01
-1.462759925102602665e+01
-1.595024912374626291e-01
-1.594973621394513430e-01
-1.594921647415106225e-01
-1.594870435321814606e-01
-1.594820511513754813e-01
-1.594770782596697523e-01
-1.595116900445143204e-01
-1.595097322698192099e-01
-1.595046088839375820e-01
-1.594993924440882560e-01
-1.594941245143685626e-01
-1.594889101092865080e-01
-1.594836986833396975e-01
-1.594785744441187814e-01
-1.594735827561075681e-01
-1.594685414902058951e-01
-1.594634659749661620e-01
-1.594583363959647948e-01
-1.594333701445855844e-01
-1.594479596080896344e-01
-1.594427490808114078e-01
-1.594377946097527421e-01
-1.594324009538622688e-01
-1.594273236586373488e-01
-1.594221101082383407e-01
-1.594168754847022640e-01
-1.594117380926845795e-01
-1.594068656027992359e-01
-1.191273992282956939e+01
-2.339570749965456642e+01
-1.594570569122760184e-01
-1.594519926945686672e-01
-1.594471443746068029e-01
-1.594420038300506381e-01
-1.594366048389132262e-01
-1.594313430030069312e-01
-1.594261910950118266e-01
-1.594210642413622647e-01
-1.594157839691074663e-01
-1.594106708369933401e-01
-1.594056727997728573e-01
-1.594002615251790822e-01
-1.593951580999956874e-01
-1.593899872565353038e-01
-1.593848557137702016e-01
-1.593796287171659887e-01
-1.593745228543562986e-01
-1.593692757593893339e-01
-1.593641562490129004e-01
-1.593592148118411767e-01
-1.593819187925801517e-01
-1.593768038487456684e-01
-1.593717554147487392e-01
-1.593667797349045401e-01
-1.593613777269786702e-01
-1.593659037517938248e-01
-1.593607724970907136e-01
-1.593553635090943776e-01
-1.593500737313626181e-01
-9.873174160636366992e+00
-1.593526665416282184e-01
-1.593473263261804551e-01
-1.593422286992044190e-01
-1.593273260697637972e-01
-1.593225037486170614e-01
-1.593176684431787671e-01
-1.593124908054801836e-01
-1.593073799845671490e-01
-1.593021972979892786e-01
-1.392983381502881990e+01
-1.592997928904335281e-01
-1.592944701855890655e-01
-1.592893712679421814e-01
-1.592842514400159004e-01
-1.592789244682678296e-01
-1.592738834069663822e-01
-1.592686334891787736e-01
-1.592635138021243346e-01
-1.592585118099201502e-01
-1.592533428086096159e-01
-1.592480784046639564e-01
-1.592431318648503402e-01
-1.592378329086446553e-01
-1.592326468608706580e-01
-1.592276764840313552e-01
-1.592226207431464147e-01
-1.592176059619559436e-01
-1.592123645755956218e-01
-1.592071867221011294e-01
-1.592021191683539172e-01
-1.591970990856354518e-01
-1.591918433165702695e-01
-1.591866093185066444e-01
-1.591816127887878130e-01
-1.591766674221010425e-01
-1.591713871392366197e-01
-1.591661376780581783e-01
-1.591607593581413072e-01
-1.110732665878425252e+01
-1.591804016307063474e-01
-1.591753335804175495e-01
-1.591700513200618450e-01
-1.591651564968264709e-01
-1.591600403609252090e-01
-1.591550613497456912e-01
-1.591500354100391368e-01
-1.591449198211113691e-01
-3.465641237985460776e+01
-1.592188791582799245e-01
-1.592137162065554168e-01
-1.592085587417331749e-01
-1.592033712575541271e-01
-1.591981710057779331e-01
-1.591932026165101821e-01
-1.591879807246081580e-01
-1.591827652874002463e-01
-1.591775841030404204e-01
-1.591725848741899763e-01
-1.591675924407481568e-01
-1.591623629469738066e-01
-1.591572575863230421e-01
-3.162317168318909211e+01
-1.595097432919910518e-01
-1.595045829203786958e-01
-1.594791333191330485e-01
-1.594687846959826072e-01
-1.594534982070066609e-01
-1.594274376818083927e-01
-1.594221489100323685e-01
-1.594173552737969679e-01
-1.593237804174955086e-01
-1.594427415798273795e-01
-1.594376942175651235e-01
-1.594325455910688139e-01
-1.594222050451525319e-01
-1.594172167268282370e-01
-1.592609508398382945e-01
-1.592557954757534977e-01
-1.592505982013818766e-01
-1.592453902201585170e-01
-1.592402395260020531e-01
-1.592351549842510039e-01
-1.592300607107848265e-01
-1.592252949619492319e-01
-1.592201104175784698e-01
-1.592149094178949842e-01
-1.592098362166223247e-01
-1.592048523827233608e-01
-1.591997569106292365e-01
-1.591943413118775685e-01
-1.591892841258778224e-01
-1.591842942646546077e-01
-1.591793999581842256e-01
-1.591743347970297484e-01
-1.591689502370064457e-01
-1.591637059618386807e-01
-1.591585002790214531e-01
-1.591533028361819258e-01
-1.591483191548820619e-01
-1.591432943533900024e-01
-1.591381455860358674e-01
-1.591330773860186176e-01
-1.591229048780927746e-01
-1.141894605146052299e+01
-1.591271874046265855e-01
-1.591222184169602816e-01
-1.591173238683993296e-01
-1.591122512719868876e-01
-1.591069226930854341e-01
-1.591017513862282018e-01
-1.590965797922489489e-01
-1.590914795942478255e-01
-1.590863817779642753e-01
-1.590815392699551356e-01
-1.590762889031594185e-01
-1.590711460127800514e-01
-1.031975164815185408e+01
-1.590671348635482873e-01
-1.590622296410576231e-01
-1.590571360723665451e-01
-1.590521692112705776e-01
-1.590472567225754141e-01
-1.590420733983732848e-01
-1.590368434475142312e-01
-1.590316529221110498e-01
-1.590265092802960467e-01
-1.590208921190642555e-01
-1.590157979208981220e-01
-1.590106211591832963e-01
-1.590053789268357498e-01
-1.590002907138211297e-01
-1.589952888171779211e-01
-9.798082901105237497e+00
-1.589879194617697666e-01
-1.589828710496970221e-01
-1.589778098316114718e-01
-1.589729191176134371e-01
-1.589680148985456731e-01
-1.589628081547154181e-01
-1.589573941556971792e-01
-1.589523092193330100e-01
-1.009514049431611582e+01
-1.589460352016130729e-01
-1.589410839440802414e-01
-1.589359933355770915e-01
-1.589308395245384586e-01
-1.589256592225773979e-01
-1.589206044523834571e-01
-1.589154111610106557e-01
-1.589103021680149386e-01
-1.589053570078509392e-01
-1.589002951465569580e-01
-1.588952600466782272e-01
-1.588899583505836433e-01
-1.588847468280793207e-01
-1.588794504506270688e-01
-1.588743559332420618e-01
-1.588694046421658124e-01
-1.588644983286554013e-01
-1.588594554252511226e-01
-1.588541068474291496e-01
-1.588489498755539797e-01
-1.588439164307711426e-01
-1.588389334500682759e-01
-1.588338079856062013e-01
-1.588287717449914926e-01
-1.588237689100196470e-01
-1.588187427914592165e-01
-1.588135605196235867e-01
-1.588084258565326812e-01
-1.588031852222760998e-01
-1.093838417265144081e+01
-1.587955447792433195e-01
-1.587904506904623259e-01
-1.587853221722836938e-01
-1.587801458916227038e-01
-1.587750061158300918e-01
-1.587700124408527591e-01
-1.587648495659161330e-01
-1.587597023643987915e-01
-1.587546309188456184e-01
-1.587494458146183340e-01
-1.587441632890471133e-01
-1.587390376407976367e-01
-1.587341270042451624e-01
-1.587291242402708580e-01
-1.587241604396361361e-01
-1.587190208214724341e-01
-1.316418247852584500e+01
-1.587169899936847761e-01
-1.587120673390313708e-01
-1.587069835473668977e-01
-1.587016390388373555e-01
-1.586965463085590611e-01
-1.586914316587334783e-01
-1.586862076177198433e-01
-1.586811878429594813e-01
-1.586761738186447945e-01
-1.586712534728753343e-01
-1.586658988246952562e-01
-1.586609285818444126e-01
-1.586558916960782717e-01
-1.586510801078810651e-01
-1.586459360652949513e-01
-1.586409230114143032e-01
-1.586359008082437183e-01
-1.586306968694893293e-01
-1.586255351990990270e-01
-1.586202967719540224e-01
-1.586154398134886900e-01
-1.586102469326375330e-01
-1.586050307725840880e-01
-1.585996106492830460e-01
-1.585945945471247398e-01
-1.585896678332802123e-01
-1.585846554069869352e-01
-1.585794942331553437e-01
-1.585743756107716174e-01
-1.585693316840407208e-01
-1.585644125024614493e-01
-1.585594282828515500e-01
-1.585543671440139135e-01
-1.585491437629283906e-01
-1.585440236662855051e-01
-1.585390085903409241e-01
-1.585338946454879772e-01
-1.037698312233677633e+01
-1.585294680110329313e-01
-1.585245642148981060e-01
-1.213602015147571755e+01
-1.585258562153080419e-01
-1.585207589303020137e-01
-1.585156469181360772e-01
-1.585104404826466473e-01
-1.585053346699540622e-01
-1.584999116616587489e-01
-1.584950103158380974e-01
-1.584900634295997313e-01
-1.584849967761803591e-01
-1.584800398774601216e-01
-1.584748140846619358e-01
-1.584698286760375940e-01
-1.584648733529948894e-01
-1.584598570954957319e-01
-1.584546265607454929e-01
-1.584494646764806336e-01
-1.584444727747583992e-01
-1.584392732901743206e-01
-1.584342366134688651e-01
-1.289348975812112208e+01
-1.584342572360082357e-01
-1.584292497269437217e-01
-1.584244418707844992e-01
-1.584194146709138051e-01
-1.584145247396240297e-01
-1.584093333721159902e-01
-1.584041227155611187e-01
-1.583940768861255011e-01
-1.583888397118653757e-01
-1.583839841046321417e-01
-2.611539999326326011e+01
-1.584817959159752487e-01
-1.584766797436908958e-01
-1.584715581395070017e-01
-1.584666038891557882e-01
-1.584615760132491724e-01
-1.584564469563485012e-01
-1.584512215955464487e-01
-1.584460211140645836e-01
-1.584411865242323081e-01
-1.584360919223837261e-01
-1.584313717259975829e-01
-1.584262103929710563e-01
-1.584209850095970595e-01
-1.209140955569166564e+01
-1.584339902023132185e-01
-1.584288463456899332e-01
-1.584237745335710656e-01
-1.584186396029226562e-01
-1.584134608369091590e-01
-1.584087683265370250e-01
-1.584037523954227866e-01
-1.583984931414626207e-01
-1.583935314889761969e-01
-1.353758030676157276e+01
-1.583917192298260890e-01
-1.583866976266483650e-01
-1.583815808857321761e-01
-1.583765524517203038e-01
-1.583714266371283041e-01
-1.583663761412819060e-01
-1.583615755665079006e-01
-1.583543323726872842e-01
-1.583489896658616947e-01
-1.583438251572341360e-01
-1.583384439930344556e-01
-1.583332662694188486e-01
-1.583282806716044266e-01
-1.583234248101207664e-01
-1.583184684755597760e-01
-1.583132054936678135e-01
-1.583080881182774291e-01
-1.583031073029018687e-01
-1.582980709281643916e-01
-1.582928360537522727e-01
-1.582877991887103597e-01
-1.582828414886357782e-01
-1.582778193961799085e-01
-1.582729226016014734e-01
-1.582678837741068878e-01
-1.582629762399627993e-01
-1.582578890305195163e-01
-1.582528946442813000e-01
-1.582478436411810796e-01
-1.582427272720002276e-01
-1.582373779933452240e-01
-1.582324185032936148e-01
-1.582273636891197710e-01
-1.582223762170636983e-01
-1.582170608462468153e-01
-1.582121510819521348e-01
-1.582071913630780369e-01
-1.582022638074169762e-01
-1.581973264647448252e-01
-1.581920645300260719e-01
-1.581869877915927092e-01
-1.581819066414008046e-01
-1.581768232340072800e-01
-1.581717180025568048e-01
-1.581667456361245117e-01
-1.581614368637742352e-01
-1.581565677001335601e-01
-1.581514183972261844e-01
-1.086905906989622750e+01
-1.581516069038791938e-01
-1.581466391324624354e-01
-1.581415807815751140e-01
-1.581365247915257066e-01
-1.581316430783633598e-01
-1.581266214068931253e-01
-1.581215135052126131e-01
-1.581169014387490412e-01
-1.581115299015328768e-01
-1.581067232313193016e-01
-1.581018058503790569e-01
-1.580967839353792370e-01
-1.580916208875539630e-01
-1.580864434883433312e-01
-1.580811916196862843e-01
-1.253707234264422077e+01
-1.581004481218588886e-01
-1.580955772962619743e-01
-1.580906905332571111e-01
-1.580854531434996435e-01
-1.580803961428148274e-01
-1.580751976102886536e-01
-1.580702566562047773e-01
-1.580651288809412636e-01
-1.580602859397457483e-01
-1.580552774477758105e-01
-1.580503025669824646e-01
-1.580453967343681820e-01
-1.580404564454476468e-01
-1.580352712673232518e-01
-1.580302275839198245e-01
-1.580252282572146005e-01
-1.580203333984561698e-01
-1.066078163201939155e+01
-1.580552436542892736e-01
-1.580501073974242277e-01
-1.580449111420872410e-01
-1.580398348955147081e-01
-1.580199503120977289e-01
-1.580146683504092264e-01
-1.580096313538797703e-01
-1.580047131343420286e-01
-1.579996422274365375e-01
-1.579947668270380856e-01
-1.579893548272386927e-01
-1.579844251361885998e-01
-1.579794692446742366e-01
-1.579746641821931641e-01
-1.579696935328234186e-01
-1.579646508574510388e-01
-1.579596447911750801e-01
-1.579544224922765083e-01
-1.579493537242329937e-01
-1.579444230928585824e-01
-1.149522632293663982e+01
-1.579351356804190587e-01
-1.579301612553288547e-01
-1.579251203095606848e-01
-1.579202201601721534e-01
-1.579146185685472159e-01
-1.579094987343795387e-01
-1.410500520821432069e+01
-1.579230711937219256e-01
-1.579181057673471889e-01
-1.579133130127906848e-01
-1.579083201358399968e-01
-1.579030715280057284e-01
-1.578982797424744178e-01
-1.578931139542070206e-01
-1.578878846293529925e-01
-1.578828943413949637e-01
-1.578778806826441616e-01
-1.578732483833990008e-01
-1.578682497172348709e-01
-1.578633253165476480e-01
-1.578582609161071626e-01
-1.578530972643716890e-01
-1.578479125641427672e-01
-1.578427558936726927e-01
-1.578377954609009315e-01
-1.578326665422035702e-01
-1.578279483045959553e-01
-1.342059741961413089e+01
-1.578485449525585949e-01
-1.578436266684457301e-01
-1.135667685411335093e+01
-1.578646857967368200e-01
-1.578596978287390429e-01
-1.578547621929900224e-01
-1.578499290372998298e-01
-1.578449747396807046e-01
-1.578395962443846501e-01
-1.578346588479885293e-01
-1.578298263244598265e-01
-1.578247004363878547e-01
-1.578194892902328172e-01
-1.140070630843860400e+01
-1.578346744780085853e-01
-1.578296920585748608e-01
-1.578247492409471653e-01
-1.578194101437856156e-01
-1.578143498107669462e-01
-1.578095577220617884e-01
-1.127530771842368829e+01
-1.578009437517469138e-01
-1.577959405237879531e-01
-1.577912667592794027e-01
-1.577862905922948200e-01
-1.577812181199415298e-01
-1.577762485104239054e-01
-1.577711569618306386e-01
-1.577659392976231145e-01
-1.577607230919381986e-01
-1.577649953780474734e-01
-1.577597832111005127e-01
-1.577549884022483029e-01
-1.577501235441106375e-01
-1.577451329107996680e-01
-1.577400681919513270e-01
-1.577349388432968402e-01
-1.577300594120769339e-01
-1.577248454787674725e-01
-1.577197131621865811e-01
-1.577147451198019357e-01
-1.577099035983020037e-01
-1.577049971607096257e-01
-1.577001527467449260e-01
-1.576951654660722624e-01
-1.576901544359345653e-01
-1.576852169879370824e-01
-1.576799764851944397e-01
-1.576750014800855637e-01
-1.576699375757637800e-01
-1.576647566544162882e-01
-1.576598194535309416e-01
-1.576549526031993664e-01
-1.576500064557342096e-01
-1.576451389581303431e-01
-1.576401820649975805e-01
-1.576350497246795934e-01
-1.576300868923396492e-01
-1.576248220558588153e-01
-1.576197796587038569e-01
-1.576148241253693127e-01
-1.576097764720113537e-01
-1.576047935167205483e-01
-1.154124716530476391e+01
-1.576308371637150929e-01
-1.576256943465359217e-01
-1.576209106632072421e-01
-1.576159051456021976e-01
-1.576109045060987701e-01
-1.576060119867294107e-01
-1.576009964719820855e-01
-1.575960321310420076e-01
-1.575908697680238613e-01
-1.575859361983993900e-01
-1.575811050782830181e-01
-1.575761681205927744e-01
-1.258853675781912962e+01
-1.212496902476338434e+01
-1.576432504905889986e-01
-1.576382456719079006e-01
-1.576336712609507640e-01
-1.576285666069186797e-01
-1.576233095509153859e-01
-1.576182951649195696e-01
-1.576131112799777079e-01
-1.576079623111353856e-01
-1.576027462633536325e-01
-1.575980467641881766e-01
-1.575930561428137977e-01
-1.575880750944463060e-01
-1.646092464135783828e+01
-1.576689583848568110e-01
-1.576642884682544488e-01
-1.576595056344525236e-01
-1.576542931359339594e-01
-1.576490282672296794e-01
-1.576438108322651133e-01
-1.576388308098940760e-01
-1.576336994158672178e-01
-1.576285264352604576e-01
-1.576235514547622285e-01
-1.576187683199644918e-01
-1.576140693608924226e-01
-1.576091111855259241e-01
-1.576042142840463345e-01
-1.575989704356212939e-01
-1.575938122514556616e-01
-1.575888040095527465e-01
-1.575838968735628343e-01
-1.575790033539767043e-01
-1.575737505058453503e-01
-1.575689448289042671e-01
-1.575639301604065123e-01
-1.575589219867251922e-01
-1.575541546914855651e-01
-1.575491671835984875e-01
-1.575439850117767160e-01
-1.575388989855257271e-01
-1.575339521504967033e-01
-1.575288566857978301e-01
-1.575237609904780733e-01
-1.575188123268924101e-01
-1.187893658974641653e+01
-1.184863234123516129e+01
-1.575626757444252568e-01
-1.142518029627342635e+01
-1.575697263841224494e-01
-1.575649059094841042e-01
-1.575600869496472656e-01
-1.575549975697997374e-01
-1.575499913471415381e-01
-1.575450456896736184e-01
-1.575400079183088276e-01
-1.575348690170186861e-01
-1.575299935650288918e-01
-1.575250262616218755e-01
-1.575200743066224596e-01
-1.575149701422909054e-01
-1.575099152950304726e-01
-1.575047864070753256e-01
-1.574999753747491904e-01
-1.574947543187036059e-01
-1.574898870393997286e-01
-1.574848911263757867e-01
-1.574800592172307667e-01
-1.574749831761030339e-01
-1.574699509505102790e-01
-1.574649297222098787e-01
-1.574600784324809988e-01
-1.574552417054487785e-01
-1.574504672556192031e-01
-1.574453942788512917e-01
-1.574405508103108031e-01
-1.574352767556801147e-01
-1.574303036790812849e-01
-1.574249817625127668e-01
-1.574198785691460767e-01
-1.574151585628136840e-01
-1.574103170338106705e-01
-1.574052032596803818e-01
-1.574002961346867291e-01
-1.573954012754059939e-01
-1.573905134636117142e-01
-1.573854542602922124e-01
-1.573802366102226569e-01
-1.573750317953395428e-01
-1.573703275945576852e-01
-1.573652756778169126e-01
-1.573598840709836966e-01
-1.573550937788745496e-01
-1.573501598933775836e-01
-1.573451781122031379e-01
-1.573403314609482517e-01
-1.573354320709593190e-01
-1.573306416471955127e-01
-1.573258465740026701e-01
-1.573207418480999098e-01
