6.780909536736625398e+01
5.391375433977269438e+01
4.286583702744425040e+01
3.408184835529070256e+01
2.709786540195167959e+01
2.154503128795958844e+01
1.713007569655786355e+01
1.361982538544601340e+01
1.082888911100197937e+01
8.609865744247139574e+00
6.845559608971298893e+00
5.442790679921838404e+00
4.327473588300606799e+00
3.440704095033054521e+00
2.735648672587829289e+00
2.175070969888197148e+00
1.729364934704907153e+00
1.374991354774408370e+00
1.093234655754715012e+00
8.692144370906408346e-01
6.910994825556008303e-01
5.494830730339532732e-01
4.368860406056253587e-01
3.473618507649003928e-01
2.761825242737693809e-01
2.195888893212089577e-01
1.745921213681718986e-01
1.388158409596962073e-01
1.103706286555235228e-01
8.775424208052878816e-02
6.977226516498649667e-02
5.547504131759647961e-02
4.410751113488395325e-02
3.506933943460648073e-02
2.788320586820846464e-02
2.216960468110568822e-02
1.762679250866398470e-02
1.401485946107350680e-02
1.114305579779370156e-02
8.859719433892344204e-03
7.044266000855932061e-03
5.600820078306079780e-03
4.453152910333308886e-03
3.540655692388031215e-03
2.815139369327227577e-03
2.238289281563545126e-03
1.779641924019138106e-03
1.414976242144346755e-03
1.125034338265289060e-03
8.945044534612051762e-04
3.158402007546109395e-03
