-2.724249152541631247e+01
-2.931436600671697978e-01
-2.367559394037532794e-01
-1.974075537476396580e-01
-1.876914067325468061e-01
-1.580438551199480901e-01
-1.490683654623659038e-01
-1.560019196473277248e+01
-2.182423578765877170e-01
-1.771030302710916993e-01
-1.680301710557559058e-01
-1.371666823271924329e+01
-1.812113139745645252e-01
-1.755155863567101904e-01
-1.543231541021840014e-01
-1.616667731147626574e-01
-1.598972810815529610e-01
-1.526315240577261756e-01
-1.468123095174727888e-01
-1.560698181702258880e-01
-1.262989232851401233e+01
-2.690693022359661457e-01
-1.990265607623556976e-01
-1.802286226495922739e-01
-1.692148115074358639e-01
-1.695705570440396992e-01
-1.546240290686525520e-01
-1.799932640467584999e-01
-1.488575638179069072e-01
-1.438163765263894556e-01
-1.481293964779293038e-01
-1.451579144529482612e-01
-1.521627760986076772e-01
-1.361335261946644282e-01
-1.520193351965297146e-01
-1.410137605953702966e-01
-1.298019524671298086e+01
-2.013367350090748686e-01
-2.377501348398506309e+01
-1.104355168963621736e+01
-2.634603399583453354e-01
-2.112405667680245236e-01
-1.909291137160497864e-01
-1.736164665887385272e-01
-1.733454552586557174e-01
-1.622738492519608111e-01
-1.580202013887974932e-01
-1.741046006086758302e-01
-1.494253745947333456e-01
-1.466978249478031737e-01
-1.544010090556117154e-01
-1.555263956182619534e-01
-1.383829829141212386e-01
-1.453806828300786280e-01
-1.540837543046714997e-01
-1.381219293766363931e-01
-1.062499658246886014e+02
-5.862571199765151952e+00
-4.032418829682078432e+00
-8.800132031502066354e+00
-4.433678043737263041e-01
-3.313485827753452906e-01
-3.056480372244163024e-01
-2.611066739959739813e-01
-2.543317711478273457e-01
-2.472045836237776184e-01
-2.301618184073604134e-01
-2.183579566206706457e-01
-1.295918213323213841e+01
-2.307702086705175903e-01
-2.043841518733515994e-01
-2.121008819833817838e-01
-1.931717859294962980e-01
-1.820648236306121881e-01
-1.734234459471322987e-01
-2.443068151667397458e+01
-2.832356035055274557e-01
-2.252110605463619186e-01
-2.056618422454974671e-01
-1.875777187011390956e-01
-1.933551530244340400e-01
-1.729318350010725647e-01
-1.653592291291943739e-01
-1.546728992813417858e-01
-1.686975811875891795e-01
-1.226891811165929802e+01
-1.393748583738348223e+01
-3.201221228782289985e-01
-2.115487634868015443e-01
-1.948277541748553721e-01
-1.885636320885306638e-01
-1.633233790737078084e-01
-1.885089381472133674e-01
-1.213898038671423940e+01
-1.958666418106967955e-01
-1.854353169202934692e-01
-1.794784217481747990e-01
-1.645633698751990948e-01
-1.635087954695556012e-01
-1.273335033162947205e+01
-1.890150868285197239e-01
-1.792003573996179266e-01
-1.827478671762856055e-01
-1.631185620924570923e-01
-1.680342613582803957e-01
-1.088929034136211982e+01
-1.966576027357370970e-01
-1.814429508444608818e-01
-1.612094638067551877e-01
-1.629406023910386081e-01
-8.549686034419648806e+00
-1.797352262296491865e-01
-1.657565588001851609e+01
-3.124828011126923322e-01
-2.565641259043184297e-01
-1.979816534225050939e-01
-1.980175567079560384e-01
-1.880022204924763352e-01
-1.768571613825366817e-01
-1.813173596111503916e-01
-1.657284158170453936e-01
-1.718288825486977700e-01
-1.587535328114192956e-01
-1.555960149886434774e-01
-1.632567955981829300e-01
-1.558123373806784562e-01
-1.529522662763556917e-01
-1.630538533403493584e-01
-1.511875042584148177e-01
-1.545088543626231825e-01
-1.480972508917761943e-01
-1.649131992302803051e-01
-1.465055896379219569e-01
-1.562491959552069487e-01
-1.569146359976981153e-01
-1.434154317782646570e-01
-1.578317233715245127e-01
-1.414957889251388379e-01
-1.412260258693090464e-01
-1.504446622734256223e-01
-1.450710042631625785e-01
-1.485551827672565717e-01
-1.497338309110630428e-01
-1.382222746929380741e-01
-1.358098941090960521e-01
-1.488355485779253862e-01
-1.408815185036255690e-01
-1.412206337212586205e-01
-1.442789118383946967e-01
-1.463752044069474290e-01
-1.417298732049136201e-01
-1.309617161145666675e-01
-1.466200467641289584e-01
-1.333099342467845561e-01
-1.336210214971101928e-01
-1.478475244816624123e-01
-1.332751037087519519e-01
-1.349512044171328751e-01
-1.555675198415424065e-01
-1.381242309930690582e-01
-1.375742898687741800e-01
-1.402233935905213003e-01
-1.418238082761490715e-01
-1.424202750288314778e-01
-1.311144081190242228e-01
-1.407400262733174423e-01
-1.221177378872878305e-01
-1.500287893870440870e-01
-1.404857606552604443e-01
-1.368364240435572254e-01
-1.365455551343703056e-01
-1.314269171659119273e-01
-1.423548388770055628e-01
-1.411649172830426180e-01
-1.135733320990264872e+01
-1.911341690056438114e-01
-1.367859374614230628e-01
-1.230356435502280160e-01
-1.495443894720153433e-01
-1.337078814026064488e-01
-1.385316679616039326e-01
-1.338692191826149624e-01
-1.385536639641671008e-01
-1.387249560705948181e-01
-1.278541667199309673e-01
-1.291310389330999064e-01
-1.323916711816854608e-01
-1.318691552036876102e-01
-1.351031991363533247e-01
-1.392232232157056271e-01
-1.397165469367087909e-01
-1.264566611528289974e-01
-1.339316710868809490e-01
-1.306553447316757821e-01
-1.412976254799476750e-01
-1.456424451059382674e-01
-9.223566613661715152e+00
-1.551442656395322917e-01
-1.537081109161608505e-01
-1.502966432984852163e-01
-1.287890008800539055e-01
-1.398749670143243085e-01
-1.222152128883596117e-01
-1.387187893263928107e-01
-1.525729740803609957e-01
-1.417311657602783881e-01
-1.255306150872760873e-01
-1.198115873784550267e+01
-2.817126890008374573e-01
-1.640286687657060982e-01
-1.505763698118267879e-01
-1.496323789733879916e-01
-1.354989270755006525e-01
-1.315948643389764638e-01
-1.543253060562203571e-01
-1.499591511076023009e-01
-1.369003956856734983e-01
-1.302667876191840601e-01
-1.314372770724862860e-01
-1.404713006637077211e-01
-1.433458050129660377e-01
-1.335968428642640426e-01
-1.427730599654057630e-01
-1.440061045127299932e-01
-1.411018224488304607e-01
-1.299590544086815513e-01
-1.240694601629189348e-01
-1.384996401501922669e+01
-2.206826706183458997e-01
-1.935528453849677810e-01
-1.660727518318650675e-01
-1.640650001098740707e-01
-1.520579028227650731e-01
-1.433967198574195578e-01
-1.594811757848353939e-01
-1.540831786675316006e-01
-1.333097852186792276e-01
-1.396257043110021634e+01
-1.660875207280695931e-01
-1.401974621004803967e-01
-1.505514743746732553e-01
-1.625276326756583956e-01
-6.214278488274257661e+00
-1.521924100515104072e+01
-2.613853998321130634e-01
-9.463394934155621385e+00
-2.357856878254394606e-01
-1.784749319403976797e-01
-1.735754495519569729e-01
-1.590213731489950877e-01
-1.563207987273266542e-01
-1.553356616850909977e-01
-1.574964225581786115e-01
-1.264887763539082322e+01
-2.645541412865348718e-01
-1.836908049175715318e-01
-1.982658706305333496e+01
-2.248975189877258918e-01
-1.793808740262714252e-01
-1.753713191237957214e-01
-1.612367784296706852e-01
-1.612354599232080909e-01
-1.574846495794588741e-01
-1.494197768359389888e-01
-1.676254017248511030e-01
-1.520692057008401210e-01
-1.167879108581356640e+01
-1.933181414688401878e-01
-1.588892232521534331e-01
-1.459049706495128274e-01
-1.494105911726495983e-01
-1.442597606940838884e-01
-1.075675896776070140e+01
-1.602193634763951491e-01
-1.543187720364002369e-01
-1.498418116184059845e-01
-1.502873264183904323e-01
-1.365730493538059587e-01
-1.449649690297374338e-01
-1.510914360204528295e-01
-1.411282170564707728e-01
-1.409628006573338255e-01
-1.432795619644293139e-01
-1.328372461812875327e-01
-1.522886915709329436e-01
-1.112212013766511881e-01
-1.390064904317281913e-01
-1.389916739469654605e-01
-1.350609532724920958e-01
-1.425773074695555753e-01
-9.002449103582078394e+00
-1.511962203125474524e-01
-1.384857594894088606e-01
-1.418076072764138107e-01
-1.345343591225617308e-01
-1.335164398700365296e-01
-1.482612856518381594e-01
-1.461054459302250363e-01
-1.278941289761698907e-01
-1.397717928458018788e-01
-1.354612202206250116e-01
-1.414229342624142849e-01
-1.409908696955038676e-01
-1.358025500212775849e-01
-1.307155729908628938e-01
-1.435841304614008940e-01
-1.262842488199527602e-01
-1.317065502066036287e-01
-1.357619650681908818e-01
-1.295289779875622160e-01
-1.339803201397419541e-01
-1.360122251067744925e-01
-1.362089628292260657e-01
-1.373075233841386800e-01
-1.228322661925986964e-01
-1.254866989426556279e-01
-1.318968674852582235e-01
-1.315915438203788812e-01
-1.373512348625910739e+01
-1.883695931123029466e-01
-1.549487706309793655e-01
-1.094674486393021162e+01
-1.938658915646652714e-01
-1.538450024560131246e-01
-1.613716537439078558e-01
-1.421926291665817632e-01
-1.400393605867623625e-01
-6.138311901576963692e+01
-6.175255932456763519e-01
-3.621251524279047729e-01
-2.932502273019434447e-01
-2.453585761225476891e-01
-1.646052374118792017e+01
-4.188860807361824978e-01
-2.985103552218082434e-01
-2.564181284418105000e-01
-2.359023496598038061e-01
-2.116272515375054175e-01
-1.854182720587025657e-01
-1.962889512965533545e-01
-1.782596163598850481e-01
-1.926747286475435084e-01
-1.794242887067062919e-01
-1.715306354780177511e-01
-1.672528203697904170e-01
-1.618067697346677047e-01
-1.717390942355421224e-01
-1.750288587483583014e-01
-1.558568970571087287e-01
-1.573042230193150148e-01
-1.624495275838369890e-01
-1.457391103551064770e-01
-1.602142195670862856e-01
-1.521573047587462535e-01
-1.445350816963267560e-01
-1.454700851329533695e-01
-1.400896368450322005e-01
-1.439852288653049317e-01
-1.560917441770348635e-01
-1.399171073875987992e-01
-1.452068932087570152e-01
-1.429446024988167696e-01
-1.470844117161183295e-01
-1.522270122565469175e-01
-1.529043079661041027e-01
-1.473424160022244189e-01
-1.440209404199233600e-01
-1.510174009022442754e-01
-1.482358562510877054e-01
-1.393643289681134600e-01
-1.403044869448628884e-01
-1.320219582403663050e-01
-1.475761317770282188e-01
-1.444715194583043594e-01
-1.307851311615630951e-01
-1.517149523907291020e-01
-1.424554177297723545e-01
-1.363490976928682374e-01
-1.480257292358201915e-01
-1.326502108898706678e-01
-1.454386858877591004e-01
-1.400432019901614866e-01
-1.293634902175760104e-01
-1.345586075541741755e-01
-1.410565868348672425e-01
-1.458787261804559421e-01
-1.344141809265707588e-01
-1.344768660209914035e-01
-1.416848989567736083e+01
-2.154411748864861198e-01
-1.653692335482506715e-01
-1.516289513496517360e-01
-1.412748764534907664e-01
-1.451660338299254616e-01
-1.341629871396329277e-01
-1.456060964676165193e-01
-1.271965220919656359e-01
-1.335753331918389519e-01
-1.357534095656580142e+01
-1.831657827844296871e-01
-1.653464744338944969e-01
-1.556920439506351839e-01
-1.342807491270542053e-01
-1.426415218281338049e-01
-1.344932893464629853e-01
-1.482955171639026570e-01
-1.481178199411666285e-01
-1.344922084744883117e-01
-1.468798613327320368e-01
-1.323634144116362377e-01
-1.295356827546935707e-01
-1.385861605015009657e-01
-1.258925985470706332e-01
-1.299060976774022436e-01
-1.330385120419832479e-01
-1.425413709492175385e-01
-1.301278088807801270e-01
-1.241287317625850706e-01
-1.331300863336611073e-01
-1.521874109100916073e+01
-1.168895749038738430e+01
-1.929758358298658827e-01
-1.379784535151241620e+01
-1.933718180916195462e-01
-1.599799996201812791e-01
-1.456380636645937532e-01
-1.605669791606326724e-01
-1.431100006464994245e-01
-1.335175464060865125e-01
-1.427060074274300594e-01
-1.357079276113399291e-01
-1.342081239084735866e-01
-1.344688831920038408e-01
-1.399983173213893706e-01
-1.335694727744247967e-01
-1.361223370092862761e-01
-1.520938925236015593e-01
-1.325159076487228693e-01
-1.375096068664493076e-01
-1.244575773415301928e-01
-1.019760371240822039e+01
-1.683601139116033263e-01
-1.408603115572578390e-01
-1.456690705252123574e-01
-1.410952675188896221e-01
-1.334078823592382002e-01
-1.365380402383753466e-01
-1.230765533783398924e-01
-1.321730439927095158e-01
-1.325749484737240580e-01
-1.276360703731923563e-01
-1.325415642962260998e-01
-1.252452534722346411e-01
-1.405717612233378100e-01
-1.368771460260711503e-01
-1.298167071502751568e-01
-1.275008047851607096e-01
-1.287166633643107572e-01
-1.354954642092518757e-01
-1.333351410712204088e-01
-1.426088508857277226e-01
-1.378049081327185343e-01
-1.265458375130159219e+01
-1.604391004304454582e-01
-1.403500735440418867e-01
-1.303044469861874555e-01
-1.310813370336517125e-01
-1.391580547772644572e+01
-5.416576807686220851e-01
-2.367261160399393993e-01
-1.621580182367654555e-01
-1.517445115817047385e-01
-1.505335746504705419e-01
-1.661829891042308216e-01
-1.545915438893362692e-01
-1.438106080090461592e-01
-1.332929470480393452e-01
-1.275580715203308013e-01
-1.372012283374868524e-01
-1.359099306818931097e-01
-1.332765216075770531e-01
-1.452058914549918534e-01
-1.374855429012347696e-01
-1.362025464298942390e-01
-1.400784003948868095e-01
-1.293870936362667423e-01
-1.306274373821648682e-01
-1.261110119167765664e-01
-1.265004536367609900e-01
-1.233006189910520883e-01
-1.300711790945970059e-01
-1.450632114167780262e-01
-1.336344586342011476e-01
-1.220234095125976720e-01
-1.441113715274075779e-01
-1.469694609372711014e+01
-2.004303146836010352e-01
-1.780728401495509927e-01
-1.502605094376956996e-01
-1.458252468196750973e-01
-1.489151019012673605e-01
-1.455518466049370296e-01
-1.357392612231768936e-01
-1.364270108375040813e-01
-1.355628262223954328e-01
-1.376467956018356809e-01
-1.268880186863860504e-01
-1.265473575112295301e-01
-1.330138745052279747e-01
-1.243049205445796584e-01
-1.296454255295735603e-01
-1.347920069742712945e-01
-1.303020138863217603e-01
-1.384358806555763544e-01
-1.274789691123039692e-01
-1.223878615244251705e-01
-1.261963712818527650e-01
-1.259724420545050017e-01
-1.347832366936052295e-01
-1.166787664350264486e-01
-1.304419067535465271e-01
-1.365659330605980548e-01
-1.353604572804550099e-01
-1.215976352406271249e-01
-1.265785401578208569e-01
-1.241609846655730709e-01
-1.205949696582657577e-01
-1.315974377058527489e-01
-1.224093600945142662e-01
-1.301674610332755611e-01
-1.422472701277012241e+01
-1.511413420335283031e-01
-1.448011116370025997e-01
-1.383578536041854545e-01
-1.081832609629406505e+01
-1.671418367145225958e-01
-1.529812218046695260e-01
-1.398859399156813788e-01
-1.390079696771354401e-01
-1.345418384019634039e-01
-1.267883611018607937e+01
-1.124325517984117617e+01
-2.015317977464747279e-01
-1.325484335506370392e+01
-1.866992265549849428e-01
-1.624294604653974683e-01
-1.571216549580758404e-01
-1.461097597216734212e-01
-1.610020748368178323e-01
-1.520893227436017348e-01
-1.014767567606835996e+01
-1.688637455604836690e-01
-1.371558291048214084e-01
-1.440645407519218490e-01
-1.377051887378772932e-01
-1.308540272526520776e-01
-1.369692399821288709e-01
-1.449966430104445425e-01
-1.347032975640216901e-01
-1.412770186532049110e-01
-1.023796224015338119e+01
-2.672947292132615282e-01
-1.617912630594266488e-01
-1.326093056069708709e+01
-1.941160723652477216e-01
-1.737787526841578778e-01
-1.660734923196169055e-01
-1.451308868183526779e-01
-1.387902114548914267e-01
-1.631338944732272922e-01
-1.380903801041089562e-01
-1.038769697506929290e+01
-1.733340004006141688e-01
-1.684399474819491815e-01
-1.489047058024939862e-01
-1.452784053849482115e-01
-1.378817901627620024e-01
-1.396693605269821448e-01
-1.519116109912733992e-01
-1.267509730318191474e-01
-1.330575247671592076e-01
-1.486211618880667606e-01
-1.268201253180389343e-01
-1.379781808081428640e-01
-1.321058838355296250e-01
-1.422762716614505507e+01
-1.951053653382600894e-01
-1.520079566591208964e-01
-1.509002640802823703e-01
-1.303667535263156319e-01
-1.433907163367162674e-01
-1.328015354128034287e-01
-1.258514079284023812e-01
-1.303352004465705705e-01
-1.258679440939397542e-01
-1.407396379327922886e-01
-1.360236392367286939e-01
-1.294393982520532227e-01
-1.397275052850787680e-01
-1.303495277559683641e-01
-1.230983040102092418e-01
-1.411498691962342900e-01
-1.250701376576288937e-01
-1.418767873154090364e-01
-1.221686074065678751e-01
-1.277255964687819823e-01
-1.344981631805347355e+01
-1.720152078616948021e-01
-1.423119285302106574e-01
-1.435458204598861753e-01
-1.291697985038877672e-01
-1.186430838802561560e-01
-1.328989258095126802e-01
-1.372245371567931138e-01
-1.278322872134374510e-01
-1.205543424420653931e-01
-1.211669919707498710e-01
-5.335361344620334734e+01
-1.768365531761423082e+00
-9.775068440710639184e-01
-1.284454922909904795e+01
-9.806090188023240728e+00
-5.304705947404625421e-01
-5.481224385322115644e+00
-1.304178521626858789e+01
-8.511487080561892071e+00
-8.479076816152486984e+00
-3.717583412375503049e-01
-3.376334636019470703e-01
-2.773223919489383182e-01
-2.934897805649513969e-01
-2.695861769889529858e-01
-2.393588249594064132e-01
-2.375311919228883517e-01
-2.483904004632017382e-01
-2.114198664704990960e-01
-2.459724563071266346e+01
-3.960581348707086780e-01
-2.923461998698214104e-01
-2.543209876690221138e-01
-2.271548566283364268e-01
-2.440928701653917177e-01
-2.206877455952542810e-01
-1.990865945610112986e-01
-2.177988687456719474e-01
-2.084782735874130266e-01
-1.871441916544750728e-01
-1.932730320525407053e-01
-2.096689906780642709e-01
-1.786034298028993661e-01
-1.741605793198213459e-01
-1.907690494843293783e-01
-1.924237762432374765e-01
-1.905201992547254086e-01
-1.788094872211050956e-01
-1.881258820129955156e-01
-1.693937339371675566e-01
-1.223722016559191239e+01
-2.142317855670493321e-01
-1.789842132874054081e-01
-1.774309333984105397e-01
-1.738822971563442898e-01
-1.684570275648936410e-01
-1.752758398717996213e-01
-1.660819775465808001e-01
-1.616319708853220793e-01
-1.511158684921776185e-01
-1.738998400206744621e-01
-1.567912037928298197e-01
-1.613563154040403014e-01
-1.451195603290016956e-01
-1.569045414764765334e-01
-1.591676991629305815e-01
-1.637290440878846343e-01
-1.610286719681382483e-01
-1.752289685472122049e-01
-1.490411799273874682e-01
-1.452773066653006429e-01
-1.573662584559994693e-01
-1.768553659429879799e-01
-1.419400854701558801e-01
-1.540963290615440795e-01
-1.518713896709392441e-01
-1.645355532574406254e-01
-1.746406356614600697e-01
-1.441274508593906600e-01
-1.442299474730679709e-01
-1.419037523880305462e-01
-1.562061327704725722e-01
-1.674480247211000972e-01
-1.484531788115479312e-01
-1.557682165521606099e-01
-1.412532225222140891e-01
-1.431680365627516771e-01
-1.368568128552746510e-01
-1.478159956430483146e-01
-1.488048021700033308e-01
-1.392111676274281618e-01
-1.273684167030996228e+01
-1.748513662642223465e-01
-1.643072057657074814e-01
-2.142722445909703666e+01
-3.764942026864152580e-01
-1.687442511670583789e-01
-1.750387520173250500e-01
-1.643571065701003031e-01
-1.485195722586403477e-01
-1.465570776960101740e-01
-1.496019564061914497e-01
-1.522690240369481973e-01
-1.402809641563702581e-01
-1.703711912721490307e-01
-1.617269142884368849e-01
-1.437117909386907977e-01
-1.451004863973018311e-01
-1.491413440953949232e-01
-1.336078857968312217e-01
-1.604286332698065254e-01
-1.413323997373479857e-01
-1.409733975091115865e-01
-1.583292788998788281e-01
-1.430920534623316420e-01
-1.460413508264938875e-01
-1.394569405360117920e-01
-1.517722690541220276e-01
-1.488051487494710945e-01
-1.436221489829855313e-01
-1.527250542355018115e-01
-1.388585258524887012e-01
-1.473808662138943182e-01
-1.329171175180144382e-01
-1.489501109180902949e-01
-1.335127158895122457e-01
-1.401351494753275417e-01
-1.225510877641716867e+01
-2.490422409038038076e-01
-1.573869218736557996e-01
-1.553010904753988619e-01
-1.545111402444133419e-01
-1.497267802419336991e-01
-1.589889179105128947e-01
-1.468708755563542800e-01
-1.496542676851646547e-01
-1.255117886912771596e-01
-1.408235146798266224e-01
-1.299990008326661062e-01
-1.565291396598017248e-01
-1.357964705550203932e-01
-1.422588074375957523e-01
-1.419783493960142251e-01
-1.383225630321062993e-01
-1.368303853636476108e-01
-1.323563630325233220e-01
-1.373528840405451312e-01
-1.457931691857676237e-01
-1.441331162054568238e-01
-1.254818926711578075e-01
-1.414869991664045035e-01
-1.255410116441532109e-01
-1.374639256823691480e-01
-1.269792791560115930e-01
-1.369041576070040012e-01
-1.370263248630869679e-01
-1.465376024458718007e-01
-1.271089391994892626e-01
-1.359819069561379601e-01
-1.237377632713898279e-01
-1.405916865771521806e-01
-1.439816225951293105e-01
-1.334281990949397201e-01
-1.364652085578005880e-01
-1.424107178090714687e-01
-1.416918775633445593e-01
-1.431515911582381673e-01
-1.333166549247822019e-01
-1.367447209692538301e-01
-1.330460172842074518e-01
-1.420251642402792502e-01
-1.342297280761515499e-01
-1.355378720895794864e-01
-1.416100351779495947e-01
-1.420370286294364015e-01
-1.318735790101302208e-01
-1.278901951275047966e-01
-1.780050100646949218e+01
-7.913518952539133622e-01
-4.220823354450848885e-01
-3.121847147883977103e-01
-2.653691150975424629e-01
-2.512511052946357903e-01
-2.154523044208400406e-01
-2.043361555706039168e-01
-2.109103132040787698e-01
-1.830687733297817477e-01
-1.748186056644071007e-01
-1.801878542589711585e-01
-1.637905086294920709e-01
-1.744202787390673193e-01
-1.349551109148957551e+01
-1.761737739671991598e-01
-1.724339057593400060e-01
-1.576321795768700351e-01
-1.555893563371706367e-01
-1.719409642105005076e-01
-1.540683539522013645e-01
-1.455529210124015260e-01
-1.459862312411379370e-01
-1.567452406522683306e-01
-1.453899808707990182e-01
-1.525363386397665111e-01
-1.450400479926319541e-01
-1.576450952596901156e-01
-1.507621880189704555e-01
-1.443298987816529766e-01
-1.325946494052108460e-01
-1.448063663756918029e-01
-1.441482474119584190e-01
-1.319383800907849569e-01
-1.466637450597580161e-01
-1.384850129723779233e+01
-2.427576907516110771e-01
-1.778539491340925816e-01
-1.454852555858077989e-01
-1.506416287149632549e-01
-1.612598089014033731e-01
-1.472399957530878545e-01
-1.398615618379662751e-01
-1.540911896014468818e-01
-1.381455444069162597e-01
-1.443094237478551034e-01
-1.528502751385253655e-01
-1.458076253676284240e-01
-1.447739022927248542e-01
-1.351224163837313197e-01
-1.432055631866407108e-01
-1.394495232920217598e-01
-1.461116523854197879e-01
-1.407352513996420196e-01
-1.356173110178928165e-01
-1.335335067847146506e-01
-1.073504063389609975e+01
-1.779423394023698646e-01
-1.400762712719779424e-01
-1.387584408460418861e-01
-1.383138029579635275e-01
-1.423829119709979774e-01
-1.354039530832258365e-01
-1.427837094368669957e-01
-1.397939258475610624e-01
-1.426409821124975663e-01
-1.280849836795449614e-01
-1.634984444995765074e+01
-1.354331938398995461e-01
-1.386130802886192948e-01
-1.365373984960015774e-01
-1.290240874828834927e-01
-1.757221364420874110e+01
-1.844316129914797031e+01
-1.141125904726655094e+01
-1.139766790194782509e+01
-2.978652729930807430e-01
-2.233364074335233151e-01
-1.867437461651602904e-01
-1.826527629511450201e-01
-6.230402923992985009e+00
-7.151124901446949345e+00
-2.251678878830664643e-01
-2.060744014360745835e-01
-1.823016060452955223e-01
-5.979975573706878933e+00
-1.955597737524687740e-01
-1.648888685083446937e-01
-1.149238005051456213e+01
-6.370127446082079814e+00
-1.609937939073548541e-01
-1.481633635984983821e-01
-1.507894864450184114e-01
-1.539082093487708913e-01
-1.619300693400033408e-01
-1.440932614660162814e-01
-1.463239899232209318e-01
-1.453475739058949223e-01
-1.391260063987881657e-01
-1.462476257476358343e-01
-1.279795074965321688e-01
-1.421047187211852136e-01
-1.833539399823908411e+01
-1.950996041908556189e-01
-1.672347835288035822e-01
-1.554274063873983258e-01
-1.375236355251098497e-01
-1.398458013431849167e-01
-6.802096947536911742e+00
-1.775409626182808953e-01
-1.570199834737242006e-01
-1.660919545310685086e-01
-1.386854024832699928e-01
-1.377361348702490773e-01
-1.435189257473531710e-01
-1.524307733962088074e-01
-1.553041865080291295e-01
-1.340053584628194405e-01
-1.403616637284131607e-01
-1.340668088596283503e-01
-1.400246529781730420e-01
-1.320533516680647834e-01
-1.198258420806248203e+01
-1.769473730783133747e-01
-1.641635560420355022e-01
-1.486684966182978129e-01
-1.442458389696163468e-01
-1.440596743337257124e-01
-1.315727614206180507e-01
-1.362398561151351439e-01
-1.267463695672989832e-01
-1.426895762627734265e-01
-1.501438213657343146e-01
-2.106473155723980639e+01
-1.920082353072661008e-01
-1.650970228706032661e-01
-1.462697645743616104e-01
-1.292134632284672735e-01
-1.567740334120424628e-01
-1.435275357475127300e-01
-1.395360831717826489e-01
-1.434322545604490851e-01
-1.424005719612003729e-01
-1.001510972440083869e+01
-1.753782197982754754e-01
-1.458921792375126314e-01
-1.514131996746629349e-01
-1.377515998669288089e-01
-1.363423258298961382e-01
-1.298126178117121299e+01
-1.943274806791203679e-01
-8.529091704790339179e+00
-2.010388809718949843e-01
-1.755884803947312667e-01
-1.679976264807964970e-01
-1.492651571642534536e-01
-1.389644036395042137e-01
-1.230195453121782023e+01
-1.187503107143967895e+01
-4.638098489453295614e-01
-3.090789458229072362e-01
-2.647880802172752901e-01
-2.261505776606077545e-01
-2.146490997587228722e-01
-2.028589178237000801e-01
-1.752980880096121630e-01
-1.942554497846640249e-01
-1.775000258881802018e-01
-1.857573133043164681e-01
-1.740646802397190496e-01
-1.741295352406561081e-01
-1.591336729192814325e-01
-1.624420911973872561e-01
-1.611462395950674920e-01
-1.426367777294999328e+01
-2.164142374528896795e-01
-1.898394222233534823e-01
-1.651414443575289215e-01
-1.619122755345912268e-01
-1.696808071422120923e-01
-1.743776872574650805e-01
-1.530678356953328878e-01
-1.503722181775461464e-01
-1.467326037761354784e-01
-1.453644499071051754e-01
-1.498151290111399414e-01
-1.413745483024516636e-01
-1.675959199313345749e-01
-1.624458698804448209e-01
-1.550278966452539597e-01
-1.322383633419775550e-01
-1.403359577919136569e-01
-1.375474731023372532e-01
-1.350311661681494746e-01
-1.338067300302920315e-01
-1.494532933085571391e-01
-1.516032082226149713e-01
-1.317302195777355356e-01
-1.459006597642281411e-01
-1.447118880403410190e-01
-1.336618197371531869e-01
-1.500218619771127027e-01
-1.441963837866645781e-01
-1.253548751021688334e-01
-1.349253734373715707e-01
-1.466012767414788531e-01
-1.255229128920675175e-01
-1.312835032211731590e-01
-1.512619636658663058e-01
-1.422039227532156946e-01
-1.303578574116754929e-01
-1.303499786269235183e-01
-1.438776955676398794e-01
-1.355922064804087057e-01
-1.352455911773960961e-01
-1.185449586579183112e+01
-1.741495490090113341e-01
-1.499687518226067440e-01
-1.284995714254649535e+01
-1.708254415696260631e-01
-1.518205809708954024e-01
-1.555340586661549673e-01
-1.435446134000094298e-01
-1.384971565437912167e-01
-1.495939219022082156e-01
-1.245840378658270575e-01
-1.261661544716630445e-01
-1.938177003795588504e+01
-2.812980829216022438e-01
-1.707738255022118734e-01
-1.556249624651313834e-01
-1.543643957127351640e-01
-1.597518264260343601e-01
-1.366904576427537266e-01
-1.343357673909404970e-01
-1.512598963551194664e-01
-1.386615678193783840e-01
-1.298097310841874741e-01
-1.300995908031756521e-01
-1.300378697115145976e-01
-1.311602649369745244e-01
-1.410556039017167862e-01
-1.300120803724677254e-01
-1.399978605213680338e-01
-1.285794885542112242e-01
-1.341513330122843795e-01
-1.269471859392585222e-01
-1.289055589323243600e-01
-1.316045334689611435e-01
-1.252812754713116539e-01
-1.225595372562927748e-01
-1.285814600615605707e-01
-1.177357346732299942e-01
-1.204022575790747035e-01
-1.328360287280342111e-01
-1.291107543097385346e-01
-1.344724635645013766e-01
-1.189623557874670973e-01
-1.183082176446082073e-01
-1.266152966627347443e-01
-1.244517120518506548e-01
-1.190056113366943641e-01
-1.215815047337925336e-01
-1.292064913382301450e-01
-1.278516647004160345e-01
-1.155816170292748718e-01
-1.313608133514901910e-01
-1.203455698714063077e-01
-1.294888089926343744e-01
-1.207692849074685076e-01
-1.078263147583653847e+01
-1.305567393835732659e+01
-1.576528649843242647e-01
-1.508512365467053751e-01
-1.365405840775297530e-01
-1.195216228367245570e+01
-1.765868576547255653e-01
-1.527718826744852432e-01
-1.443356817071653753e-01
-1.542800871426625864e-01
-1.345500306947818026e-01
-1.384712957906388819e-01
-1.324255707484958966e-01
-1.363877016844740331e-01
-1.303771936950763599e-01
-1.402483530445339521e-01
-1.289121463651420330e-01
-1.298061592623425409e-01
-1.238484806163299978e-01
-1.369579662930784925e-01
-1.289637700769976913e-01
-1.346862017753625573e-01
-1.219478378410301517e-01
-1.290378142175775122e-01
-1.230346903213382775e-01
-1.264012988561789563e-01
-1.334555770216295234e-01
-1.290161482700196982e-01
-1.299836617319715115e-01
-1.264852146901412899e-01
-1.135196895303013098e-01
-1.229324648664633091e-01
-1.307016053206397910e-01
-1.313218189780001877e-01
-1.207799910842780045e-01
-1.078149646445205889e-01
-1.243092159532225988e-01
-1.257907242688337257e-01
-1.164313698140118231e-01
-1.222142433111386706e-01
-1.221348668028402196e-01
-1.193441189376633210e-01
-1.321086199687901419e-01
-1.355302400706082655e-01
-1.157597989989819082e-01
-1.236992187526877590e-01
-1.165835218396296946e-01
-1.214976743549124188e-01
-1.156582001621752204e-01
-1.313824009975471940e-01
-1.177593768115475781e-01
-1.251452156648599490e-01
-1.162753165767723140e-01
-1.074719363604864919e-01
-1.284625825190067461e-01
-1.253521908518401284e-01
-1.899786291468495847e+01
-1.515269481487808712e-01
-1.528416267700434261e-01
-1.484066953696072944e-01
-1.313234816666378202e-01
-1.178412709759831678e+01
-7.115654923010468202e+00
-1.374596752009725198e-01
-1.428781146707363003e-01
-1.445369383555602516e-01
-1.712585867078598723e-01
-8.551983456867210620e+00
-2.046379581263559067e-01
-1.568581276383997081e-01
-1.491675650875059211e-01
-1.484516935955979555e-01
-1.440933205558458385e-01
-1.358439521122705718e-01
-1.579061333135332590e-01
-1.314633613883519625e-01
-1.371415901145258132e-01
-1.411652408717515572e-01
-1.352648388923598510e-01
-1.327783066140980073e-01
-1.308900291650264835e-01
-1.358869376908829751e-01
-1.186076973737401757e-01
-1.394444976630025146e-01
-8.397886824715479648e+00
-1.314159757242507609e-01
-1.199138077830205484e-01
-1.286060644481561710e-01
-1.064716239519704111e+01
-1.501851458708988174e-01
-1.412211597732029866e-01
-1.322309968389089319e-01
-1.263109577216337820e-01
-1.400870746143990930e-01
-1.288420954219173242e-01
-1.436071937934126075e-01
-1.364788030445889533e-01
-1.368428358286566671e-01
-1.317311545519849192e-01
-1.346800547904389578e-01
-1.203866095533376174e-01
-1.314720958304907150e-01
-1.211579402707099462e-01
-1.292421208360745866e-01
-1.183052918661272324e-01
-1.320401474250236795e-01
-1.420342113586378074e-01
-1.301382170056424592e-01
-1.247800298889110010e-01
-1.203897529999715388e-01
-1.463644875236720644e+01
-1.713040105423616066e-01
-1.369713905873086446e-01
-1.351750944614195094e-01
-1.465736499848685759e-01
-1.380087827702259351e-01
-9.822243074872758939e+00
-2.086874924771472684e-01
-1.093790418998195868e+01
-2.048821156336007587e-01
-1.544863289076381374e-01
-1.417829465494661323e-01
-1.392016474217086242e-01
-1.413482000430983654e-01
-1.351287286839632784e-01
-1.372931235008274520e-01
-1.243254705080809874e-01
-1.395256794720726168e-01
-1.260261969481885624e-01
-7.770778366953285499e+00
-1.546425962840164703e-01
-6.631597789477750915e+00
-1.568909131064246398e-01
-1.311640468317373243e-01
-1.311540846373007441e-01
-1.414788433505052290e-01
-1.352821984213709028e-01
-1.305341897930394346e-01
-1.379144165933171573e-01
-1.259515890267771943e-01
-1.278485600889193718e-01
-1.237871262693699542e-01
-1.297896691297321659e-01
-1.352476688159312546e-01
-1.121315949987442273e-01
-1.235095024891624121e-01
-1.262539529531686300e-01
-1.144516754109143469e-01
-1.279161903698426139e-01
-1.258538579388218670e-01
-1.290659677494295221e-01
-1.389842815752007910e-01
-1.262645331041352403e-01
-1.186478335086254693e-01
-1.229818519855979397e-01
-1.237849278418449855e-01
-1.202435097444065903e-01
-1.274165229815844014e-01
-1.196528851298168800e-01
-1.147333548881857429e-01
-1.287690222187387878e-01
-1.231120355705507263e-01
-1.157945036932700178e-01
-1.308855392272495755e-01
-1.180125642485218146e-01
-1.046268800906587160e+01
-1.416324818562751386e-01
-1.274864398081669292e-01
-1.338815290674175984e-01
-1.187431918615267645e-01
-1.307305637993551595e-01
-1.270700002840016163e-01
-1.256780267201850210e-01
-1.176938420687101416e-01
-1.285447243359253144e-01
-1.212256080475701131e-01
-1.240956971245196172e+01
-1.531641030979419837e-01
-1.379371498401329998e-01
-1.264283584473525346e-01
-1.239020562134956482e-01
-1.198300073999981480e-01
-1.727652884209584627e+01
-1.620449987953827553e-01
-1.388433020534375339e-01
-1.606979646511743354e-01
-1.395617063017907666e-01
-1.353728369640544438e-01
-1.291664494897644677e-01
-1.268837370865718850e-01
-1.177019889832064958e-01
-1.334993198562160477e-01
-1.197555387491130163e-01
-1.324855966548812991e-01
-1.221556297880472541e-01
-1.322968664529265426e-01
-1.382013757319094094e-01
-1.319960238947494868e-01
-1.228823982744963739e-01
-7.838482017407661040e+00
-1.663138015548005777e-01
-1.487683251936346152e-01
-1.351980962226860539e-01
-1.277222312706061402e-01
-1.343328447730450237e-01
-1.306723412755292357e-01
-1.353871801990755575e-01
-1.191110117047809169e-01
-1.121724980899051205e-01
-1.324196432091435949e-01
-1.332065481625953896e-01
-1.174061797525279283e-01
-1.124642101601610045e-01
-1.188589069846928692e-01
-1.228649675968072619e-01
-1.177888049280252369e-01
-1.435536060014588244e+01
-1.036386208700339751e+01
-2.967245502982836514e-01
-1.765648940104852238e-01
-1.485015612683382358e+01
-2.065186905508117343e-01
-1.377141772866817071e+01
-1.154097527534086787e+01
-2.156506239612893117e-01
-1.841263725771657700e-01
-1.001188655787887605e+01
-7.802835803557480965e+00
-1.627961214132554735e-01
-1.765375188134186979e-01
-1.207286694393046389e+01
-1.137052723955086009e+01
-2.001790369349951138e-01
-1.786545328746385330e-01
-1.454467554049144462e-01
-1.496227087214674345e-01
-1.559603615361841722e-01
-1.526035720701201803e-01
-1.473905728933917192e-01
-1.355663245712019627e-01
-1.446964099714895258e-01
-1.320323922413349782e-01
-1.268238888775306272e-01
-1.493338631812087258e-01
-1.347598862156060562e-01
-1.262651986031141649e-01
-1.447185644475650901e-01
-1.320027350383013165e-01
-1.148637443939614045e+01
-1.675309384498449294e-01
-1.464738751675788153e-01
-1.480296388189177581e-01
-1.468287957040597114e-01
-1.482750541860684002e-01
-1.341932923378938991e-01
-1.282332599738383594e-01
-1.370502623902239148e-01
-1.405765752193507689e-01
-1.225286688736606372e-01
-1.250010032089223511e-01
-1.281071554342191610e-01
-1.423609008992356428e-01
-1.325295034159023888e-01
-1.250050569570158032e-01
-1.269539454306116422e-01
-1.360943950967658522e-01
-1.209229749306265644e-01
-1.233257282172497554e-01
-1.259421340165958192e-01
-1.261705339864266084e-01
-1.299033236779500444e-01
-2.903768190585614306e+01
-5.751280664957403310e-01
-2.073632061288590567e-01
-1.751878023056890055e-01
-1.320936511725375695e+01
-1.933878856327237716e-01
-1.627170844085488455e-01
-1.018571247031320404e+01
-1.608570966897114474e+01
-2.276709537798326521e-01
-1.698694565851314453e-01
-1.705137216127938504e-01
-1.646373938539185400e-01
-1.453177067306881953e-01
-1.502247339301110429e-01
-1.514898775323002544e-01
-1.465686986337470521e-01
-1.459805759456397900e-01
-1.427090286648108330e-01
-1.377667074674105985e-01
-1.281397258789604976e-01
-1.296541380604070148e-01
-1.345942377300315407e-01
-1.284917599182774373e-01
-1.254872527020312600e-01
-1.283486100100925853e+01
-1.591266125424406208e-01
-1.405301999191513329e-01
-1.391052174136952757e-01
-1.360761143253448602e-01
-1.428975749614753432e-01
-1.265242616794757524e-01
-1.299719983848676985e-01
-1.446051331943305207e-01
-1.200068098035505315e+01
-1.075662547003124381e+01
-1.756504795049293188e-01
-1.560715312130156462e-01
-1.339021553352676974e-01
-1.374858962207146096e-01
-1.410289093271384631e-01
-1.405024791487024527e-01
-1.298719237143607097e-01
-1.335501665705621788e-01
-1.313824191197956182e-01
-1.411702084938586677e-01
-1.212317391875610273e-01
-1.181113308225001240e-01
-1.236809680279234991e-01
-1.377434889636073578e-01
-1.281017660583377848e-01
-1.395799803401857886e-01
-1.265860439892249611e-01
-1.152133432454220674e-01
-1.297681079372277058e-01
-1.342547701032399676e-01
-1.210653791211002417e-01
-1.282668423377242017e-01
-1.294843838302157379e-01
-1.261185688912363767e-01
-1.167221257759918640e-01
-1.134939102089556895e-01
-1.234789894942845967e-01
-1.203698346096031269e-01
-1.391142971784337101e-01
-1.311214141494145280e-01
-1.227743596424375888e-01
-1.185421669494699237e-01
-1.340470578295563375e-01
-1.275216587077649122e-01
-1.305085421309339355e-01
-1.176136144169938197e-01
-1.179437739003850044e-01
-1.183531471293933351e-01
-1.249646776430209660e-01
-1.280737696825364758e-01
-1.205530732817858969e-01
-1.205128864681383333e-01
-1.250783592291311863e-01
-1.251546919322328588e-01
-1.247912535387066535e-01
-1.225754111496693277e-01
-1.220063994320002843e-01
-1.148485912294451294e-01
-1.143063960336465623e-01
-1.226446317838434108e-01
-1.226710078678384802e-01
-1.190533325515661517e-01
-1.202638563853669490e-01
-1.266435811464325101e-01
-1.098633205981102701e-01
-1.218855213127222059e-01
-1.109468848360940368e-01
-1.239685424205887454e-01
-1.225910787877914493e-01
-1.119921388001588886e-01
-1.219900934150574406e-01
-1.193425440171061724e-01
-1.116245565224007197e-01
-1.149472047414741571e-01
-1.124513364071496324e-01
-1.110280950686491153e+01
-2.406914703844360015e-01
-1.362569834584705653e-01
-1.369788214980370289e-01
-1.401756488497032382e-01
-1.253906955469804851e-01
-1.296265318987995241e-01
-1.242549155367648345e-01
-1.183076179841479614e-01
-1.174438587837540182e-01
-1.244249278360357175e-01
-1.275810200375658288e-01
-1.165347017967463400e-01
-1.154434642604585254e-01
-1.400279985698576368e+01
-2.601668630483544020e-01
-1.864377633985759564e-01
-1.754530136017683484e-01
-1.543993493532989092e-01
-1.453101084131643295e-01
-1.345419571584685892e-01
-1.496143111675370951e-01
-1.415061362132276901e-01
-1.357183798532383967e-01
-1.383797712329838114e-01
-1.324697127556631049e-01
-1.301627241499723198e-01
-1.204281538820866637e-01
-1.297910038838424041e-01
-1.292065408553343397e-01
-1.300098862421117385e-01
-1.239341711430641535e-01
-1.257835901677569201e-01
-1.124772829617145253e-01
-1.196112671048829706e-01
-1.163247372098482751e-01
-1.312467860121193375e-01
-1.202160961314307080e-01
-1.300792855885938570e-01
-1.132137422748019234e-01
-1.172313346045395083e-01
-2.688150652086832793e+01
-5.871617262628680001e-01
-1.804311168656986264e-01
-1.594406552449791625e-01
-1.493197109836183756e-01
-1.476748350843215540e-01
-1.430026077648329785e-01
-1.390552295394441862e-01
-1.349399641869307165e-01
-1.279127209953799804e-01
-1.195041874003760773e-01
-1.368732048510004351e-01
-1.105127789849075448e+01
-2.163205455064513560e-01
-1.412160199287355766e+01
-4.074945504194158463e-01
-1.854805044813022386e-01
-1.743252531629174984e-01
-1.504483461250767651e-01
-1.416112701025357967e-01
-1.334591283524836358e-01
-1.393621425176778394e-01
-1.346950308047728528e-01
-1.216512717912062308e-01
-1.066058832988645122e+01
-1.715615590747334718e-01
-1.454096373216166582e-01
-1.732150542685977623e-01
-1.381432523627624498e+01
-2.517850876882610778e-01
-1.954375524942485731e-01
-1.757371718826032936e-01
-1.708107394706303850e-01
-1.559126083574997323e-01
-1.390580097320387054e+01
-2.364115034982571806e-01
-2.152530567519991833e-01
-1.784326892969565481e-01
-1.738666071475596930e-01
-1.507021334365455378e-01
-1.523261724772918546e-01
-1.476685968486207978e-01
-1.538641729076186682e-01
-1.582462096445250710e-01
-1.400014785010549878e-01
-1.334496462300257258e-01
-1.356809542625744269e-01
-1.308474782130310543e-01
-1.412821530534411896e-01
-1.229713138931840116e-01
-1.216409713622360750e-01
-1.380687247166021425e-01
-1.437147074294441573e+01
-2.680529957067254720e-01
-1.690507917401924132e-01
-1.566516224669055046e-01
-1.355672739160143636e-01
-1.403875426833057494e-01
-1.376494047440743052e-01
-1.699584255576699066e-01
-1.536796950788861527e-01
-1.582731942073315468e-01
-1.417654335495432960e-01
-1.402686319014834482e-01
-1.394754247838100591e-01
-1.468264682392016740e-01
-1.357675707119023745e-01
-1.372718405569390565e-01
-1.331594460578462980e-01
-1.245575066830402616e-01
-1.392654235032402543e-01
-1.315747241558317404e-01
-1.386884067694663936e-01
-1.225147705166330092e-01
-1.187555057873393022e-01
-1.264626161139388028e-01
-1.330188750484358473e-01
-1.169461143235447226e-01
-1.212047242879982223e-01
-1.241115642431054600e-01
-1.208317025237038711e-01
-1.282528379832157306e+01
-1.377695903335036109e-01
-1.360972217604166090e-01
-1.357628713492624595e-01
-1.363548926822552299e-01
-1.316247705167960524e-01
-1.362109230077871713e-01
-1.275412310934719851e-01
-1.297038765892110923e-01
-1.217968871481663051e-01
-1.235830403391093013e-01
-1.193736326282286708e-01
-1.343740933734751675e-01
-1.346398883372175725e-01
-1.223848815305092486e-01
-1.308518674157326811e-01
-1.180461192034603785e-01
-1.213512870189461523e-01
-1.281802047112632348e-01
-1.227368215553110986e-01
-1.157908591942315157e-01
-1.253307292700252540e-01
-1.222743159114380584e-01
-1.227633826536741468e-01
-1.187798031984900887e-01
-1.154862075192958359e-01
-1.322768812161934648e-01
-9.905632613164556233e+00
-1.490676962596131916e-01
-1.348641486202495909e-01
-1.348844908473895987e-01
-1.266185019353123220e-01
-1.202873085061332004e-01
-1.220161292857730312e-01
-1.268021464952990562e-01
-1.332746222610382281e-01
-1.260532552650846794e-01
-1.388582644921683418e+01
-1.574082230654930414e-01
-1.409012314535526555e-01
-1.311734178661202732e-01
-1.372934671908851156e-01
-1.246423217709275305e-01
-1.257560684006849838e-01
-1.285705280902615655e-01
-1.243078745372010047e-01
-1.202730850638280835e-01
-1.131490257022880475e-01
-1.239823678414566921e-01
-1.202550754617013329e-01
-1.269726621509670583e-01
-1.243085670397266335e-01
-1.289883017028028156e-01
-1.193471183262122814e-01
-1.201045634384839966e-01
-1.362739329553718792e-01
-1.237001819835348571e-01
-1.123525739180620403e-01
-1.227583310022334062e-01
-1.136410512726168248e-01
-1.113680413874126168e-01
-1.157772399110779948e-01
-1.193294076537222692e-01
-1.152981738705459169e-01
-1.271783617907943920e-01
-1.135577978846898928e-01
-1.152876429243889334e+01
-1.897396919968606377e-01
-1.386517462899032882e-01
-1.304056259040776988e-01
-1.293428511689979077e-01
-1.286058356348508125e-01
-1.283221933628796718e-01
-1.231731188994338172e-01
-1.136024943816536931e-01
-3.396403279015773080e+01
-3.447416413986795214e-01
-2.140240267510746253e-01
-1.875107325905088218e-01
-1.617841701301043211e-01
-1.497001500602815061e-01
-1.543862902784418345e-01
-1.459150078023145336e-01
-1.303629507031797974e-01
-1.290243499754826773e-01
-1.253926822863537793e-01
-1.369704017346685954e-01
-1.218634311155981781e-01
-1.236870730348189340e-01
-3.185074242325547189e+01
-9.414065203412697036e-01
-4.801943142263338515e-01
-3.751912999981866781e-01
-2.901133945747955134e-01
-2.823106908161781003e-01
-2.558438252736546792e-01
-2.386371485347334176e-01
-2.068360206273980040e-01
-2.094426792299063922e-01
-1.885826796442822695e-01
-1.900005800562140634e-01
-1.752832375621915795e-01
-1.697437087149228641e-01
-1.572650139328345686e-01
-1.677370200877938700e-01
-1.637015550313334067e-01
-1.607408698813738157e-01
-1.638082120247004447e-01
-1.517018370494530310e-01
-1.506181225599640960e-01
-1.524153057224583163e-01
-1.438398692574940629e-01
-1.560601173715517043e-01
-1.478869480317935303e-01
-1.405935452052537449e-01
-1.542053053498496640e-01
-1.614127786832397216e-01
-1.316546725759318304e-01
-1.451385543238285503e-01
-1.426239461204861503e-01
-1.330778892735431651e-01
-1.348609494402967790e-01
-1.373351398710308813e-01
-1.407076680777696875e-01
-1.346713509224090610e-01
-1.357587147283638163e-01
-1.400502082443458862e-01
-1.242985850326564778e-01
-1.284770002672637745e-01
-1.334279240990729198e-01
-1.334937536951857906e-01
-1.285948732739475853e-01
-1.315939165692513457e-01
-1.406498581823569516e-01
-1.334972308814902642e-01
-1.370151144488994110e-01
-1.223560892735986588e-01
-1.254894823366285994e-01
-1.361838146937921490e-01
-1.262085543954748756e-01
-1.281976104974703323e-01
-1.310171678402339557e-01
-1.380940620556375120e-01
-1.306644117389804127e-01
-1.344332853736676936e-01
-1.018686177745722787e+01
-1.601196787860335868e-01
-1.481099146415489343e-01
-1.303341346482583540e-01
-1.381040607609987092e-01
-1.256875100913719956e-01
-1.352351888347372300e-01
-1.284612946324891758e-01
-1.318048362136553520e-01
-1.240679171328338548e-01
-1.203551150729648966e-01
-1.183713387066122197e-01
-1.212858655840555466e-01
-9.733754972328183541e+00
-1.581808051174682928e-01
-1.516701717103456637e-01
-1.450238712084339909e-01
-1.360676541465417333e-01
-1.431521430656369220e-01
-1.304656423845237945e-01
-1.389651452392130504e-01
-1.203451511968340881e-01
-1.281451296632576675e-01
-1.166266063472260889e-01
-1.304065908229615767e-01
-1.143403229968213697e-01
-1.416903676249743893e-01
-1.137963286933551810e-01
-1.157076520453150931e-01
-9.563550999277049769e+00
-1.713743536786635213e-01
-1.346970478232713542e-01
-1.234213801971156821e-01
-1.182367342666684057e-01
-1.302237492694085785e-01
-1.133811782944400687e-01
-1.204064386826552840e-01
-1.169859326628663460e-01
-1.076934707397641766e+01
-1.410100447713736327e-01
-1.317365558165062844e-01
-1.239537954765731614e-01
-1.256190395958073636e-01
-1.365562453093749629e-01
-1.249221521838315557e-01
-1.244547259036935388e-01
-1.225124762128355915e-01
-1.277161494280076026e-01
-1.197500888532988667e-01
-1.161592555975959618e-01
-1.287579371780411264e-01
-1.335250790147342048e-01
-1.211316370362412465e-01
-1.129429279670123576e-01
-1.189192548815064948e-01
-1.278411439416900219e-01
-1.187111036626477545e-01
-1.112381922315550803e-01
-1.049844502507397553e-01
-1.151251262736601444e-01
-1.240967399196290233e-01
-1.248991894642898920e-01
-1.292806741462468878e-01
-1.136421735925742110e-01
-1.147429794987701313e-01
-1.174927540249262464e-01
-1.179990373992575170e-01
-1.140971917068264868e-01
-8.932205034566093715e+00
-1.426261525717243961e-01
-1.240229961577484774e-01
-1.326960106525985894e-01
-1.144272019283875813e-01
-1.168289521084674154e-01
-1.295138952752114547e-01
-1.155341229947569742e-01
-1.212982903182121402e-01
-1.374912398195645702e-01
-1.121668299996027157e-01
-1.136519215137763994e-01
-1.293605876989326053e-01
-1.141423186481650698e-01
-1.178035003710520140e-01
-1.208181892254330120e-01
-1.138353452580436187e-01
-1.398914306058835955e+01
-1.294342897487597011e-01
-1.120850231068354491e-01
-1.241048645965102670e-01
-1.190654077895392793e-01
-1.167871813658938468e-01
-1.354588165093772445e-01
-1.145905473342024861e-01
-1.220378767752805238e-01
-1.174451615765643719e-01
-1.103054924279418536e-01
-1.189498647774085704e-01
-1.062522859726161423e-01
-1.268187395816558205e-01
-1.288516198512417443e-01
-1.065602562067170661e-01
-1.171287688352758011e-01
-1.139617758627075456e-01
-1.299369927146348525e-01
-1.096897864360926872e-01
-1.021004949907174802e-01
-1.180497270626058165e-01
-1.254404491386232334e-01
-1.265588244557484254e-01
-1.174538382075737131e-01
-1.277051918824284871e-01
-1.159107287136028758e-01
-1.170987098646223412e-01
-1.110190620002461243e-01
-1.149461706525408966e-01
-1.204282704199998721e-01
-1.224534665465948219e-01
-1.105081055646178062e-01
-1.007191518433749738e-01
-1.133860210366961080e-01
-1.157109883528930766e-01
-1.218676507599529557e-01
-1.072018284271331057e-01
-9.795555506728007344e+00
-1.808300746793835012e-01
-1.222093884325281821e-01
-1.306843613424722150e+01
-1.802555763056596649e-01
-1.662321693620513463e-01
-1.363298832409437777e-01
-1.319019045823681957e-01
-1.295857980334206572e-01
-1.188060702613327330e-01
-1.320094434866913025e-01
-1.288865993616510608e-01
-1.190880993070334570e-01
-1.142758047675919986e-01
-1.247845044846247753e-01
-1.261517902219732590e-01
-1.134185669338774599e-01
-1.211024098700428375e-01
-1.221476664353325220e-01
-1.325310433185692971e-01
-1.257187994671637721e-01
-1.109090128891513927e-01
-1.138660357380082699e-01
-1.276679533234536557e+01
-1.491770024051105592e-01
-1.245047220435838015e-01
-1.213207807231917179e-01
-1.174147110179555725e-01
-1.285475463203731294e-01
-1.376855740394234140e-01
-1.161102259229411515e-01
-1.206181389621377581e-01
-1.161605548736068111e-01
-1.302401713080800216e-01
-1.209809341576027486e-01
-2.456013952905722775e+01
-2.771865731622220608e-01
-2.044350677251273452e-01
-1.618842854577480228e-01
-1.497102705078026952e-01
-1.472429177501598241e-01
-1.400584395490892531e-01
-1.612361062678070722e-01
-1.283504288316563990e-01
-1.350118349832668818e-01
-1.244337162898832699e-01
-1.232748600116051058e-01
-1.243773528331459655e-01
-1.379398575287519579e-01
-1.187862222941003942e+01
-1.487283640031761833e-01
-1.357159283680376416e-01
-1.234909299863083537e-01
-1.274164122908152119e-01
-1.268590436034203184e-01
-1.217042780387521672e-01
-1.184562563639495886e-01
-1.096759126798755729e-01
-1.228507981824668721e-01
-1.324769202168043947e+01
-1.716294264132901815e-01
-1.248598787675967020e-01
-1.345198760641314606e-01
-1.253360896803641655e-01
-1.229373730875440718e-01
-1.215125854409557504e-01
-1.361222528955073618e-01
-1.174432469082928032e-01
-1.193075271590399722e-01
-1.108613704586584175e-01
-1.245229202022438558e-01
-1.179970780311602324e-01
-1.265291619509525678e-01
-1.309779185872563811e-01
-1.193270390885012577e-01
-1.192037197446468993e-01
-1.209730681090026155e-01
-1.113147692700304503e-01
-1.232809503672895185e-01
-1.167761857675533171e-01
-1.081110641976503889e-01
-1.150115038460296502e-01
-1.299171614154749077e-01
-1.044389312212548326e-01
-1.135188313331398635e-01
-1.158097746427454722e-01
-1.129556186048093908e-01
-1.212727722953702569e-01
-1.190983482216126932e-01
-1.245803030506683479e-01
-1.068378744797580382e-01
-1.179674098189038983e-01
-1.110665672103758744e-01
-1.206911810241968336e-01
-1.194249018108030080e-01
-1.132277136950103485e-01
-1.107301747394053015e-01
-1.124993692720385463e-01
-1.065575979707796134e-01
-1.062166650553364317e-01
-1.166301174745241337e-01
-1.116461025491154585e-01
-1.076851569362169553e-01
-9.954240516359816326e-02
-1.209812188707074521e-01
-1.168614365340063799e-01
-1.110624933166570044e-01
-1.134578822249353719e-01
-1.249571973387173074e+01
-1.389481573909431278e-01
-1.356515067013376319e-01
-1.293662819109884787e-01
-1.221064835438891022e-01
-1.122003920066930172e-01
-1.150930989779818253e-01
-1.146813648807366443e-01
-1.184174643401257748e-01
-1.217696496302270448e-01
-9.787817113220699528e-02
-1.198836837265290362e-01
-1.054363797878510312e-01
-1.153445739113848345e-01
-1.198091308165142310e-01
-1.163128073640313370e-01
-1.561855233456527969e+01
-2.115082628319649716e-01
-1.449385390984470889e-01
-1.355513121074625460e-01
-1.197198687604292822e-01
-1.252171659676342419e-01
-1.160629392307634677e-01
-1.268923283300469607e-01
-1.253209152642842661e-01
-1.152511965280147710e-01
-1.145984069285980039e-01
-1.082824421246070395e-01
-1.136032356686128841e-01
-1.205737855488245441e-01
-1.282967955615688382e-01
-1.240531365049909879e-01
-1.272144668285785096e-01
-1.095861825712341614e-01
-1.192476427656089299e+01
-2.178597199245796145e-01
-1.548637115922350815e-01
-1.391885722730393515e-01
-1.267072297662149849e-01
-1.451264535091069674e-01
-1.223477152956419928e-01
-1.226836664459830251e-01
-1.247978899831209687e-01
-1.288490264973325972e-01
-1.118990936886289089e-01
-1.208087813112686953e-01
-1.302129888371146849e-01
-1.141971065095966215e-01
-1.123823913076732600e-01
-1.148743224090727211e-01
-1.084708788855669459e-01
-1.061881777055411064e-01
-1.194778930055673816e-01
-1.190175625682938221e-01
-1.204704684017150335e-01
-1.250216601549155038e-01
-1.229668709738006155e-01
-1.146758565696264359e-01
-1.103928870952246843e-01
-1.222144478953231150e+01
-1.362017824224752149e-01
-1.124800943261771435e-01
-1.157503123781313675e-01
-1.243487570862121250e-01
-1.239026591075118033e-01
-1.172138572836731313e-01
-1.464794327764306914e+01
-1.351101418750502714e-01
-1.357529988349754912e-01
-1.291161803023760102e-01
-1.217154492490452877e-01
-1.215200086848213928e-01
-1.191650991300672729e-01
-1.209431167536609286e-01
-1.088503481282964147e-01
-1.192826359649925422e-01
-1.116798583360945757e-01
-1.142678229095980130e-01
-1.181275645797926488e-01
-1.154513295172008014e-01
-1.221116350955383234e-01
-1.116887936761202099e-01
-1.127570998880394609e-01
-1.206454838124475654e-01
-1.244504526647759873e-01
-1.208217107920476763e-01
-1.061830657138142786e-01
-1.273547304719465068e+01
-1.500456264145407503e-01
-1.433841871872059415e-01
-1.061954685653550357e+01
-2.234590675252920711e-01
-1.430244889100321659e-01
-1.285961117412907362e-01
-1.413056399731631441e-01
-1.298136301747777610e-01
-1.143983861638782074e-01
-1.194140837181448256e-01
-1.240136113644368793e-01
-1.237777835396112469e-01
-1.150153863138573263e-01
-9.495929087239460387e+00
-1.545997408569608211e-01
-1.373336281884836585e-01
-1.381963054805273594e-01
-1.208536524117971162e-01
-1.296217149201532859e-01
-1.291120829279756577e-01
-1.242417143285831749e+01
-1.399964121274316353e-01
-1.260547609165151850e-01
-1.086644867280688459e-01
-1.216559681248788743e-01
-1.311792147564847522e-01
-1.167431436105789422e-01
-1.044066019058554617e-01
-1.229045367183430743e-01
-1.112475311054011012e-01
-1.215087648758244182e-01
-1.265080576705911175e-01
-1.154725145174072543e-01
-1.151490536974790618e-01
-1.156032409162556507e-01
-1.151774681696917796e-01
-1.238042551870377067e-01
-1.072753744923501396e-01
-1.001755770401056983e-01
-1.121053705922222532e-01
-1.210771767444095148e-01
-1.164761788154747152e-01
-1.128181730991043435e-01
-1.133556433542337732e-01
-1.245733036803551436e-01
-1.145020458875432162e-01
-1.229128813455849373e-01
-1.148623075955508832e-01
-1.090322762233768006e-01
-1.076978864831839855e-01
-1.093673362432915908e-01
-1.175699484571982589e-01
-1.050710668201024905e-01
-1.102735643037643792e-01
-1.119350088659845366e-01
-1.152317342398091610e-01
-1.109108444602694976e-01
-1.173360027531888256e-01
-1.053317322954386015e-01
-1.204134146488949758e-01
-1.192282181462387680e-01
-1.124764839901306324e-01
-1.094945412838528032e-01
-1.093222136304689940e+01
-1.509138635789675775e-01
-1.374706375595420582e-01
-1.254594699584951067e-01
-1.250905111043993934e-01
-1.202463876460653780e-01
-1.203293963829899782e-01
-1.203083407186221893e-01
-1.103963647959591565e-01
-1.196296593523007157e-01
-1.189643231913617843e-01
-1.214763298186516266e-01
-1.103503596746291671e-01
-1.218437542302012133e+01
-1.217231236997815991e+01
-1.877847638341559044e-01
-1.575537671589869737e-01
-1.473820137063857616e-01
-1.350946287847225036e-01
-1.299621233620975314e-01
-1.308556822404761955e-01
-1.250986045886242348e-01
-1.226608519962727600e-01
-1.189475407310346122e-01
-1.256706230685678272e-01
-1.350668954955993595e-01
-1.254931322925009196e-01
-1.745041525352241862e+01
-4.890227177975775552e-01
-2.251793941419569789e-01
-1.917616863570870134e-01
-1.587867141257487125e-01
-1.430472646986820084e-01
-1.413992429159162678e-01
-1.331707168260428398e-01
-1.439900472841580681e-01
-1.371730263849330334e-01
-1.248109201347274710e-01
-1.367070444941045348e-01
-1.220213115756486749e-01
-1.187189562961877554e-01
-1.229349528371834754e-01
-1.083544606155488615e-01
-1.167896103252902273e-01
-1.224552829493594092e-01
-1.201429044028915066e-01
-1.286189405031639976e-01
-1.274698271736291744e-01
-1.210284318752548188e-01
-1.114428316528309620e-01
-1.343420511410195473e-01
-1.190706920356040394e-01
-1.150996502996562976e-01
-1.069798364097767074e-01
-1.198650472119234811e-01
-1.249358364628325446e-01
-1.156105616695076860e-01
-1.190347292509843641e-01
-1.200532976396346124e-01
-1.213747574318464828e+01
-1.301759249414082653e+01
-2.094738469496551236e-01
-1.068208857683990942e+01
-1.814821805154168410e-01
-1.470964888755789957e-01
-1.470838227790081665e-01
-1.377600028395831178e-01
-1.294340980531301921e-01
-1.281690730802901856e-01
-1.137814544953394402e-01
-1.295165313677618946e-01
-1.298863739777143533e-01
-1.243821641062966971e-01
-1.160737900542055390e-01
-1.199775442504686929e-01
-1.286360619707274111e-01
-1.330288234765920619e-01
-1.220638350231293967e-01
-1.143247479657684557e-01
-1.197491608228661297e-01
-1.159550594733544937e-01
-1.107480026562579767e-01
-1.137569288003422718e-01
-1.245562701726340565e-01
-1.107424777892065948e-01
-1.232990615626101960e-01
-1.258322658630712243e-01
-1.174370577938181059e-01
-1.106676263893076606e-01
-1.192860169720279251e-01
-1.126272540894707463e-01
-1.266061899294032012e-01
-1.116916273022503653e-01
-1.255797737955403337e-01
-1.022299952842865983e-01
-1.217406107829501066e-01
-1.149723805690467532e-01
-1.255616888726708569e-01
-1.108295961549234515e-01
-1.084308889276857091e-01
-1.024820104170348495e-01
-1.098747197595485864e-01
-1.138569639890752994e-01
-1.029318593322191416e-01
-1.180361881269085950e-01
-1.097652403645752728e-01
-1.083843713244032753e-01
-1.127398051190046518e-01
-1.104486798797885833e-01
-1.059432484231785793e-01
-1.089953354106356909e-01
-1.176794439909163020e-01
-9.833675256070555093e-02
-1.182734101703338675e-01
