1.418560985070000113e-01
2.931436600669999892e-01
2.367559394039999987e-01
1.974075537480000087e-01
1.876914067329999991e-01
1.580438551199999930e-01
1.490683654620000020e-01
1.603329799479999984e-01
2.182423578769999983e-01
1.771030302709999948e-01
1.680301710559999884e-01
1.744397102590000137e-01
1.812113139750000101e-01
1.755155863569999863e-01
1.543231541020000097e-01
1.616667731149999954e-01
1.598972810819999923e-01
1.526315240580000121e-01
1.468123095170000003e-01
1.560698181700000131e-01
1.364594349419999963e-01
2.690693022360000075e-01
1.990265607620000099e-01
1.802286226500000033e-01
1.692148115069999903e-01
1.695705570440000087e-01
1.546240290689999963e-01
1.799932640470000011e-01
1.488575638179999994e-01
1.438163765259999893e-01
1.481293964779999972e-01
1.451579144529999976e-01
1.521627760990000022e-01
1.361335261949999931e-01
1.520193351970000051e-01
1.410137605950000095e-01
1.422261173940000123e-01
2.013367350090000119e-01
1.589850930970000131e-01
2.733214169859999876e-01
2.634603399580000005e-01
2.112405667679999877e-01
1.909291137159999929e-01
1.736164665890000125e-01
1.733454552589999975e-01
1.622738492520000020e-01
1.580202013889999979e-01
1.741046006089999876e-01
1.494253745949999934e-01
1.466978249479999885e-01
1.544010090559999882e-01
1.555263956179999962e-01
1.383829829140000023e-01
1.453806828299999965e-01
1.540837543049999869e-01
1.381219293769999912e-01
1.360616582989999934e-01
2.163165964480000092e+00
7.447302344709999522e-01
4.831242288429999920e-01
4.433678043739999741e-01
3.313485827750000112e-01
3.056480372240000243e-01
2.611066739960000160e-01
2.543317711479999854e-01
2.472045836239999961e-01
2.301618184070000073e-01
2.183579566209999934e-01
2.082837571039999891e-01
2.307702086710000100e-01
2.043841518729999918e-01
2.121008819830000058e-01
1.931717859300000062e-01
1.820648236309999890e-01
1.734234459469999878e-01
1.863088303950000135e-01
2.832356035060000221e-01
2.252110605460000137e-01
2.056618422450000039e-01
1.875777187010000124e-01
1.933551530239999983e-01
1.729318350010000116e-01
1.653592291290000016e-01
1.546728992810000036e-01
1.686975811879999898e-01
1.599059637699999925e-01
2.607982245670000254e-01
3.201221228780000150e-01
2.115487634869999967e-01
1.948277541750000064e-01
1.885636320890000106e-01
1.633233790739999913e-01
1.885089381470000103e-01
1.615369780279999889e-01
1.958666418109999974e-01
1.854353169200000095e-01
1.794784217479999944e-01
1.645633698750000040e-01
1.635087954699999957e-01
1.659020160809999977e-01
1.890150868290000064e-01
1.792003574000000099e-01
1.827478671760000006e-01
1.631185620920000134e-01
1.680342613580000088e-01
1.656738017519999995e-01
1.966576027359999979e-01
1.814429508440000005e-01
1.612094638069999919e-01
1.629406023910000001e-01
1.545269402239999867e-01
1.797352262299999892e-01
1.745127717109999921e-01
3.124828011129999750e-01
2.565641259040000177e-01
1.979816534230000036e-01
1.980175567080000032e-01
1.880022204919999940e-01
1.768571613830000056e-01
1.813173596110000119e-01
1.657284158170000132e-01
1.718288825490000005e-01
1.587535328109999921e-01
1.555960149889999977e-01
1.632567955979999930e-01
1.558123373810000045e-01
1.529522662760000040e-01
1.630538533399999990e-01
1.511875042580000106e-01
1.545088543629999922e-01
1.480972508919999875e-01
1.649131992300000016e-01
1.465055896380000056e-01
1.562491959550000031e-01
1.569146359980000127e-01
1.434154317780000076e-01
1.578317233719999935e-01
1.414957889250000045e-01
1.412260258689999881e-01
1.504446622729999905e-01
1.450710042629999863e-01
1.485551827669999991e-01
1.497338309110000099e-01
1.382222746929999968e-01
1.358098941089999900e-01
1.488355485779999932e-01
1.408815185039999918e-01
1.412206337209999940e-01
1.442789118380000124e-01
1.463752044069999980e-01
1.417298732049999954e-01
1.309617161149999875e-01
1.466200467640000060e-01
1.333099342469999948e-01
1.336210214970000032e-01
1.478475244820000034e-01
1.332751037090000035e-01
1.349512044170000091e-01
1.555675198420000127e-01
1.381242309930000023e-01
1.375742898689999993e-01
1.402233935910000007e-01
1.418238082759999963e-01
1.424202750290000097e-01
1.311144081189999921e-01
1.407400262730000018e-01
1.221177378870000052e-01
1.500287893870000111e-01
1.404857606550000138e-01
1.368364240440000101e-01
1.365455551339999907e-01
1.314269171659999957e-01
1.423548388770000117e-01
1.411649172830000132e-01
1.425838697079999939e-01
1.911341690059999987e-01
1.367859374610000123e-01
1.230356435500000040e-01
1.495443894719999944e-01
1.337078814029999951e-01
1.385316679620000047e-01
1.338692191829999878e-01
1.385536639640000123e-01
1.387249560709999940e-01
1.278541667199999954e-01
1.291310389329999864e-01
1.323916711819999870e-01
1.318691552039999992e-01
1.351031991359999962e-01
1.392232232160000027e-01
1.397165469370000024e-01
1.264566611529999995e-01
1.339316710869999927e-01
1.306553447319999950e-01
1.412976254799999942e-01
1.456424451059999958e-01
1.233106608689999995e-01
1.551442656400000009e-01
1.537081109160000070e-01
1.502966432979999933e-01
1.287890008800000041e-01
1.398749670140000123e-01
1.222152128879999966e-01
1.387187893260000138e-01
1.525729740800000067e-01
1.417311657599999997e-01
1.255306150870000026e-01
1.267600882059999878e-01
2.817126890009999940e-01
1.640286687660000020e-01
1.505763698120000105e-01
1.496323789729999965e-01
1.354989270760000031e-01
1.315948643390000006e-01
1.543253060560000056e-01
1.499591511080000106e-01
1.369003956859999871e-01
1.302667876190000129e-01
1.314372770720000083e-01
1.404713006639999873e-01
1.433458050130000105e-01
1.335968428640000039e-01
1.427730599650000043e-01
1.440061045129999995e-01
1.411018224489999917e-01
1.299590544089999911e-01
1.240694601629999949e-01
1.283632051480000091e-01
2.206826706180000097e-01
1.935528453850000052e-01
1.660727518319999874e-01
1.640650001099999977e-01
1.520579028229999963e-01
1.433967198570000046e-01
1.594811757850000122e-01
1.540831786680000037e-01
1.333097852189999988e-01
1.636519766239999951e-01
1.660875207280000099e-01
1.401974621000000032e-01
1.505514743749999940e-01
1.625276326760000112e-01
1.508029413920000117e-01
2.097840298489999922e-01
2.613853998319999872e-01
1.925041254650000089e-01
2.357856878250000066e-01
1.784749319399999978e-01
1.735754495519999940e-01
1.590213731490000004e-01
1.563207987269999988e-01
1.553356616849999872e-01
1.574964225580000043e-01
1.556180050310000118e-01
2.645541412869999998e-01
1.836908049179999947e-01
1.681319216720000009e-01
2.248975189880000058e-01
1.793808740260000034e-01
1.753713191240000024e-01
1.612367784300000051e-01
1.612354599230000074e-01
1.574846495789999912e-01
1.494197768359999956e-01
1.676254017250000117e-01
1.520692057009999931e-01
1.427574458710000049e-01
1.933181414690000044e-01
1.588892232520000003e-01
1.459049706499999932e-01
1.494105911730000125e-01
1.442597606940000110e-01
1.591842693520000018e-01
1.602193634759999930e-01
1.543187720360000015e-01
1.498418116180000037e-01
1.502873264179999946e-01
1.365730493539999979e-01
1.449649690300000016e-01
1.510914360199999973e-01
1.411282170560000104e-01
1.409628006570000092e-01
1.432795619639999907e-01
1.328372461810000127e-01
1.522886915710000011e-01
1.112212013770000063e-01
1.390064904320000017e-01
1.389916739469999885e-01
1.350609532719999895e-01
1.425773074699999976e-01
1.467377141200000012e-01
1.511962203130000071e-01
1.384857594889999932e-01
1.418076072760000028e-01
1.345343591229999913e-01
1.335164398700000032e-01
1.482612856520000022e-01
1.461054459299999941e-01
1.278941289759999989e-01
1.397717928459999981e-01
1.354612202209999894e-01
1.414229342620000052e-01
1.409908696959999985e-01
1.358025500210000014e-01
1.307155729910000064e-01
1.435841304609999924e-01
1.262842488200000002e-01
1.317065502070000060e-01
1.357619650680000067e-01
1.295289779880000047e-01
1.339803201399999977e-01
1.360122251070000066e-01
1.362089628289999965e-01
1.373075233840000131e-01
1.228322661930000004e-01
1.254866989429999913e-01
1.318968674850000133e-01
1.315915438199999898e-01
1.294205587339999908e-01
1.883695931119999945e-01
1.549487706309999879e-01
1.362634172309999947e-01
1.938658915650000036e-01
1.538450024559999962e-01
1.613716537440000043e-01
1.421926291670000120e-01
1.400393605870000058e-01
1.398618545900000010e-01
6.175255932459999819e-01
3.621251524279999745e-01
2.932502273020000105e-01
2.453585761229999940e-01
2.163103355250000082e-01
4.188860807359999772e-01
2.985103552219999790e-01
2.564181284420000151e-01
2.359023496600000103e-01
2.116272515379999941e-01
1.854182720589999944e-01
1.962889512969999972e-01
1.782596163600000116e-01
1.926747286480000043e-01
1.794242887070000014e-01
1.715306354779999876e-01
1.672528203699999994e-01
1.618067697349999945e-01
1.717390942360000061e-01
1.750288587480000047e-01
1.558568970570000101e-01
1.573042230189999890e-01
1.624495275839999975e-01
1.457391103550000067e-01
1.602142195669999936e-01
1.521573047589999950e-01
1.445350816959999896e-01
1.454700851329999989e-01
1.400896368450000040e-01
1.439852288650000089e-01
1.560917441770000025e-01
1.399171073880000060e-01
1.452068932089999875e-01
1.429446024990000119e-01
1.470844117160000075e-01
1.522270122569999995e-01
1.529043079659999915e-01
1.473424160019999873e-01
1.440209404199999932e-01
1.510174009019999986e-01
1.482358562509999977e-01
1.393643289679999953e-01
1.403044869450000010e-01
1.320219582399999869e-01
1.475761317769999914e-01
1.444715194579999917e-01
1.307851311619999957e-01
1.517149523909999964e-01
1.424554177300000057e-01
1.363490976929999932e-01
1.480257292359999921e-01
1.326502108900000088e-01
1.454386858879999911e-01
1.400432019900000047e-01
1.293634902180000046e-01
1.345586075540000093e-01
1.410565868349999974e-01
1.458787261800000012e-01
1.344141809269999988e-01
1.344768660210000077e-01
1.303573008629999863e-01
2.154411748860000086e-01
1.653692335480000108e-01
1.516289513500000130e-01
1.412748764529999923e-01
1.451660338300000130e-01
1.341629871399999951e-01
1.456060964679999903e-01
1.271965220919999973e-01
1.335753331919999898e-01
1.398690222389999960e-01
1.831657827840000030e-01
1.653464744339999959e-01
1.556920439510000032e-01
1.342807491269999987e-01
1.426415218279999952e-01
1.344932893459999945e-01
1.482955171639999958e-01
1.481178199410000118e-01
1.344922084740000079e-01
1.468798613329999891e-01
1.323634144120000022e-01
1.295356827549999923e-01
1.385861605020000109e-01
1.258925985469999953e-01
1.299060976770000098e-01
1.330385120420000122e-01
1.425413709489999903e-01
1.301278088810000066e-01
1.241287317630000026e-01
1.331300863340000029e-01
1.218691350969999948e-01
1.589843687199999911e-01
1.929758358299999976e-01
1.525590579009999948e-01
1.933718180919999918e-01
1.599799996200000074e-01
1.456380636650000115e-01
1.605669791609999897e-01
1.431100006459999907e-01
1.335175464059999983e-01
1.427060074269999868e-01
1.357079276110000066e-01
1.342081239079999933e-01
1.344688831920000105e-01
1.399983173209999876e-01
1.335694727739999976e-01
1.361223370090000051e-01
1.520938925239999906e-01
1.325159076490000087e-01
1.375096068660000004e-01
1.244575773419999976e-01
1.329987333219999901e-01
1.683601139120000090e-01
1.408603115569999897e-01
1.456690705249999995e-01
1.410952675190000061e-01
1.334078823590000018e-01
1.365380402380000080e-01
1.230765533779999976e-01
1.321730439930000056e-01
1.325749484740000039e-01
1.276360703730000101e-01
1.325415642960000029e-01
1.252452534719999955e-01
1.405717612229999969e-01
1.368771460260000128e-01
1.298167071499999881e-01
1.275008047850000048e-01
1.287166633640000057e-01
1.354954642089999939e-01
1.333351410710000018e-01
1.426088508860000048e-01
1.378049081330000036e-01
1.273595471719999872e-01
1.604391004300000090e-01
1.403500735440000036e-01
1.303044469859999943e-01
1.310813370339999895e-01
1.362126235839999921e-01
5.416576807690000050e-01
2.367261160399999897e-01
1.621580182369999901e-01
1.517445115820000023e-01
1.505335746500000016e-01
1.661829891040000062e-01
1.545915438890000104e-01
1.438106080090000016e-01
1.332929470479999878e-01
1.275580715200000104e-01
1.372012283369999919e-01
1.359099306819999964e-01
1.332765216079999926e-01
1.452058914550000135e-01
1.374855429010000130e-01
1.362025464299999877e-01
1.400784003949999967e-01
1.293870936360000112e-01
1.306274373820000001e-01
1.261110119169999988e-01
1.265004536369999932e-01
1.233006189910000050e-01
1.300711790949999891e-01
1.450632114169999876e-01
1.336344586340000029e-01
1.220234095130000029e-01
1.441113715269999873e-01
1.330549127569999879e-01
2.004303146839999938e-01
1.780728401499999947e-01
1.502605094380000117e-01
1.458252468200000040e-01
1.489151019009999910e-01
1.455518466050000070e-01
1.357392612230000073e-01
1.364270108379999902e-01
1.355628262219999991e-01
1.376467956019999939e-01
1.268880186859999981e-01
1.265473575109999915e-01
1.330138745049999904e-01
1.243049205450000028e-01
1.296454255299999969e-01
1.347920069740000115e-01
1.303020138859999899e-01
1.384358806559999877e-01
1.274789691119999901e-01
1.223878615239999967e-01
1.261963712820000083e-01
1.259724420549999946e-01
1.347832366939999971e-01
1.166787664349999976e-01
1.304419067539999977e-01
1.365659330610000111e-01
1.353604572800000128e-01
1.215976352409999933e-01
1.265785401579999914e-01
1.241609846659999933e-01
1.205949696579999980e-01
1.315974377059999922e-01
1.224093600950000027e-01
1.301674610330000037e-01
1.243840287719999993e-01
1.511413420340000091e-01
1.448011116369999907e-01
1.383578536039999918e-01
1.335795411800000110e-01
1.671418367149999917e-01
1.529812218050000117e-01
1.398859399160000128e-01
1.390079696769999928e-01
1.345418384020000135e-01
1.312040780419999886e-01
2.364927414989999865e-01
2.015317977459999965e-01
1.797891401889999963e-01
1.866992265549999863e-01
1.624294604650000085e-01
1.571216549580000121e-01
1.461097597219999933e-01
1.610020748369999921e-01
1.520893227439999995e-01
1.423595774939999947e-01
1.688637455600000004e-01
1.371558291049999878e-01
1.440645407520000087e-01
1.377051887380000006e-01
1.308540272529999937e-01
1.369692399820000017e-01
1.449966430100000092e-01
1.347032975640000130e-01
1.412770186529999916e-01
1.301168399990000057e-01
2.672947292130000152e-01
1.617912630589999901e-01
1.695531840360000042e-01
1.941160723650000031e-01
1.737787526840000041e-01
1.660734923199999880e-01
1.451308868179999878e-01
1.387902114550000066e-01
1.631338944730000018e-01
1.380903801039999879e-01
1.297809603270000112e-01
1.733340004009999991e-01
1.684399474820000020e-01
1.489047058019999925e-01
1.452784053850000034e-01
1.378817901630000065e-01
1.396693605269999916e-01
1.519116109910000068e-01
1.267509730320000028e-01
1.330575247670000016e-01
1.486211618880000085e-01
1.268201253179999932e-01
1.379781808080000061e-01
1.321058838359999987e-01
1.328791607070000103e-01
1.951053653379999919e-01
1.520079566589999931e-01
1.509002640800000128e-01
1.303667535259999954e-01
1.433907163370000126e-01
1.328015354129999936e-01
1.258514079280000086e-01
1.303352004470000047e-01
1.258679440940000116e-01
1.407396379330000113e-01
1.360236392370000047e-01
1.294393982519999875e-01
1.397275052849999977e-01
1.303495277560000054e-01
1.230983040100000064e-01
1.411498691960000051e-01
1.250701376580000135e-01
1.418767873150000025e-01
1.221686074070000017e-01
1.277255964690000023e-01
1.359421096560000097e-01
1.720152078620000025e-01
1.423119285299999925e-01
1.435458204600000010e-01
1.291697985040000107e-01
1.186430838799999998e-01
1.328989258100000126e-01
1.372245371570000039e-01
1.278322872129999954e-01
1.205543424420000009e-01
1.211669919710000043e-01
1.364895138589999890e-01
1.768365531759999998e+00
9.775068440709999695e-01
7.067676169659999896e-01
5.736328628189999446e-01
5.304705947400000232e-01
4.305550880399999780e-01
4.361586436009999845e-01
4.342383683139999784e-01
3.965731709809999783e-01
3.717583412380000008e-01
3.376334636019999724e-01
2.773223919489999911e-01
2.934897805650000246e-01
2.695861769890000037e-01
2.393588249589999883e-01
2.375311919230000124e-01
2.483904004630000106e-01
2.114198664710000009e-01
2.167069847529999871e-01
3.960581348710000005e-01
2.923461998699999898e-01
2.543209876690000204e-01
2.271548566280000014e-01
2.440928701650000032e-01
2.206877455950000122e-01
1.990865945610000021e-01
2.177988687459999906e-01
2.084782735869999959e-01
1.871441916540000083e-01
1.932730320530000045e-01
2.096689906779999890e-01
1.786034298030000078e-01
1.741605793200000085e-01
1.907690494840000028e-01
1.924237762429999998e-01
1.905201992549999945e-01
1.788094872210000130e-01
1.881258820130000120e-01
1.693937339369999961e-01
1.759569976300000005e-01
2.142317855670000104e-01
1.789842132870000102e-01
1.774309333980000070e-01
1.738822971560000097e-01
1.684570275650000004e-01
1.752758398719999888e-01
1.660819775469999926e-01
1.616319708850000036e-01
1.511158684920000106e-01
1.738998400210000073e-01
1.567912037929999891e-01
1.613563154040000003e-01
1.451195603290000025e-01
1.569045414759999979e-01
1.591676991629999982e-01
1.637290440879999864e-01
1.610286719679999978e-01
1.752289685470000136e-01
1.490411799270000004e-01
1.452773066649999945e-01
1.573662584559999966e-01
1.768553659429999980e-01
1.419400854700000048e-01
1.540963290619999926e-01
1.518713896710000011e-01
1.645355532570000057e-01
1.746406356609999933e-01
1.441274508590000003e-01
1.442299474729999975e-01
1.419037523879999874e-01
1.562061327700000057e-01
1.674480247210000106e-01
1.484531788119999862e-01
1.557682165519999884e-01
1.412532225220000104e-01
1.431680365630000062e-01
1.368568128550000096e-01
1.478159956429999922e-01
1.488048021700000001e-01
1.392111676270000042e-01
1.404621656870000124e-01
1.748513662639999966e-01
1.643072057659999974e-01
1.533499603629999986e-01
3.764942026859999791e-01
1.687442511670000089e-01
1.750387520170000044e-01
1.643571065699999945e-01
1.485195722590000045e-01
1.465570776959999877e-01
1.496019564059999918e-01
1.522690240369999892e-01
1.402809641559999987e-01
1.703711912720000110e-01
1.617269142880000121e-01
1.437117909389999948e-01
1.451004863969999892e-01
1.491413440949999891e-01
1.336078857970000033e-01
1.604286332700000095e-01
1.413323997369999863e-01
1.409733975090000091e-01
1.583292789000000089e-01
1.430920534619999906e-01
1.460413508260000048e-01
1.394569405359999958e-01
1.517722690539999864e-01
1.488051487489999991e-01
1.436221489829999920e-01
1.527250542349999907e-01
1.388585258520000087e-01
1.473808662140000114e-01
1.329171175180000053e-01
1.489501109180000060e-01
1.335127158899999944e-01
1.401351494749999982e-01
1.391190299789999973e-01
2.490422409040000118e-01
1.573869218739999964e-01
1.553010904749999865e-01
1.545111402440000059e-01
1.497267802420000071e-01
1.589889179110000050e-01
1.468708755560000079e-01
1.496542676850000086e-01
1.255117886909999925e-01
1.408235146800000115e-01
1.299990008330000058e-01
1.565291396600000107e-01
1.357964705549999929e-01
1.422588074380000123e-01
1.419783493959999865e-01
1.383225630319999955e-01
1.368303853639999956e-01
1.323563630329999963e-01
1.373528840409999896e-01
1.457931691859999934e-01
1.441331162049999948e-01
1.254818926709999893e-01
1.414869991659999937e-01
1.255410116440000001e-01
1.374639256819999988e-01
1.269792791559999912e-01
1.369041576070000044e-01
1.370263248630000097e-01
1.465376024460000037e-01
1.271089391989999873e-01
1.359819069559999871e-01
1.237377632710000008e-01
1.405916865769999968e-01
1.439816225949999973e-01
1.334281990950000052e-01
1.364652085580000118e-01
1.424107178089999981e-01
1.416918775630000016e-01
1.431515911579999967e-01
1.333166549249999999e-01
1.367447209690000054e-01
1.330460172840000066e-01
1.420251642400000014e-01
1.342297280760000044e-01
1.355378720900000111e-01
1.416100351779999988e-01
1.420370286290000006e-01
1.318735790099999916e-01
1.278901951280000115e-01
1.243447445029999959e-01
7.913518952539999596e-01
4.220823354450000120e-01
3.121847147879999729e-01
2.653691150979999858e-01
2.512511052949999990e-01
2.154523044209999960e-01
2.043361555709999888e-01
2.109103132039999995e-01
1.830687733299999898e-01
1.748186056640000097e-01
1.801878542589999965e-01
1.637905086289999923e-01
1.744202787390000120e-01
1.650967687609999901e-01
1.761737739670000136e-01
1.724339057590000002e-01
1.576321795769999867e-01
1.555893563369999955e-01
1.719409642109999969e-01
1.540683539519999978e-01
1.455529210120000139e-01
1.459862312409999918e-01
1.567452406519999897e-01
1.453899808709999963e-01
1.525363386399999910e-01
1.450400479929999931e-01
1.576450952600000066e-01
1.507621880189999874e-01
1.443298987820000046e-01
1.325946494049999869e-01
1.448063663760000008e-01
1.441482474119999968e-01
1.319383800910000071e-01
1.466637450599999892e-01
1.397987639880000077e-01
2.427576907519999883e-01
1.778539491339999890e-01
1.454852555860000063e-01
1.506416287150000033e-01
1.612598089010000013e-01
1.472399957530000081e-01
1.398615618379999981e-01
1.540911896009999893e-01
1.381455444069999983e-01
1.443094237479999875e-01
1.528502751390000136e-01
1.458076253679999879e-01
1.447739022929999952e-01
1.351224163839999937e-01
1.432055631870000068e-01
1.394495232919999994e-01
1.461116523850000126e-01
1.407352514000000110e-01
1.356173110180000085e-01
1.335335067850000057e-01
1.422829723300000071e-01
1.779423394019999938e-01
1.400762712720000081e-01
1.387584408460000029e-01
1.383138029579999984e-01
1.423829119710000035e-01
1.354039530829999893e-01
1.427837094370000004e-01
1.397939258479999891e-01
1.426409821119999921e-01
1.280849836799999864e-01
1.303061996069999895e-01
1.354331938399999935e-01
1.386130802889999902e-01
1.365373984959999953e-01
1.290240874830000106e-01
1.314442463130000016e-01
1.724848361840000122e-01
2.241088018229999979e-01
2.509345316430000028e-01
2.978652729929999743e-01
2.233364074339999894e-01
1.867437461650000019e-01
1.826527629509999973e-01
1.697026228000000081e-01
1.901853440690000063e-01
2.251678878829999897e-01
2.060744014360000043e-01
1.823016060450000086e-01
1.824536353850000070e-01
1.955597737520000101e-01
1.648888685079999972e-01
1.662803706319999908e-01
2.098922913819999958e-01
1.609937939069999990e-01
1.481633635980000030e-01
1.507894864450000094e-01
1.539082093490000136e-01
1.619300693400000102e-01
1.440932614659999889e-01
1.463239899229999974e-01
1.453475739060000049e-01
1.391260063989999962e-01
1.462476257479999875e-01
1.279795074969999891e-01
1.421047187210000007e-01
1.477617295539999931e-01
1.950996041910000034e-01
1.672347835290000084e-01
1.554274063870000055e-01
1.375236355249999931e-01
1.398458013430000091e-01
1.452210838759999956e-01
1.775409626180000089e-01
1.570199834740000078e-01
1.660919545310000078e-01
1.386854024829999865e-01
1.377361348699999988e-01
1.435189257470000090e-01
1.524307733960000022e-01
1.553041865079999861e-01
1.340053584629999905e-01
1.403616637279999912e-01
1.340668088599999974e-01
1.400246529780000138e-01
1.320533516680000019e-01
1.387150072249999921e-01
1.769473730779999865e-01
1.641635560420000028e-01
1.486684966179999956e-01
1.442458389700000121e-01
1.440596743339999930e-01
1.315727614209999952e-01
1.362398561150000020e-01
1.267463695670000001e-01
1.426895762629999953e-01
1.501438213659999910e-01
1.485389695790000075e-01
1.920082353070000081e-01
1.650970228710000043e-01
1.462697645740000107e-01
1.292134632280000084e-01
1.567740334119999968e-01
1.435275357480000069e-01
1.395360831720000028e-01
1.434322545599999998e-01
1.424005719610000054e-01
1.544433517699999869e-01
1.753782197980000013e-01
1.458921792379999915e-01
1.514131996749999987e-01
1.377515998670000019e-01
1.363423258299999996e-01
1.531390227820000061e-01
1.943274806789999920e-01
1.543810568769999891e-01
2.010388809720000114e-01
1.755884803949999962e-01
1.679976264810000008e-01
1.492651571639999897e-01
1.389644036400000116e-01
1.454381948229999943e-01
1.067928409170000092e+00
4.638098489449999917e-01
3.090789458229999953e-01
2.647880802170000103e-01
2.261505776609999963e-01
2.146490997590000116e-01
2.028589178240000068e-01
1.752980880099999916e-01
1.942554497850000061e-01
1.775000258880000126e-01
1.857573133039999991e-01
1.740646802399999915e-01
1.741295352409999997e-01
1.591336729189999910e-01
1.624420911970000103e-01
1.611462395949999904e-01
1.381512801850000027e-01
2.164142374530000079e-01
1.898394222229999873e-01
1.651414443579999891e-01
1.619122755350000109e-01
1.696808071420000119e-01
1.743776872570000080e-01
1.530678356949999874e-01
1.503722181780000056e-01
1.467326037760000035e-01
1.453644499070000096e-01
1.498151290109999978e-01
1.413745483019999971e-01
1.675959199310000092e-01
1.624458698800000100e-01
1.550278966449999962e-01
1.322383633420000093e-01
1.403359577920000045e-01
1.375474731019999952e-01
1.350311661680000108e-01
1.338067300299999873e-01
1.494532933090000071e-01
1.516032082229999967e-01
1.317302195779999907e-01
1.459006597639999903e-01
1.447118880399999863e-01
1.336618197370000038e-01
1.500218619769999873e-01
1.441963837870000043e-01
1.253548751019999963e-01
1.349253734370000068e-01
1.466012767409999862e-01
1.255229128919999881e-01
1.312835032209999919e-01
1.512619636660000044e-01
1.422039227530000061e-01
1.303578574120000111e-01
1.303499786270000127e-01
1.438776955680000080e-01
1.355922064800000049e-01
1.352455911769999963e-01
1.290987875390000039e-01
1.741495490090000098e-01
1.499687518230000127e-01
1.451766917990000016e-01
1.708254415699999862e-01
1.518205809710000131e-01
1.555340586660000080e-01
1.435446133999999929e-01
1.384971565439999941e-01
1.495939219019999933e-01
1.245840378660000025e-01
1.261661544719999972e-01
1.340151356179999920e-01
2.812980829219999812e-01
1.707738255019999873e-01
1.556249624649999885e-01
1.543643957130000077e-01
1.597518264259999987e-01
1.366904576430000018e-01
1.343357673910000050e-01
1.512598963550000064e-01
1.386615678189999923e-01
1.298097310840000129e-01
1.300995908029999870e-01
1.300378697119999871e-01
1.311602649370000040e-01
1.410556039020000041e-01
1.300120803719999885e-01
1.399978605209999949e-01
1.285794885540000043e-01
1.341513330119999958e-01
1.269471859390000068e-01
1.289055589320000084e-01
1.316045334690000013e-01
1.252812754709999865e-01
1.225595372559999952e-01
1.285814600619999970e-01
1.177357346729999976e-01
1.204022575789999994e-01
1.328360287279999885e-01
1.291107543099999921e-01
1.344724635639999999e-01
1.189623557869999987e-01
1.183082176450000050e-01
1.266152966630000043e-01
1.244517120519999936e-01
1.190056113369999946e-01
1.215815047340000066e-01
1.292064913379999957e-01
1.278516647000000062e-01
1.155816170289999945e-01
1.313608133509999998e-01
1.203455698709999938e-01
1.294888089929999986e-01
1.207692849069999935e-01
1.318733604800000070e-01
1.463807711869999917e-01
1.576528649839999963e-01
1.508512365470000005e-01
1.365405840779999880e-01
1.379002622690000124e-01
1.765868576550000124e-01
1.527718826739999924e-01
1.443356817070000075e-01
1.542800871430000109e-01
1.345500306949999891e-01
1.384712957910000097e-01
1.324255707479999877e-01
1.363877016839999956e-01
1.303771936950000043e-01
1.402483530449999960e-01
1.289121463650000077e-01
1.298061592620000093e-01
1.238484806159999979e-01
1.369579662929999997e-01
1.289637700769999951e-01
1.346862017749999862e-01
1.219478378409999952e-01
1.290378142180000076e-01
1.230346903210000065e-01
1.264012988559999884e-01
1.334555770220000048e-01
1.290161482699999917e-01
1.299836617319999887e-01
1.264852146899999863e-01
1.135196895299999953e-01
1.229324648659999991e-01
1.307016053210000028e-01
1.313218189779999934e-01
1.207799910840000046e-01
1.078149646449999971e-01
1.243092159529999990e-01
1.257907242690000094e-01
1.164313698139999992e-01
1.222142433110000037e-01
1.221348668029999945e-01
1.193441189379999962e-01
1.321086199690000018e-01
1.355302400710000077e-01
1.157597989990000048e-01
1.236992187529999954e-01
1.165835218399999956e-01
1.214976743550000016e-01
1.156582001619999994e-01
1.313824009979999985e-01
1.177593768119999940e-01
1.251452156650000036e-01
1.162753165770000069e-01
1.074719363600000060e-01
1.284625825190000015e-01
1.253521908520000006e-01
1.297639555350000029e-01
1.515269481490000014e-01
1.528416267699999886e-01
1.484066953700000080e-01
1.313234816670000027e-01
1.462458150790000022e-01
1.551575743810000019e-01
1.374596752009999978e-01
1.428781146710000061e-01
1.445369383560000109e-01
1.712585867080000102e-01
1.599932034300000083e-01
2.046379581259999969e-01
1.568581276380000000e-01
1.491675650879999981e-01
1.484516935959999950e-01
1.440933205559999930e-01
1.358439521120000104e-01
1.579061333139999967e-01
1.314633613879999940e-01
1.371415901149999894e-01
1.411652408719999974e-01
1.352648388920000000e-01
1.327783066140000023e-01
1.308900291650000047e-01
1.358869376909999926e-01
1.186076973739999957e-01
1.394444976629999888e-01
1.256872844049999882e-01
1.314159757239999893e-01
1.199138077829999954e-01
1.286060644479999904e-01
1.378669637130000014e-01
1.501851458709999865e-01
1.412211597730000101e-01
1.322309968389999979e-01
1.263109577219999891e-01
1.400870746139999956e-01
1.288420954220000081e-01
1.436071937929999931e-01
1.364788030450000134e-01
1.368428358290000035e-01
1.317311545519999905e-01
1.346800547900000034e-01
1.203866095529999986e-01
1.314720958299999964e-01
1.211579402710000058e-01
1.292421208360000073e-01
1.183052918660000008e-01
1.320401474250000040e-01
1.420342113589999899e-01
1.301382170060000065e-01
1.247800298889999993e-01
1.203897530000000021e-01
1.331289942149999905e-01
1.713040105420000070e-01
1.369713905870000026e-01
1.351750944610000116e-01
1.465736499849999985e-01
1.380087827700000047e-01
1.187674240130000003e-01
2.086874924769999973e-01
1.680830557930000080e-01
2.048821156339999949e-01
1.544863289079999868e-01
1.417829465490000052e-01
1.392016474220000022e-01
1.413482000429999996e-01
1.351287286839999990e-01
1.372931235010000084e-01
1.243254705079999967e-01
1.395256794720000082e-01
1.260261969479999911e-01
1.292730839400000054e-01
1.546425962840000112e-01
1.564730047950000091e-01
1.568909131060000073e-01
1.311640468320000030e-01
1.311540846370000124e-01
1.414788433509999999e-01
1.352821984210000050e-01
1.305341897929999939e-01
1.379144165929999943e-01
1.259515890269999883e-01
1.278485600890000018e-01
1.237871262690000002e-01
1.297896691300000072e-01
1.352476688160000051e-01
1.121315949989999949e-01
1.235095024890000004e-01
1.262539529529999871e-01
1.144516754110000006e-01
1.279161903699999880e-01
1.258538579390000023e-01
1.290659677490000046e-01
1.389842815750000071e-01
1.262645331039999874e-01
1.186478335090000030e-01
1.229818519859999931e-01
1.237849278420000004e-01
1.202435097439999989e-01
1.274165229820000134e-01
1.196528851299999974e-01
1.147333548880000026e-01
1.287690222189999956e-01
1.231120355710000058e-01
1.157945036929999977e-01
1.308855392269999973e-01
1.180125642490000015e-01
1.216383365979999964e-01
1.416324818559999976e-01
1.274864398080000072e-01
1.338815290669999880e-01
1.187431918619999971e-01
1.307305637989999991e-01
1.270700002840000065e-01
1.256780267200000023e-01
1.176938420689999931e-01
1.285447243360000047e-01
1.212256080480000053e-01
1.221960364500000035e-01
1.531641030979999929e-01
1.379371498399999951e-01
1.264283584470000110e-01
1.239020562130000030e-01
1.198300073999999937e-01
1.251089980950000069e-01
1.620449987950000059e-01
1.388433020529999951e-01
1.606979646510000026e-01
1.395617063019999882e-01
1.353728369639999873e-01
1.291664494900000015e-01
1.268837370869999870e-01
1.177019889829999943e-01
1.334993198559999983e-01
1.197555387489999956e-01
1.324855966550000097e-01
1.221556297880000003e-01
1.322968664530000116e-01
1.382013757320000036e-01
1.319960238950000087e-01
1.228823982739999932e-01
1.217401536659999950e-01
1.663138015550000015e-01
1.487683251939999896e-01
1.351980962229999972e-01
1.277222312709999918e-01
1.343328447730000041e-01
1.306723412759999980e-01
1.353871801990000068e-01
1.191110117050000056e-01
1.121724980900000029e-01
1.324196432089999875e-01
1.332065481630000103e-01
1.174061797529999951e-01
1.124642101599999944e-01
1.188589069849999985e-01
1.228649675969999966e-01
1.177888049279999932e-01
1.176428871680000043e-01
1.417812199110000115e-01
2.967245502979999894e-01
1.765648940100000008e-01
1.483409385979999884e-01
2.065186905510000004e-01
1.867893363400000006e-01
2.217047057479999972e-01
2.156506239609999875e-01
1.841263725770000137e-01
1.660073669809999930e-01
1.972057517549999917e-01
1.627961214130000112e-01
1.765375188130000050e-01
1.547696631200000117e-01
2.172185719589999897e-01
2.001790369349999987e-01
1.786545328749999939e-01
1.454467554049999889e-01
1.496227087210000029e-01
1.559603615359999862e-01
1.526035720699999987e-01
1.473905728930000048e-01
1.355663245710000131e-01
1.446964099710000007e-01
1.320323922409999962e-01
1.268238888780000018e-01
1.493338631810000039e-01
1.347598862159999911e-01
1.262651986030000062e-01
1.447185644479999922e-01
1.320027350380000020e-01
1.400450116789999921e-01
1.675309384499999998e-01
1.464738751680000062e-01
1.480296388189999979e-01
1.468287957040000091e-01
1.482750541860000104e-01
1.341932923380000087e-01
1.282332599740000079e-01
1.370502623900000105e-01
1.405765752189999940e-01
1.225286688740000046e-01
1.250010032090000112e-01
1.281071554340000029e-01
1.423609008989999980e-01
1.325295034160000052e-01
1.250050569570000103e-01
1.269539454309999982e-01
1.360943950969999983e-01
1.209229749310000018e-01
1.233257282169999969e-01
1.259421340169999959e-01
1.261705339860000052e-01
1.299033236780000045e-01
1.328226548620000114e-01
5.751280664960000122e-01
2.073632061289999995e-01
1.751878023060000067e-01
1.567014344260000136e-01
1.933878856329999951e-01
1.627170844090000124e-01
1.543726355199999956e-01
1.569112487980000026e-01
2.276709537799999905e-01
1.698694565849999949e-01
1.705137216129999911e-01
1.646373938540000026e-01
1.453177067310000015e-01
1.502247339299999929e-01
1.514898775319999946e-01
1.465686986339999887e-01
1.459805759460000019e-01
1.427090286649999873e-01
1.377667074670000102e-01
1.281397258789999938e-01
1.296541380600000071e-01
1.345942377300000103e-01
1.284917599179999925e-01
1.254872527020000073e-01
1.339458668769999972e-01
1.591266125420000010e-01
1.405301999190000095e-01
1.391052174140000042e-01
1.360761143249999972e-01
1.428975749610000012e-01
1.265242616789999941e-01
1.299719983850000093e-01
1.446051331940000073e-01
1.185645567749999962e-01
1.781616046220000082e-01
1.756504795050000123e-01
1.560715312129999921e-01
1.339021553349999949e-01
1.374858962209999924e-01
1.410289093269999905e-01
1.405024791489999925e-01
1.298719237139999982e-01
1.335501665709999952e-01
1.313824191200000102e-01
1.411702084939999990e-01
1.212317391879999956e-01
1.181113308230000020e-01
1.236809680279999935e-01
1.377434889639999882e-01
1.281017660579999995e-01
1.395799803399999928e-01
1.265860439890000022e-01
1.152133432450000022e-01
1.297681079369999990e-01
1.342547701029999929e-01
1.210653791210000024e-01
1.282668423380000089e-01
1.294843838299999939e-01
1.261185688910000102e-01
1.167221257759999964e-01
1.134939102090000013e-01
1.234789894940000049e-01
1.203698346100000038e-01
1.391142971780000015e-01
1.311214141489999985e-01
1.227743596419999944e-01
1.185421669489999941e-01
1.340470578300000104e-01
1.275216587080000019e-01
1.305085421309999938e-01
1.176136144169999953e-01
1.179437739000000068e-01
1.183531471289999970e-01
1.249646776429999967e-01
1.280737696829999939e-01
1.205530732820000034e-01
1.205128864679999995e-01
1.250783592290000135e-01
1.251546919319999895e-01
1.247912535390000022e-01
1.225754111499999938e-01
1.220063994320000067e-01
1.148485912289999994e-01
1.143063960340000018e-01
1.226446317839999939e-01
1.226710078680000038e-01
1.190533325519999991e-01
1.202638563850000064e-01
1.266435811459999949e-01
1.098633205979999972e-01
1.218855213129999976e-01
1.109468848360000010e-01
1.239685424209999998e-01
1.225910787880000047e-01
1.119921388000000018e-01
1.219900934150000005e-01
1.193425440169999935e-01
1.116245565219999986e-01
1.149472047409999947e-01
1.124513364070000021e-01
1.179527707970000061e-01
2.406914703839999892e-01
1.362569834579999972e-01
1.369788214980000030e-01
1.401756488500000009e-01
1.253906955469999973e-01
1.296265318990000026e-01
1.242549155369999936e-01
1.183076179839999964e-01
1.174438587840000020e-01
1.244249278359999961e-01
1.275810200380000092e-01
1.165347017969999982e-01
1.154434642600000033e-01
1.249067894530000028e-01
2.601668630480000188e-01
1.864377633990000060e-01
1.754530136019999964e-01
1.543993493530000094e-01
1.453101084129999887e-01
1.345419571579999918e-01
1.496143111680000026e-01
1.415061362130000111e-01
1.357183798530000041e-01
1.383797712329999929e-01
1.324697127560000021e-01
1.301627241499999921e-01
1.204281538819999969e-01
1.297910038840000002e-01
1.292065408549999961e-01
1.300098862419999945e-01
1.239341711429999965e-01
1.257835901680000035e-01
1.124772829620000053e-01
1.196112671050000020e-01
1.163247372100000010e-01
1.312467860119999885e-01
1.202160961309999970e-01
1.300792855890000044e-01
1.132137422750000011e-01
1.172313346050000010e-01
1.280197556740000076e-01
5.871617262630000056e-01
1.804311168659999964e-01
1.594406552450000070e-01
1.493197109839999870e-01
1.476748350840000057e-01
1.430026077650000116e-01
1.390552295390000137e-01
1.349399641869999944e-01
1.279127209950000066e-01
1.195041874000000032e-01
1.368732048509999910e-01
1.319811062769999932e-01
2.163205455059999949e-01
1.482127400490000080e-01
4.074945504190000123e-01
1.854805044810000081e-01
1.743252531629999880e-01
1.504483461249999932e-01
1.416112701030000087e-01
1.334591283519999949e-01
1.393621425179999984e-01
1.346950308050000045e-01
1.216512717910000069e-01
1.279327797150000001e-01
1.715615590750000086e-01
1.454096373219999905e-01
1.732150542689999961e-01
1.335130193619999961e-01
2.517850876880000088e-01
1.954375524939999942e-01
1.757371718830000040e-01
1.708107394710000060e-01
1.559126083569999932e-01
1.673723595920000029e-01
2.364115034979999974e-01
2.152530567519999882e-01
1.784326892970000134e-01
1.738666071480000075e-01
1.507021334370000076e-01
1.523261724770000047e-01
1.476685968489999945e-01
1.538641729080000020e-01
1.582462096449999966e-01
1.400014785010000040e-01
1.334496462299999964e-01
1.356809542630000032e-01
1.308474782129999958e-01
1.412821530529999869e-01
1.229713138930000060e-01
1.216409713619999999e-01
1.380687247169999909e-01
1.351492529070000004e-01
2.680529957069999747e-01
1.690507917400000115e-01
1.566516224670000124e-01
1.355672739159999862e-01
1.403875426829999939e-01
1.376494047440000035e-01
1.699584255580000036e-01
1.536796950790000060e-01
1.582731942070000064e-01
1.417654335499999863e-01
1.402686319010000016e-01
1.394754247839999906e-01
1.468264682390000020e-01
1.357675707119999908e-01
1.372718405570000078e-01
1.331594460580000083e-01
1.245575066830000022e-01
1.392654235030000021e-01
1.315747241559999947e-01
1.386884067689999889e-01
1.225147705169999934e-01
1.187555057870000041e-01
1.264626161140000038e-01
1.330188750480000015e-01
1.169461143239999973e-01
1.212047242879999986e-01
1.241115642430000027e-01
1.208317025239999953e-01
1.390100364029999980e-01
1.377695903339999917e-01
1.360972217599999978e-01
1.357628713490000028e-01
1.363548926819999896e-01
1.316247705170000004e-01
1.362109230080000011e-01
1.275412310930000015e-01
1.297038765890000112e-01
1.217968871479999937e-01
1.235830403389999999e-01
1.193736326280000065e-01
1.343740933729999920e-01
1.346398883369999966e-01
1.223848815309999949e-01
1.308518674159999950e-01
1.180461192029999967e-01
1.213512870189999981e-01
1.281802047110000009e-01
1.227368215550000002e-01
1.157908591940000065e-01
1.253307292699999964e-01
1.222743159110000061e-01
1.227633826539999973e-01
1.187798031979999946e-01
1.154862075190000031e-01
1.322768812160000085e-01
1.213579447160000047e-01
1.490676962599999933e-01
1.348641486200000128e-01
1.348844908469999937e-01
1.266185019349999885e-01
1.202873085060000014e-01
1.220161292860000024e-01
1.268021464949999899e-01
1.332746222610000086e-01
1.260532552649999971e-01
1.308845721440000109e-01
1.574082230649999914e-01
1.409012314539999922e-01
1.311734178660000083e-01
1.372934671909999960e-01
1.246423217710000003e-01
1.257560684010000096e-01
1.285705280899999969e-01
1.243078745369999988e-01
1.202730850640000015e-01
1.131490257020000001e-01
1.239823678410000019e-01
1.202550754619999968e-01
1.269726621510000042e-01
1.243085670399999981e-01
1.289883017029999912e-01
1.193471183260000068e-01
1.201045634379999949e-01
1.362739329550000100e-01
1.237001819839999989e-01
1.123525739180000066e-01
1.227583310019999957e-01
1.136410512730000044e-01
1.113680413870000024e-01
1.157772399110000017e-01
1.193294076540000054e-01
1.152981738709999981e-01
1.271783617910000053e-01
1.135577978850000058e-01
1.164586267509999939e-01
1.897396919969999984e-01
1.386517462899999886e-01
1.304056259040000110e-01
1.293428511689999894e-01
1.286058356349999987e-01
1.283221933629999922e-01
1.231731188989999976e-01
1.136024943819999994e-01
1.226241014140000002e-01
3.447416413989999873e-01
2.140240267509999905e-01
1.875107325910000122e-01
1.617841701299999879e-01
1.497001500600000090e-01
1.543862902779999935e-01
1.459150078020000074e-01
1.303629507029999968e-01
1.290243499750000078e-01
1.253926822860000068e-01
1.369704017349999969e-01
1.218634311159999956e-01
1.236870730349999975e-01
1.329361225659999868e-01
9.414065203410000304e-01
4.801943142260000075e-01
3.751912999979999941e-01
2.901133945750000165e-01
2.823106908160000206e-01
2.558438252740000141e-01
2.386371485350000099e-01
2.068360206269999890e-01
2.094426792300000117e-01
1.885826796439999953e-01
1.900005800560000124e-01
1.752832375620000105e-01
1.697437087149999968e-01
1.572650139329999919e-01
1.677370200880000106e-01
1.637015550310000067e-01
1.607408698810000036e-01
1.638082120250000107e-01
1.517018370490000045e-01
1.506181225600000118e-01
1.524153057219999885e-01
1.438398692570000137e-01
1.560601173720000123e-01
1.478869480320000040e-01
1.405935452050000034e-01
1.542053053499999882e-01
1.614127786829999966e-01
1.316546725759999981e-01
1.451385543239999965e-01
1.426239461200000114e-01
1.330778892739999941e-01
1.348609494399999886e-01
1.373351398709999893e-01
1.407076680780000033e-01
1.346713509219999994e-01
1.357587147279999962e-01
1.400502082439999962e-01
1.242985850329999947e-01
1.284770002670000133e-01
1.334279240990000059e-01
1.334937536949999948e-01
1.285948732739999878e-01
1.315939165689999912e-01
1.406498581819999871e-01
1.334972308809999897e-01
1.370151144489999973e-01
1.223560892740000045e-01
1.254894823369999968e-01
1.361838146940000105e-01
1.262085543950000055e-01
1.281976104969999863e-01
1.310171678400000039e-01
1.380940620559999998e-01
1.306644117390000082e-01
1.344332853740000111e-01
1.253583477870000018e-01
1.601196787860000026e-01
1.481099146419999901e-01
1.303341346480000051e-01
1.381040607610000137e-01
1.256875100909999876e-01
1.352351888349999920e-01
1.284612946320000115e-01
1.318048362139999929e-01
1.240679171329999997e-01
1.203551150729999936e-01
1.183713387070000067e-01
1.212858655839999938e-01
1.274219557940000080e-01
1.581808051170000007e-01
1.516701717099999958e-01
1.450238712080000048e-01
1.360676541470000056e-01
1.431521430659999927e-01
1.304656423849999969e-01
1.389651452389999986e-01
1.203451511969999971e-01
1.281451296630000125e-01
1.166266063470000058e-01
1.304065908229999904e-01
1.143403229970000046e-01
1.416903676250000077e-01
1.137963286930000067e-01
1.157076520449999979e-01
1.343930508689999970e-01
1.713743536790000022e-01
1.346970478229999879e-01
1.234213801969999968e-01
1.182367342670000016e-01
1.302237492689999887e-01
1.133811782940000040e-01
1.204064386829999944e-01
1.169859326630000029e-01
1.293239944669999919e-01
1.410100447709999871e-01
1.317365558170000006e-01
1.239537954770000006e-01
1.256190395959999873e-01
1.365562453090000128e-01
1.249221521840000043e-01
1.244547259040000020e-01
1.225124762130000017e-01
1.277161494279999976e-01
1.197500888529999946e-01
1.161592555979999997e-01
1.287579371779999926e-01
1.335250790149999922e-01
1.211316370359999950e-01
1.129429279670000064e-01
1.189192548820000028e-01
1.278411439419999962e-01
1.187111036630000005e-01
1.112381922320000022e-01
1.049844502510000055e-01
1.151251262739999975e-01
1.240967399200000043e-01
1.248991894639999989e-01
1.292806741460000020e-01
1.136421735929999954e-01
1.147429794990000029e-01
1.174927540250000069e-01
1.179990373990000008e-01
1.140971917070000008e-01
1.117619116169999982e-01
1.426261525720000090e-01
1.240229961579999984e-01
1.326960106529999905e-01
1.144272019280000025e-01
1.168289521079999976e-01
1.295138952750000128e-01
1.155341229950000020e-01
1.212982903180000044e-01
1.374912398199999997e-01
1.121668299999999951e-01
1.136519215139999983e-01
1.293605876989999959e-01
1.141423186479999935e-01
1.178035003710000000e-01
1.208181892249999972e-01
1.138353452580000008e-01
1.145303183340000003e-01
1.294342897490000088e-01
1.120850231069999980e-01
1.241048645970000003e-01
1.190654077899999941e-01
1.167871813659999980e-01
1.354588165089999907e-01
1.145905473339999953e-01
1.220378767749999982e-01
1.174451615769999957e-01
1.103054924280000015e-01
1.189498647769999945e-01
1.062522859730000019e-01
1.268187395819999896e-01
1.288516198509999933e-01
1.065602562070000064e-01
1.171287688349999939e-01
1.139617758630000061e-01
1.299369927150000048e-01
1.096897864359999974e-01
1.021004949910000043e-01
1.180497270630000012e-01
1.254404491389999876e-01
1.265588244560000020e-01
1.174538382079999971e-01
1.277051918819999965e-01
1.159107287140000025e-01
1.170987098649999975e-01
1.110190620000000017e-01
1.149461706530000016e-01
1.204282704199999970e-01
1.224534665469999978e-01
1.105081055650000005e-01
1.007191518429999960e-01
1.133860210370000038e-01
1.157109883530000050e-01
1.218676507600000014e-01
1.072018284270000038e-01
1.158793728980000021e-01
1.808300746790000024e-01
1.222093884329999991e-01
1.140979385519999972e-01
1.802555763060000038e-01
1.662321693619999985e-01
1.363298832410000105e-01
1.319019045819999902e-01
1.295857980329999937e-01
1.188060702609999991e-01
1.320094434870000000e-01
1.288865993620000039e-01
1.190880993069999977e-01
1.142758047680000055e-01
1.247845044850000029e-01
1.261517902219999876e-01
1.134185669340000008e-01
1.211024098699999968e-01
1.221476664349999963e-01
1.325310433190000081e-01
1.257187994669999864e-01
1.109090128889999999e-01
1.138660357379999988e-01
1.331301575870000031e-01
1.491770024050000087e-01
1.245047220439999963e-01
1.213207807229999963e-01
1.174147110179999953e-01
1.285475463200000112e-01
1.376855740390000027e-01
1.161102259229999933e-01
1.206181389619999933e-01
1.161605548739999966e-01
1.302401713080000023e-01
1.209809341580000003e-01
1.264453939279999994e-01
2.771865731620000162e-01
2.044350677250000026e-01
1.618842854579999879e-01
1.497102705080000096e-01
1.472429177500000075e-01
1.400584395489999912e-01
1.612361062680000012e-01
1.283504288320000131e-01
1.350118349830000120e-01
1.244337162899999960e-01
1.232748600119999982e-01
1.243773528329999989e-01
1.379398575290000095e-01
1.209312140869999996e-01
1.487283640029999909e-01
1.357159283680000050e-01
1.234909299860000031e-01
1.274164122910000085e-01
1.268590436029999879e-01
1.217042780389999967e-01
1.184562563640000066e-01
1.096759126800000012e-01
1.228507981819999956e-01
1.262991751180000122e-01
1.716294264129999969e-01
1.248598787680000044e-01
1.345198760640000102e-01
1.253360896800000124e-01
1.229373730879999987e-01
1.215125854410000067e-01
1.361222528959999956e-01
1.174432469079999958e-01
1.193075271590000042e-01
1.108613704590000054e-01
1.245229202019999953e-01
1.179970780309999995e-01
1.265291619510000021e-01
1.309779185870000029e-01
1.193270390880000059e-01
1.192037197450000058e-01
1.209730681090000065e-01
1.113147692700000024e-01
1.232809503670000001e-01
1.167761857680000015e-01
1.081110641979999981e-01
1.150115038459999933e-01
1.299171614150000098e-01
1.044389312209999948e-01
1.135188313330000032e-01
1.158097746430000047e-01
1.129556186050000022e-01
1.212727722949999976e-01
1.190983482219999945e-01
1.245803030509999992e-01
1.068378744799999974e-01
1.179674098190000020e-01
1.110665672099999945e-01
1.206911810240000049e-01
1.194249018110000032e-01
1.132277136949999957e-01
1.107301747390000007e-01
1.124993692719999938e-01
1.065575979710000065e-01
1.062166650550000063e-01
1.166301174750000030e-01
1.116461025489999953e-01
1.076851569360000038e-01
9.954240516359999513e-02
1.209812188709999958e-01
1.168614365339999961e-01
1.110624933169999939e-01
1.134578822250000008e-01
1.172676694530000036e-01
1.389481573909999990e-01
1.356515067010000131e-01
1.293662819109999973e-01
1.221064835439999996e-01
1.122003920069999938e-01
1.150930989780000052e-01
1.146813648810000030e-01
1.184174643400000004e-01
1.217696496300000042e-01
9.787817113220000087e-02
1.198836837270000066e-01
1.054363797879999953e-01
1.153445739110000035e-01
1.198091308169999952e-01
1.163128073640000010e-01
1.073377559439999962e-01
2.115082628319999991e-01
1.449385390980000021e-01
1.355513121069999993e-01
1.197198687600000006e-01
1.252171659680000049e-01
1.160629392310000008e-01
1.268923283299999982e-01
1.253209152639999935e-01
1.152511965280000050e-01
1.145984069290000018e-01
1.082824421250000030e-01
1.136032356690000050e-01
1.205737855490000010e-01
1.282967955619999934e-01
1.240531365049999946e-01
1.272144668290000058e-01
1.095861825710000015e-01
1.114925418400000007e-01
2.178597199250000005e-01
1.548637115919999918e-01
1.391885722729999941e-01
1.267072297659999902e-01
1.451264535089999974e-01
1.223477152959999981e-01
1.226836664459999976e-01
1.247978899829999960e-01
1.288490264970000021e-01
1.118990936890000010e-01
1.208087813109999936e-01
1.302129888369999988e-01
1.141971065099999932e-01
1.123823913079999987e-01
1.148743224090000015e-01
1.084708788860000023e-01
1.061881777060000032e-01
1.194778930059999938e-01
1.190175625680000016e-01
1.204704684020000000e-01
1.250216601549999917e-01
1.229668709739999977e-01
1.146758565699999982e-01
1.103928870950000030e-01
1.198916792390000013e-01
1.362017824220000117e-01
1.124800943259999936e-01
1.157503123780000004e-01
1.243487570860000030e-01
1.239026591079999962e-01
1.172138572839999948e-01
1.152778861510000002e-01
1.351101418750000061e-01
1.357529988349999994e-01
1.291161803020000054e-01
1.217154492490000045e-01
1.215200086850000000e-01
1.191650991299999934e-01
1.209431167540000046e-01
1.088503481279999990e-01
1.192826359649999945e-01
1.116798583359999986e-01
1.142678229099999970e-01
1.181275645799999968e-01
1.154513295170000037e-01
1.221116350959999958e-01
1.116887936760000005e-01
1.127570998880000064e-01
1.206454838120000067e-01
1.244504526650000026e-01
1.208217107920000061e-01
1.061830657140000050e-01
1.177880844290000034e-01
1.500456264149999941e-01
1.433841871869999951e-01
1.334006998960000079e-01
2.234590675249999991e-01
1.430244889099999972e-01
1.285961117409999965e-01
1.413056399729999968e-01
1.298136301749999999e-01
1.143983861639999988e-01
1.194140837179999970e-01
1.240136113640000065e-01
1.237777835400000054e-01
1.150153863140000038e-01
1.161655682879999957e-01
1.545997408570000120e-01
1.373336281879999898e-01
1.381963054810000091e-01
1.208536524119999955e-01
1.296217149199999918e-01
1.291120829279999993e-01
1.162787073499999962e-01
1.399964121270000084e-01
1.260547609169999916e-01
1.086644867279999982e-01
1.216559681249999997e-01
1.311792147560000010e-01
1.167431436109999943e-01
1.044066019059999989e-01
1.229045367180000015e-01
1.112475311050000054e-01
1.215087648760000000e-01
1.265080576710000126e-01
1.154725145169999967e-01
1.151490536970000006e-01
1.156032409159999941e-01
1.151774681700000053e-01
1.238042551870000008e-01
1.072753744920000030e-01
1.001755770400000051e-01
1.121053705920000004e-01
1.210771767439999952e-01
1.164761788149999977e-01
1.128181730989999965e-01
1.133556433540000019e-01
1.245733036799999971e-01
1.145020458880000036e-01
1.229128813459999942e-01
1.148623075959999962e-01
1.090322762230000048e-01
1.076978864829999938e-01
1.093673362430000046e-01
1.175699484570000009e-01
1.050710668200000031e-01
1.102735643039999963e-01
1.119350088659999964e-01
1.152317342399999944e-01
1.109108444600000049e-01
1.173360027530000044e-01
1.053317322949999940e-01
1.204134146490000029e-01
1.192282181460000007e-01
1.124764839900000007e-01
1.094945412840000049e-01
1.105161847749999982e-01
1.509138635789999960e-01
1.374706375599999975e-01
1.254594699580000028e-01
1.250905111039999906e-01
1.202463876459999997e-01
1.203293963829999980e-01
1.203083407189999982e-01
1.103963647959999989e-01
1.196296593519999979e-01
1.189643231910000043e-01
1.214763298190000007e-01
1.103503596749999954e-01
1.139163698929999968e-01
1.848432823110000012e-01
1.877847638340000014e-01
1.575537671589999911e-01
1.473820137059999869e-01
1.350946287850000038e-01
1.299621233619999983e-01
1.308556822399999930e-01
1.250986045889999898e-01
1.226608519960000060e-01
1.189475407310000010e-01
1.256706230690000092e-01
1.350668954960000112e-01
1.254931322929999926e-01
1.218591470579999947e-01
4.890227177979999951e-01
2.251793941420000000e-01
1.917616863569999996e-01
1.587867141260000114e-01
1.430472646990000041e-01
1.413992429160000064e-01
1.331707168260000129e-01
1.439900472840000001e-01
1.371730263850000076e-01
1.248109201350000030e-01
1.367070444940000074e-01
1.220213115760000050e-01
1.187189562960000028e-01
1.229349528369999972e-01
1.083544606160000007e-01
1.167896103250000012e-01
1.224552829490000022e-01
1.201429044030000032e-01
1.286189405029999899e-01
1.274698271739999889e-01
1.210284318749999949e-01
1.114428316529999935e-01
1.343420511410000073e-01
1.190706920360000004e-01
1.150996502999999949e-01
1.069798364100000010e-01
1.198650472120000032e-01
1.249358364629999940e-01
1.156105616700000005e-01
1.190347292510000043e-01
1.200532976400000007e-01
1.217685970009999979e-01
3.950601513359999761e-01
2.094738469499999867e-01
1.661216066969999905e-01
1.814821805150000078e-01
1.470964888759999922e-01
1.470838227790000063e-01
1.377600028400000065e-01
1.294340980529999907e-01
1.281690730800000011e-01
1.137814544950000034e-01
1.295165313680000096e-01
1.298863739780000137e-01
1.243821641060000038e-01
1.160737900539999951e-01
1.199775442499999983e-01
1.286360619709999986e-01
1.330288234770000133e-01
1.220638350230000002e-01
1.143247479660000065e-01
1.197491608229999949e-01
1.159550594729999995e-01
1.107480026560000025e-01
1.137569288000000040e-01
1.245562701729999999e-01
1.107424777889999962e-01
1.232990615629999953e-01
1.258322658630000035e-01
1.174370577940000021e-01
1.106676263890000039e-01
1.192860169720000030e-01
1.126272540889999979e-01
1.266061899289999959e-01
1.116916273019999961e-01
1.255797737959999938e-01
1.022299952839999942e-01
1.217406107829999973e-01
1.149723805689999989e-01
1.255616888730000102e-01
1.108295961550000014e-01
1.084308889279999993e-01
1.024820104170000024e-01
1.098747197600000031e-01
1.138569639889999985e-01
1.029318593319999975e-01
1.180361881269999941e-01
1.097652403650000025e-01
1.083843713240000006e-01
1.127398051190000028e-01
1.104486798799999975e-01
1.059432484229999999e-01
1.089953354109999967e-01
1.176794439909999990e-01
9.833675256069999981e-02
1.182734101699999957e-01
