1.138567387103185113e-01
1.087533793259607279e-01
9.139632603827112234e-02
8.502659661925128509e-02
8.690426852533580937e-02
9.058480570054519565e-02
8.478274721934088431e-02
5.351942504931874733e-01
1.704569088591440795e-01
1.387420227837193043e-01
1.112665866936781017e-01
1.115343380719029248e-01
1.146798184102196944e-01
9.753330961641269725e-02
1.140467507012238035e-01
1.209353825859856291e-01
9.183850458814511730e-02
9.163043034552971478e-02
1.286302445690235274e-01
2.410694618904718201e-01
1.307505205767470480e-01
5.282329922636777031e-01
1.696708608456405643e-01
1.485800213492983746e-01
1.194982951509943186e-01
1.109993017872189930e-01
1.068185523408864135e-01
1.070041110544586033e-01
1.102082242329086165e-01
1.009394150892006931e-01
1.229012778974702125e-01
4.045163609331465793e-01
1.179785001720080190e-01
1.389489175467363558e-01
1.063972282927954371e-01
3.125211866471351851e-01
2.232016462933361090e-01
1.654591035751697414e-01
1.384212192117583728e-01
1.822790099412608944e-01
1.462560162241162698e-01
3.258430956673307177e-01
2.175274011234191729e-01
1.884335473064632782e-01
2.193443381381144086e-01
1.652471678234376795e-01
1.665281071969458015e-01
1.541947402400648259e-01
1.299856548840882253e-01
9.691040443472023203e-01
1.235938021220264887e-01
1.293640239973572192e-01
1.304099940018367820e-01
1.465020035497957840e-01
1.358626401380683135e-01
1.092061049979588111e-01
1.023766978180737919e-01
1.054914518942557805e-01
1.038629708505880989e-01
9.899784212846030051e-02
9.375466290920086987e-02
1.046725850689126103e-01
9.408890041200082544e-02
9.982198607247659561e-02
9.681932578996289840e-02
1.150600981825657121e-01
9.777104131320710212e-02
9.454639351273409764e-02
1.340519336044854182e-01
1.059140958342594946e-01
9.672666310015640145e-02
8.850683345973717198e-02
9.972384262196552773e-02
9.694689613984083798e-02
1.008862195662246775e-01
1.258524828478284063e-01
9.495180594413960007e-02
5.060691125119376466e-01
8.634796522232059124e-02
9.155184834437571362e-02
1.021645057028387066e-01
9.058577065466393019e-02
2.181328071740482322e-01
9.244681660824130565e-02
8.654930678007356770e-02
8.453107174621581066e-02
8.885902964905011137e-02
1.066014003757961986e-01
2.009623855769608058e-01
1.873426331291919711e-01
1.720069668355063142e-01
1.468465937359017814e-01
1.321552851182655197e-01
1.309214364192076707e-01
1.183516554976503099e-01
1.003277896797163810e-01
1.047051863330245997e-01
1.061072504691835811e-01
9.843500884234207549e-02
1.029515417713219999e-01
1.324527341605193920e-01
1.055329823453916849e-01
9.875696079237700209e-02
9.194847529235888883e-02
8.883076526089300762e-02
8.796863661996187633e-02
8.751918478029710458e-02
8.965412658283419822e-02
8.881148827754360708e-02
8.909714645134600430e-02
1.130541868843562142e-01
8.916584551948825155e-02
9.206757786025279722e-02
8.196238357162789756e-02
8.318506380935609956e-02
8.503659219453101048e-02
8.406378165765299171e-02
8.621691489280089438e-02
1.800013506036963751e-01
1.462375665062876084e-01
9.621112027598399674e-02
1.036215445937537227e-01
1.025136245777437394e-01
1.264326430615436980e-01
9.689337031267188094e-02
9.571127267582286990e-02
9.798688739601649211e-02
8.857431943353809289e-02
9.582748609410578211e-02
1.147904968396889075e-01
1.524085769708218852e-01
8.426944399131307273e-02
9.442462659028601213e-02
9.455780608004331345e-02
1.036906701541765730e-01
8.274698566369889652e-02
8.117236318301031262e-02
8.773391412338737982e-02
9.473317318783099072e-02
1.121942942416742084e-01
8.030530014649731041e-02
8.146871887002658796e-02
7.804648140333868278e-02
8.388038068992949292e-02
1.121766203937664547e-01
7.598407501116731522e-02
9.309445637351301817e-02
1.446526228752529897e-01
8.631748229501449987e-02
8.177135999828190338e-02
8.831914960864452324e-02
7.828005216602801353e-02
7.979280866551161089e-02
7.493406632311519489e-02
9.867899740345779935e-02
7.893895731234909507e-02
8.123679526509150484e-02
9.502140237574818737e-02
1.904651196773757271e-01
1.469450364958058419e-01
1.705765897365824624e-01
1.012830453393015889e-01
8.731704530444361900e-02
8.836181729995101763e-02
8.075052662466659925e-02
9.420934003746009311e-02
1.163451847242638754e-01
4.264388461131898844e-01
2.026620968007868673e-01
1.724501347702976084e-01
1.334512724878190726e-01
1.300987651203263928e-01
1.224013875116268246e-01
1.106024910706001896e-01
1.115026658523337044e-01
1.044599270581399314e-01
9.315822022385407408e-02
1.066871083132475972e-01
9.722926163199058225e-02
8.845921101144259280e-02
9.401602075454348895e-02
6.734475250304022831e-01
3.206013743233065982e-01
3.260826454089110205e-01
2.807057624433799692e-01
2.273806533374487238e-01
2.871606196827390378e-01
2.119336932863725709e-01
2.034564459532130221e-01
2.212072670642284966e-01
1.878398614093263752e-01
2.727266461994891089e-01
1.917308444392353262e-01
1.628653299219029182e-01
1.682666880441974488e-01
1.676618527992983221e-01
1.694329115153463960e-01
1.517794707656145159e-01
1.725971879454366031e-01
1.564429513133293592e-01
2.335122426288439301e-01
1.351104153945463238e-01
2.216065885295254723e-01
1.967539629859423878e-01
1.390896289441679312e-01
1.296510812131324020e-01
1.684658790643195625e-01
9.249236160261942175e-01
1.204252959231012776e-01
1.444750035358386975e-01
1.972487586817123217e-01
1.526010392745665578e-01
1.452556245109525579e-01
1.230834542199869264e-01
1.184669936709285692e-01
1.222551850315948957e-01
1.119244790958174168e-01
1.149740762595989341e-01
1.150163873864694652e-01
1.387638694754386171e-01
1.118727212707398000e-01
1.060569449832102912e-01
1.127767181589304363e-01
1.110976539063795870e-01
1.069913322378634873e-01
1.558982021777588212e-01
1.073189804136951975e-01
9.699740003728600513e-02
1.713665572327472131e-01
1.204530935814370207e-01
1.175095121878838716e-01
1.241519788950843778e-01
1.447560353823686974e-01
1.499334105636752901e-01
1.082528921839446961e-01
1.160369592133912997e-01
1.280783328361004836e-01
1.390434734740370881e-01
1.171152363456430257e-01
9.726901224796409562e-02
1.026874286420377119e-01
1.317316447912014743e-01
1.178320872860112029e-01
1.217885353390830150e-01
1.065692602364719938e-01
1.039329945581135006e-01
1.085784149270418303e-01
9.907519597626540664e-02
1.406282707635675977e-01
1.200452320037009718e-01
2.367817946211838442e-01
1.258144993153928748e-01
1.164010318734997051e-01
1.194340424231827985e-01
1.015185211372936075e-01
1.168171101336710760e-01
9.709694777979312186e-02
1.563843842905000836e-01
2.378455403028014448e-01
1.105111577887262775e-01
1.048108649809461057e-01
1.085238663942285908e-01
1.039121389196458051e-01
9.852707198634480523e-02
1.115206077897600984e-01
9.379346207810350389e-02
1.201163288892998227e-01
1.055483855479123212e-01
1.019661285317597227e-01
1.052922780261826008e-01
9.275195165231961414e-02
1.015396746683553258e-01
1.029242849831562973e-01
8.795810041778140409e-02
1.037291847228178077e-01
8.855532341482627579e-02
1.165408609463361167e-01
1.050363778322581931e-01
8.924613195686842415e-02
1.133405474504428079e-01
1.338076858575559802e-01
1.381298597489449553e-01
9.515349392355638980e-02
1.059983361946735120e-01
1.013843751788850167e-01
8.801197855968082018e-02
1.030088908770065287e-01
9.029700925776010245e-02
9.681077019680536799e-02
1.140214452068035594e-01
9.492399729523393059e-02
1.082731872155769243e-01
8.850647421280675997e-02
1.013080577051736902e-01
8.977285763082408498e-02
1.026126677718704194e-01
1.452894878737317486e-01
1.078221235577256215e-01
1.008385781038785844e-01
1.062243741707211558e-01
9.674767390854518978e-02
1.565902819907835919e-01
1.572348915490607846e-01
9.054131546939471475e-02
1.379641164958575195e-01
9.230670066204248181e-02
8.516540170234569718e-02
9.195962726095041617e-02
8.096207772154200011e-02
1.113750208546175763e-01
8.281607966584811353e-02
9.703572280170921771e-02
8.928547496998209820e-02
1.215587955652594060e-01
9.678436730233011542e-02
1.047110187786634006e-01
9.121392011127651966e-02
8.498598102394991360e-02
8.517508578315090284e-02
8.258903320319758989e-02
8.621568536790383264e-02
1.139944906059108115e-01
1.009172047542707951e-01
9.548876717803021774e-02
3.854786217034018025e-01
9.126072854628411446e-02
9.282262186484151190e-02
1.009297382403447074e-01
9.621126803260339477e-02
8.561240328896538299e-02
8.475359922822590930e-02
8.389005598444861100e-02
9.522238007398700632e-02
1.421464613418911005e-01
1.033536504550867929e-01
9.833928369459059293e-02
9.366687021210429176e-02
8.730221041193798881e-02
9.813588864627510733e-02
9.204497108835670016e-02
8.828577259365130714e-02
8.123497531545530170e-02
8.152679932978493249e-02
9.781839812251720556e-02
1.645060661095470167e-01
9.188298206365201615e-02
8.012434423490921720e-02
9.167149955184329679e-02
7.967099607809960404e-02
7.907054908362071144e-02
7.439449149773658121e-02
1.445337794733183023e-01
1.034621816572849212e-01
8.852560333203803034e-02
1.305863334876728732e-01
1.081849451631430176e-01
9.819749582016297496e-02
1.009591621216605201e-01
8.802050222644700050e-02
8.774568545355369842e-02
1.003366048915413228e-01
8.430456190861218557e-02
9.346349305114609596e-02
8.984524592091450157e-02
3.670766216899336576e-01
8.303854147003979225e-02
9.561460292468149103e-02
1.049918141825523649e-01
1.507512000404595820e-01
8.310367163996011663e-02
8.156992650474918782e-02
8.726135943543071594e-02
8.101342093239809194e-02
9.466433157133780085e-02
1.258722490818232898e-01
9.814680825355000249e-02
8.871371124331989266e-02
1.671500705462634351e-01
8.392796326495780002e-02
8.048855390244520625e-02
1.090281592418064910e-01
8.977310301653412816e-02
8.188732058017558768e-02
1.120308056454663165e-01
8.723394073257068060e-02
8.907583153979629909e-02
4.337192378166767059e-01
2.331993226403993313e-01
1.803816430444884489e-01
1.558939218350146316e-01
1.349615201990347624e-01
1.580737459330328054e-01
1.548282114024130962e-01
1.325535688107803145e-01
1.089862329103232080e-01
1.092889495354748969e-01
1.077012800025601291e-01
1.078754058722998371e-01
1.181930334186243048e-01
1.394049454493161144e-01
1.256116698371788354e-01
1.349443206389610850e-01
1.137224355375884843e-01
1.010454113863926973e-01
9.833921017334529280e-02
1.050367739241729881e-01
9.571611845462921209e-02
1.119203815179504874e-01
9.040631834763510066e-02
1.006513591053289219e-01
1.488644686273591089e-01
1.129021276847477911e-01
1.067127186559585356e-01
1.127339384450076060e-01
9.418985246338118511e-02
9.895894080475969856e-02
8.831562878721256615e-02
8.136601214429869944e-02
9.552192385838000066e-02
1.087237944684601165e-01
9.145397017944789653e-02
9.622786062658310324e-02
8.511776930160927512e-02
8.187536131330511169e-02
7.665912027294460862e-02
8.097659224374519071e-02
7.764137235300409834e-02
8.100793369930449350e-02
4.998899400130448201e-01
8.233435649409516499e-02
7.749307946234669509e-02
7.984029982399838687e-02
1.053239934823437113e-01
8.802940996287729469e-02
9.269112524701779432e-02
1.040694903935255183e-01
8.697020217995322933e-02
8.210004759614471237e-02
1.049900112802699681e-01
1.074538468900463478e-01
1.022769862455852052e-01
1.556937962122711405e-01
1.715115495984846083e-01
9.409841998826301568e-02
9.470959967165570870e-02
8.628252176585698985e-02
1.048453347284709208e-01
8.253764883523229123e-02
8.335493948770320016e-02
7.810488612599503222e-02
7.948119962252397919e-02
8.492494255236442136e-02
7.978580093039677745e-02
7.798588065988491802e-02
7.336285009669059332e-02
8.512731019863119253e-02
7.774496400005129204e-02
8.063493793010760580e-02
1.115592868567694962e-01
1.221633028590334430e-01
8.755160675506971912e-02
7.804067766294699171e-02
1.418578994231625146e-01
1.370284594817980928e-01
8.581056555673330366e-02
8.507160669049619595e-02
8.012332643794678466e-02
8.784785599068520301e-02
9.298369650684827625e-02
9.776877040579820544e-02
9.101156104748853171e-02
8.469137773599411112e-02
3.422698976497598466e-01
9.230221491403937939e-02
8.871663999476470108e-02
2.438117830561004340e-01
1.127701865959402638e-01
9.392254341595587808e-02
1.031119680720583992e-01
8.799273984474671739e-02
8.855506676768797047e-02
8.328154093542881886e-02
9.251900565314491454e-02
1.053182502872183068e-01
8.844408257261508755e-02
8.193126355882800194e-02
8.761762357024080461e-02
8.434802859942021336e-02
8.206021715380000525e-02
8.402719539255258663e-02
8.748614503071457105e-02
1.205223740096999785e-01
8.034065651123800667e-02
2.151411788299657513e-01
1.326317955024133577e-01
1.162885145192835146e-01
1.142573250735643281e-01
8.075382691602228658e-02
1.075523655641055093e-01
7.885435364563432581e-02
7.573108025721583814e-02
7.640477039227550060e-02
7.504568585884280330e-02
7.224682422910443103e-02
7.686702552699350988e-02
7.664789530944890461e-02
8.726811680725052311e-02
7.475168381230677672e-02
8.824798787905388520e-02
7.795898737481618546e-02
7.181209362529361595e-02
7.823574078468539805e-02
8.214302994384090062e-02
7.574809059157658342e-02
1.068144822493927032e-01
1.666065158775243138e-01
1.240700029161441870e-01
9.503639681428381614e-02
9.228865598908481127e-02
9.128633065039762351e-02
8.529323678665966246e-02
1.110241056372697072e-01
1.180460168403767440e-01
9.449079710715790892e-02
8.924785727548890935e-02
9.145877147617580138e-02
8.548781948030148570e-02
8.514595354922729897e-02
8.189619790037831748e-02
7.787314719544310981e-02
8.519182537645547670e-02
7.917457162736311893e-02
4.328445149618260213e-01
8.292636083293318527e-02
9.173177787315742182e-02
1.057512822145497688e-01
9.306950405693212303e-02
9.689809147671289702e-02
1.091798797875719734e-01
9.470204611140391193e-02
8.867283255038740930e-02
8.282055619806039104e-02
2.634638197904072832e-01
1.032476993927512188e-01
1.070896628980506082e-01
2.112052279597836646e-01
1.399301105397309786e-01
1.130281598196753029e-01
9.090440524174152326e-02
9.190771893855601005e-02
9.981407388454721641e-02
2.215631715927057210e-01
1.101256915697620270e-01
9.007174355265500088e-02
1.037644858976399798e-01
7.982092451067010486e-02
1.175235141391602206e-01
9.544114427651427535e-02
9.168100345632555770e-02
8.553354236927979137e-02
8.298372820074621792e-02
1.025019912591998011e-01
8.739160267760739953e-02
1.016098923933449055e-01
8.980052488815909451e-02
8.719029098575670211e-02
8.228830355442959266e-02
8.597364450765078436e-02
8.687578395021049171e-02
8.492961284939039290e-02
8.614821448583177832e-02
7.823169576851128626e-02
7.462279408541762360e-02
8.610367479664256252e-02
7.930701097835600455e-02
1.102725374641924938e-01
7.499203057264398897e-02
7.913419145000930022e-02
7.330610583582650164e-02
7.583465318149129608e-02
9.529186459095079220e-02
8.562180031617437626e-02
8.712170608484350043e-02
7.617459558716022094e-02
7.987274841651129109e-02
9.609860031747619047e-02
1.080181494096578987e-01
7.556567796834058603e-02
1.094612623762884901e-01
8.613635238648209569e-02
7.206992413486190685e-02
7.069271953154158961e-02
1.014060620317382005e-01
8.818383852686248470e-02
8.819723391783672317e-02
9.313586701988081640e-02
7.723118331257081137e-02
8.533283733426193229e-02
7.845266335843348315e-02
7.854574885646220528e-02
7.138389629284996873e-02
7.286725847549721524e-02
8.518888147821261636e-02
7.469497225534339757e-02
8.859403217556978405e-02
8.022304963654908194e-02
1.540094221070059943e-01
1.057410629225519760e-01
1.008759910543123028e-01
9.565528580382301471e-02
9.241752882733780816e-02
8.337694612797282023e-02
8.387300081817980479e-02
7.500305513537788848e-02
7.746577021307388122e-02
8.160846545902417093e-02
7.895748962505566571e-02
7.280984107628540869e-02
6.891240970627160456e-02
1.641564635066346534e-01
1.943232184440378540e-01
1.283394426369144636e-01
1.279326189955020121e-01
1.123318948709895460e-01
9.326621570290631602e-02
9.931468210327790147e-02
1.127429054283546894e-01
1.362494461283229041e-01
8.584327280961048801e-02
1.831745449652675828e-01
1.075380942819654795e-01
7.828208783147871941e-02
7.794744431825992304e-02
1.079540210210047313e+00
3.531733075591188542e-01
2.483874411009054373e-01
2.033527439809393322e-01
1.951412051513422008e-01
2.071264822057310440e-01
1.284300073403022158e-01
2.226946775685815505e-01
3.128785213429304823e-01
1.216007707982440927e-01
1.154609115961769961e-01
1.347541019321496225e-01
1.110220508161547243e-01
1.215238535124701785e-01
9.929204043918700429e-02
6.776180504441782215e-01
9.252461800794362090e-02
9.981889183436264135e-02
1.100553162217927233e-01
9.857678415853618481e-02
1.009246726743069367e-01
1.058150278636900143e-01
9.213144693795498330e-02
9.420555912815639643e-02
1.084555095784019013e-01
1.709238038454402864e-01
9.843938519647511820e-02
9.674466597610378860e-02
9.168486495124830715e-02
8.544339016739650738e-02
8.194187106543182608e-02
8.736181781366482435e-02
3.931000558372136355e-01
3.131915728636117668e-01
1.339641566581291632e-01
1.464270080036228772e-01
1.223457269389355700e-01
1.196924230532802891e-01
1.327727800175453055e-01
1.135059304904384725e-01
1.095935757622609058e-01
1.110108067204373106e-01
9.491640991354839685e-02
2.180073413953345363e-01
1.424733897876128974e-01
9.894363779729199726e-02
9.080595165140359359e-02
8.516510943733611450e-02
1.046548391359515690e-01
9.400413550708519583e-02
9.654814897128539963e-02
9.482454737808219958e-02
3.276576847460389574e-01
9.779721632570449741e-02
9.919937727611731482e-02
1.247899437998344213e-01
8.616474189364138614e-02
9.704544316839867901e-02
9.047121984659929617e-02
8.314289104570521394e-02
8.229214334402819297e-02
7.713512457023180557e-02
8.333541024724859525e-02
7.523603806286729978e-02
1.019724371197861384e-01
9.312513835075098001e-02
8.690719322401728453e-02
7.876146278897809550e-02
7.917780138463817452e-02
7.145022131511809260e-02
8.528497240928062384e-02
7.939502356499870961e-02
8.519889899689579715e-02
8.761885439048071322e-02
8.742928383653790492e-02
1.007116699640045743e-01
1.009682106295863996e-01
1.350164706526684466e-01
8.183591326070541183e-02
9.113797363391487605e-02
7.360750882329848699e-02
8.164872659460549464e-02
7.473731677044069543e-02
7.248927749250108632e-02
1.398003359249470889e-01
7.636705102848832805e-02
