-1.138567387103175121e-01
-1.087533793259593679e-01
-9.139632603826837454e-02
-8.502659661924863443e-02
-8.690426852533271462e-02
-9.058480570054200376e-02
-2.314575503526118183e+01
-5.351942504931865852e-01
-1.704569088591386394e-01
-1.387420227837174169e-01
-1.112665866936777548e-01
-1.115343380719014538e-01
-1.146798184102205825e-01
-9.753330961641178132e-02
-1.140467507012201953e-01
-1.209353825859839637e-01
-9.183850458814463158e-02
-9.163043034552854904e-02
-6.197982776680685646e+00
-2.410694618904644926e-01
-1.525115966571235049e+01
-5.282329922636982422e-01
-1.696708608456326539e-01
-1.485800213492921851e-01
-1.194982951509910851e-01
-1.109993017872180215e-01
-1.068185523408833465e-01
-1.070041110544560914e-01
-1.102082242329059519e-01
-1.009394150891981534e-01
-1.215720491207100906e+01
-4.045163609331908772e-01
-1.179785001720059234e-01
-1.389489175467387427e-01
-1.325117973248518943e+01
-3.125211866471578337e-01
-2.232016462933266721e-01
-1.654591035751690198e-01
-1.384212192117605933e-01
-1.822790099412548714e-01
-1.730111653451130138e+01
-3.258430956673480372e-01
-2.175274011234113736e-01
-1.884335473064595035e-01
-2.193443381381088575e-01
-1.652471678234328223e-01
-1.665281071969375859e-01
-1.541947402400593303e-01
-1.299856548840859494e-01
-9.691040443472017651e-01
-1.235938021220240046e-01
-1.293640239973547212e-01
-1.304099940018315085e-01
-1.465020035497943407e-01
-1.358626401380642890e-01
-1.092061049979572707e-01
-1.023766978180729037e-01
-1.054914518942523249e-01
-1.296309184770883860e+01
-9.899784212845856579e-02
-9.375466290919763634e-02
-1.046725850689097514e-01
-9.408890041200003440e-02
-9.982198607247538824e-02
-9.681932578996158001e-02
-1.150600981825658647e-01
-9.777104131320830949e-02
-9.454639351273398662e-02
-1.340519336044828091e-01
-1.059140958342593558e-01
-9.672666310015513857e-02
-8.850683345973490990e-02
-9.972384262196287708e-02
-9.694689613983700771e-02
-1.008862195662223460e-01
-1.258524828478227997e-01
-9.495180594413479835e-02
-5.060691125119961553e-01
-8.634796522231781568e-02
-9.155184834437384012e-02
-1.021645057028367498e-01
-9.058577065466076605e-02
-2.181328071740498420e-01
-9.244681660823980685e-02
-8.654930678007384526e-02
-8.453107174621558861e-02
-8.885902964904868195e-02
-1.320183508287482965e+01
-1.160728840811978202e+01
-1.873426331291894731e-01
-1.720069668355049264e-01
-1.468465937359017537e-01
-1.321552851182669908e-01
-1.309214364192061442e-01
-1.183516554976505597e-01
-1.003277896797156316e-01
-1.047051863330232813e-01
-1.061072504691829704e-01
-9.843500884234102077e-02
-1.029515417713211117e-01
-1.324527341605176434e-01
-1.055329823453914490e-01
-9.875696079237616942e-02
-9.194847529235909700e-02
-8.883076526089157821e-02
-8.796863661996100203e-02
-8.751918478029567516e-02
-8.965412658283250513e-02
-8.881148827754226094e-02
-8.909714645134435285e-02
-1.130541868843572134e-01
-8.916584551948643356e-02
-9.206757786024978574e-02
-8.196238357162559385e-02
-8.318506380935325462e-02
-8.503659219452706919e-02
-8.406378165764952226e-02
-8.621691489279767473e-02
-9.633393701446697932e+00
-1.462375665062861652e-01
-9.621112027598086036e-02
-1.036215445937507390e-01
-1.025136245777406585e-01
-1.264326430615399510e-01
-9.689337031266855027e-02
-9.571127267582042741e-02
-9.798688739601246755e-02
-8.857431943353645531e-02
-7.016377218829928708e+00
-1.147904968396886299e-01
-1.524085769708177218e-01
-8.426944399131106045e-02
-9.442462659028709460e-02
-9.455780608004311916e-02
-1.036906701541769060e-01
-8.274698566369892427e-02
-8.117236318300811992e-02
-8.773391412338264750e-02
-9.473317318782809027e-02
-1.121942942416705863e-01
-8.030530014649407688e-02
-8.146871887002557489e-02
-7.804648140333829420e-02
-8.388038068993133867e-02
-1.121766203937678841e-01
-7.598407501116678786e-02
-9.309445637351321245e-02
-1.446526228752518517e-01
-8.631748229501490233e-02
-8.177135999828055724e-02
-8.831914960864345465e-02
-7.828005216602737515e-02
-7.979280866550908513e-02
-7.493406632311387650e-02
-9.867899740345574544e-02
-7.893895731234555624e-02
-8.123679526508861826e-02
-1.111446269190049208e+01
-1.904651196773730348e-01
-1.469450364958017896e-01
-1.705765897365807138e-01
-1.012830453392982721e-01
-8.731704530444013568e-02
-8.836181729994888046e-02
-8.075052662466586373e-02
-9.420934003745813634e-02
-3.516246852099050813e+01
-4.264388461132299080e-01
-2.026620968007788737e-01
-1.724501347702904197e-01
-1.334512724878131051e-01
-1.300987651203204254e-01
-1.224013875116231331e-01
-1.106024910705985936e-01
-1.115026658523323305e-01
-1.044599270581393624e-01
-9.315822022385152057e-02
-1.066871083132455017e-01
-9.722926163198965244e-02
-8.845921101144084420e-02
-3.529410666050893042e+01
-6.734475250304072791e-01
-3.206013743233255275e-01
-3.260826454089367221e-01
-2.807057624433872967e-01
-2.273806533374431449e-01
-2.871606196827541368e-01
-2.119336932863673251e-01
-2.034564459532109126e-01
-2.212072670642258876e-01
-1.878398614093272634e-01
-2.727266461994957147e-01
-1.917308444392338829e-01
-1.628653299218996986e-01
-1.682666880441933965e-01
-1.676618527992946306e-01
-1.694329115153407339e-01
-1.517794707656130448e-01
-1.725971879454354652e-01
-1.564429513133265004e-01
-2.335122426288407937e-01
-1.351104153945447417e-01
-2.216065885295237792e-01
-1.967539629859383910e-01
-1.390896289441692357e-01
-1.296510812131334289e-01
-1.684658790643172865e-01
-9.249236160261523620e-01
-1.204252959230992792e-01
-1.444750035358356721e-01
-1.972487586817079364e-01
-1.526010392745626165e-01
-1.452556245109486166e-01
-1.230834542199862186e-01
-1.184669936709295268e-01
-1.222551850315943406e-01
-1.119244790958156266e-01
-1.149740762595977545e-01
-1.150163873864695069e-01
-1.387638694754366187e-01
-1.118727212707379404e-01
-1.060569449832072381e-01
-1.127767181589272305e-01
-1.110976539063786850e-01
-1.069913322378615583e-01
-1.558982021777557403e-01
-1.073189804136926162e-01
-8.864499028150587989e+00
-1.713665572327434661e-01
-1.204530935814330239e-01
-1.175095121878812210e-01
-1.241519788950834202e-01
-1.447560353823686141e-01
-1.499334105636730141e-01
-1.082528921839444880e-01
-1.160369592133903283e-01
-1.280783328361003726e-01
-1.390434734740356448e-01
-1.171152363456428591e-01
-9.726901224796233314e-02
-1.163153412315211277e+01
-1.317316447911976995e-01
-1.178320872860071367e-01
-1.217885353390776165e-01
-1.065692602364684965e-01
-1.039329945581115161e-01
-1.085784149270389021e-01
-9.907519597626261720e-02
-1.406282707635660711e-01
-1.200452320037009163e-01
-2.367817946211820679e-01
-1.258144993153946789e-01
-1.164010318734986643e-01
-1.194340424231825903e-01
-1.015185211372920532e-01
-1.168171101336713397e-01
-8.472675374710146201e+00
-1.563843842905010828e-01
-2.378455403027976423e-01
-1.105111577887266799e-01
-1.048108649809454673e-01
-1.085238663942268700e-01
-1.039121389196424744e-01
-9.852707198634273744e-02
-1.115206077897569342e-01
-1.201018269248585568e+01
-1.201163288892984071e-01
-1.055483855479094485e-01
-1.019661285317575022e-01
-1.052922780261788122e-01
-9.275195165231658878e-02
-1.015396746683524254e-01
-1.029242849831551593e-01
-8.795810041778093225e-02
-1.037291847228170583e-01
-8.855532341482455494e-02
-1.165408609463350481e-01
-1.050363778322584013e-01
-8.924613195686673106e-02
-1.133405474504423499e-01
-1.338076858575551753e-01
-1.381298597489410140e-01
-9.515349392355409996e-02
-1.059983361946713332e-01
-1.013843751788863073e-01
-8.801197855968129202e-02
-1.030088908770076944e-01
-9.029700925776047715e-02
-9.681077019680656148e-02
-1.140214452068031847e-01
-9.492399729523552654e-02
-1.082731872155748287e-01
-8.850647421280653793e-02
-1.013080577051747450e-01
-8.977285763082566705e-02
-8.344697506343937476e+00
-1.452894878737281403e-01
-1.078221235577243031e-01
-1.008385781038760032e-01
-1.062243741707198930e-01
-9.674767390854446814e-02
-1.565902819907764865e-01
-1.572348915490548171e-01
-9.054131546939310493e-02
-1.379641164958532451e-01
-9.230670066203761071e-02
-8.516540170234282447e-02
-9.195962726094623896e-02
-8.096207772153943272e-02
-1.113750208546156611e-01
-8.281607966584444980e-02
-9.703572280170606745e-02
-1.451029843066541503e+01
-1.215587955652575741e-01
-9.678436730232764518e-02
-1.047110187786605556e-01
-9.121392011127393840e-02
-8.498598102394826215e-02
-8.517508578314947343e-02
-8.258903320319781194e-02
-8.621568536790391590e-02
-1.139944906059103119e-01
-1.009172047542693934e-01
-9.548876717802866343e-02
-3.854786217034422702e-01
-9.126072854628158870e-02
-9.282262186483983268e-02
-1.009297382403449156e-01
-9.621126803260246496e-02
-8.561240328896377316e-02
-8.475359922822492398e-02
-8.389005598444596035e-02
-9.522238007398338422e-02
-1.421464613418860490e-01
-1.033536504550847945e-01
-9.833928369458735941e-02
-9.366687021210204356e-02
-8.730221041193589326e-02
-9.813588864627353914e-02
-9.204497108835296704e-02
-8.828577259364782381e-02
-8.123497531545269268e-02
-8.152679932978278143e-02
-9.781839812251373611e-02
-1.645060661095422150e-01
-9.188298206364790832e-02
-8.012434423490673308e-02
-9.167149955184009102e-02
-7.967099607809804973e-02
-7.907054908362042001e-02
-1.061842359944608560e+01
-1.445337794733134729e-01
-1.034621816572822706e-01
-1.479052519589624026e+01
-1.305863334876695425e-01
-1.081849451631422265e-01
-9.819749582016104594e-02
-1.009591621216579388e-01
-8.802050222644437760e-02
-8.774568545354986815e-02
-1.003366048915386999e-01
-8.430456190860979859e-02
-9.346349305114182160e-02
-8.984524592091167050e-02
-3.670766216899705170e-01
-8.303854147003557340e-02
-9.561460292467924282e-02
-1.049918141825486040e-01
-1.507512000404551133e-01
-8.310367163995734108e-02
-8.156992650474761963e-02
-8.726135943542924489e-02
-8.101342093239624620e-02
-1.458646469867643169e+01
-1.258722490818220963e-01
-9.814680825354915594e-02
-8.871371124331824121e-02
-1.671500705462604097e-01
-8.392796326495798043e-02
-8.048855390244499808e-02
-1.090281592418062134e-01
-8.977310301653482205e-02
-8.188732058017481052e-02
-1.120308056454652895e-01
-8.723394073257080550e-02
-2.386581685877782633e+01
-4.337192378167212814e-01
-2.331993226403900610e-01
-1.803816430444868391e-01
-1.558939218350159917e-01
-1.349615201990311819e-01
-1.580737459330334993e-01
-1.548282114024107370e-01
-1.325535688107783161e-01
-1.089862329103210153e-01
-1.092889495354753687e-01
-1.077012800025604622e-01
-1.078754058722995596e-01
-1.181930334186220288e-01
-1.184748996172460522e+01
-1.256116698371734508e-01
-1.349443206389559780e-01
-1.137224355375851537e-01
-1.010454113863909764e-01
-9.833921017334348869e-02
-1.050367739241702958e-01
-9.571611845462660306e-02
-1.119203815179495437e-01
-9.040631834763335206e-02
-1.529409123576237128e+01
-1.488644686273627171e-01
-1.129021276847457095e-01
-1.067127186559565927e-01
-1.127339384450078419e-01
-9.418985246338032469e-02
-9.895894080475892141e-02
-8.831562878721128940e-02
-8.136601214429542428e-02
-9.552192385837887656e-02
-1.087237944684599361e-01
-9.145397017944784102e-02
-9.622786062658265915e-02
-8.511776930160858123e-02
-8.187536131330463984e-02
-7.665912027294563558e-02
-8.097659224374544051e-02
-7.764137235300457018e-02
-8.100793369930504861e-02
-4.998899400130622506e-01
-8.233435649409372170e-02
-7.749307946234589017e-02
-7.984029982399937220e-02
-1.053239934823422264e-01
-8.802940996287574038e-02
-9.269112524701531020e-02
-1.040694903935215909e-01
-8.697020217995136970e-02
-8.210004759614278336e-02
-1.049900112802680530e-01
-1.074538468900429616e-01
-1.022769862455835399e-01
-1.556937962122665886e-01
-1.715115495984780303e-01
-9.409841998826004583e-02
-9.470959967165283599e-02
-8.628252176585565758e-02
-1.048453347284667853e-01
-8.253764883523137530e-02
-8.335493948770347772e-02
-7.810488612599410241e-02
-7.948119962252500614e-02
-8.492494255236367195e-02
-7.978580093039643051e-02
-7.798588065988590334e-02
-7.336285009669017698e-02
-8.512731019863035986e-02
-7.774496400005102836e-02
-8.063493793010707844e-02
-1.246845267211972974e+01
-1.221633028590319164e-01
-8.755160675506973300e-02
-7.804067766294661701e-02
-1.418578994231610713e-01
-1.370284594817936519e-01
-8.581056555673055586e-02
-8.507160669049350366e-02
-8.012332643794493892e-02
-8.784785599068453688e-02
-9.298369650684694399e-02
-9.776877040579776135e-02
-9.101156104748693576e-02
-8.469137773599283436e-02
-3.422698976497794421e-01
-9.230221491403824141e-02
-1.624524126897136966e+01
-2.438117830560956600e-01
-1.127701865959375022e-01
-9.392254341595174250e-02
-1.031119680720534032e-01
-8.799273984474548227e-02
-8.855506676768558350e-02
-8.328154093542750047e-02
-9.251900565314147284e-02
-1.053182502872145460e-01
-8.844408257261315853e-02
-8.193126355882646150e-02
-8.761762357023986092e-02
-8.434802859941611941e-02
-8.206021715379674397e-02
-8.402719539255017189e-02
-8.748614503071108772e-02
-1.205223740096972862e-01
-1.278728707994608449e+01
-2.151411788299560923e-01
-1.326317955024094719e-01
-1.162885145192794623e-01
-1.142573250735604146e-01
-8.075382691601869223e-02
-1.075523655640989729e-01
-7.885435364562935756e-02
-7.573108025721218828e-02
-7.640477039227273892e-02
-7.504568585884043019e-02
-7.224682422910227997e-02
-7.686702552699156699e-02
-7.664789530944618456e-02
-8.726811680724827491e-02
-7.475168381230549997e-02
-8.824798787905291375e-02
-7.795898737481592178e-02
-7.181209362529225593e-02
-7.823574078468273352e-02
-8.214302994383920753e-02
-1.339048253566187974e+01
-1.068144822493900942e-01
-1.666065158775228428e-01
-1.240700029161427020e-01
-9.503639681428228958e-02
-9.228865598908365941e-02
-9.128633065039647165e-02
-1.248422067952817471e+01
-1.110241056372678475e-01
-1.180460168403747456e-01
-9.449079710715579949e-02
-8.924785727548693870e-02
-9.145877147617494096e-02
-8.548781948030081956e-02
-8.514595354922561976e-02
-8.189619790037613867e-02
-7.787314719544274899e-02
-8.519182537645617059e-02
-7.917457162736132870e-02
-4.328445149618762033e-01
-8.292636083293081217e-02
-9.173177787315521525e-02
-1.057512822145467851e-01
-9.306950405692795969e-02
-9.689809147670873368e-02
-1.091798797875679211e-01
-9.470204611139920736e-02
-8.867283255038663214e-02
-1.271201160758798210e+01
-2.634638197904055068e-01
-1.032476993927514963e-01
-1.307801917304687755e+01
-2.112052279597795013e-01
-1.399301105397295075e-01
-1.130281598196756221e-01
-9.090440524173989956e-02
-9.190771893855352592e-02
-9.981407388454652252e-02
-2.215631715927053325e-01
-1.101256915697600564e-01
-9.007174355265344656e-02
-1.037644858976362744e-01
-9.945794077523560262e+00
-1.175235141391572785e-01
-9.544114427651559374e-02
-9.168100345632600179e-02
-8.553354236927912524e-02
-8.298372820074506606e-02
-1.025019912591965399e-01
-1.110256845841814233e+01
-1.016098923933412140e-01
-8.980052488815712386e-02
-8.719029098575406533e-02
-8.228830355442688649e-02
-8.597364450764936883e-02
-8.687578395020881250e-02
-8.492961284938722877e-02
-8.614821448582964114e-02
-7.823169576851052298e-02
-7.462279408541648562e-02
-8.610367479663863510e-02
-7.930701097835583802e-02
-1.102725374641898848e-01
-7.499203057264344774e-02
-7.913419145000809285e-02
-7.330610583582675144e-02
-7.583465318149296142e-02
-9.529186459094862727e-02
-8.562180031617357134e-02
-8.712170608484386125e-02
-7.617459558715895807e-02
-7.987274841651034740e-02
-9.609860031747448350e-02
-1.080181494096574407e-01
-7.556567796833831008e-02
-1.094612623762856174e-01
-8.613635238647854298e-02
-7.206992413486261462e-02
-7.069271953154115939e-02
-1.014060620317362577e-01
-8.818383852686265123e-02
-8.819723391783662603e-02
-9.313586701988088579e-02
-7.723118331256943747e-02
-8.533283733425954531e-02
-7.845266335843137373e-02
-7.854574885645863869e-02
-7.138389629284816462e-02
-7.286725847549724300e-02
-8.518888147821157553e-02
-7.469497225534350859e-02
-8.859403217556956200e-02
-1.201397781734550207e+01
-1.540094221069984448e-01
-1.057410629225503662e-01
-1.008759910543128996e-01
-9.565528580382118284e-02
-9.241752882733433871e-02
-8.337694612796983651e-02
-8.387300081817852804e-02
-7.500305513537686153e-02
-7.746577021307358979e-02
-8.160846545902177007e-02
-7.895748962505436119e-02
-7.280984107628336865e-02
-1.345850108547629809e+01
-1.209775891939374581e+01
-1.943232184440306098e-01
-1.283394426369095787e-01
-1.279326189954990145e-01
-1.123318948709850496e-01
-9.326621570290276331e-02
-9.931468210327538959e-02
-1.127429054283534821e-01
-1.362494461283211278e-01
-8.584327280960804551e-02
-1.831745449652662783e-01
-1.075380942819633839e-01
-7.828208783147699856e-02
-1.860565675579707445e+01
-1.079540210210030660e+00
-3.531733075591505511e-01
-2.483874411009049932e-01
-2.033527439809409976e-01
-1.951412051513400081e-01
-2.071264822057323207e-01
-1.284300073403015774e-01
-2.226946775685788582e-01
-3.128785213429506884e-01
-1.216007707982452446e-01
-1.154609115961768989e-01
-1.347541019321517042e-01
-1.110220508161551128e-01
-1.215238535124704145e-01
-9.929204043918544997e-02
-6.776180504441472463e-01
-9.252461800794256619e-02
-9.981889183436110091e-02
-1.100553162217913911e-01
-9.857678415853433906e-02
-1.009246726743047023e-01
-1.058150278636880715e-01
-9.213144693795438656e-02
-9.420555912815825605e-02
-1.084555095784021234e-01
-1.709238038454303776e-01
-9.843938519647546515e-02
-9.674466597610414942e-02
-9.168486495124870961e-02
-8.544339016739765924e-02
-8.194187106543339427e-02
-1.289966890839500380e+01
-1.367445831174180704e+01
-3.131915728636236462e-01
-1.073942544839574609e+01
-1.464270080036179644e-01
-1.223457269389326696e-01
-1.196924230532796091e-01
-1.327727800175398376e-01
-1.135059304904370014e-01
-1.095935757622604478e-01
-1.110108067204372689e-01
-9.491640991355036749e-02
-2.180073413953305117e-01
-1.424733897876075961e-01
-9.894363779729160868e-02
-9.080595165140353808e-02
-8.516510943733668348e-02
-1.046548391359517771e-01
-9.400413550708730526e-02
-9.654814897128491391e-02
-9.482454737808196366e-02
-3.276576847460527797e-01
-9.779721632570433087e-02
-9.919937727611563560e-02
-1.247899437998327560e-01
-8.616474189363991509e-02
-9.704544316839644469e-02
-9.047121984659645122e-02
-8.314289104570357636e-02
-8.229214334402594477e-02
-7.713512457022862756e-02
-8.333541024724731849e-02
-7.523603806286512097e-02
-1.019724371197845147e-01
-9.312513835074799629e-02
-8.690719322401527225e-02
-7.876146278897611097e-02
-7.917780138463671735e-02
-7.145022131511710728e-02
-8.528497240928110956e-02
-7.939502356499777980e-02
-8.519889899689335466e-02
-8.761885439048038016e-02
-8.742928383653711388e-02
-1.007116699640041579e-01
-1.009682106295859971e-01
-1.350164706526679748e-01
-8.183591326070750738e-02
-9.113797363391619444e-02
-7.360750882329911149e-02
-8.164872659460668813e-02
-7.473731677044041788e-02
-7.248927749250091979e-02
-1.398003359249409827e-01
-7.636705102848699578e-02
