1.815088247249997266e+01
1.441782252763000649e+01
1.145238330857999642e+01
9.097030158140004374e+00
7.226093398569996218e+00
5.740032292969997840e+00
4.559270430277989838e+00
3.621537077945007344e+00
2.876725949835000851e+00
2.285097222633999614e+00
1.815090377643998831e+00
1.441782167353999000e+00
1.145238311026002043e+00
9.097030166989994449e-01
7.226093078230011457e-01
5.740032004029996804e-01
4.559281693739994923e-01
3.621535636413000803e-01
2.876725894105998105e-01
2.285097265880996764e-01
1.815090392087995719e-01
1.441782255928001077e-01
1.145238222314001603e-01
9.097030398299990606e-02
7.226093362959999655e-02
5.740031976919998669e-02
4.559270810235994259e-02
3.621536983249002556e-02
2.876725875551008893e-02
2.285096213036995338e-02
1.815091166526998714e-02
1.441777843893999288e-02
1.145240785372998206e-02
9.096998428900009495e-03
7.226103684130013270e-03
5.740030313300005863e-03
4.559259824239992633e-03
3.621547701551009694e-03
2.876721283661005327e-03
2.285100812956995103e-03
1.815090564678999195e-03
1.441776529415003021e-03
1.145242074750000552e-03
9.097079952600002238e-04
7.226053182460002696e-04
5.740029942999994288e-04
4.559255569233989819e-04
3.621551396998995615e-04
2.876746445426000892e-04
2.285078929904994977e-04
8.124301411389990872e-04
