7.906045860110000323e-02
7.605743653110000335e-02
8.411383381239999346e-02
8.599423027750000004e-02
7.665463446209999643e-02
7.511997342060000582e-02
7.244914904679999879e-02
7.072697748709999566e-02
8.026454299929999814e-02
7.581949970649999593e-02
7.246615019850000117e-02
7.014936791089999846e-02
6.860695625870000258e-02
6.743498448599999362e-02
7.913577760819999474e-02
7.014462558249999480e-02
6.927673865830000222e-02
6.785825764040000208e-02
6.683750219150000338e-02
7.486226367169999951e-02
6.942703189740000169e-02
2.036935559920000083e-01
1.317850222249999925e-01
1.113980944939999967e-01
9.766825548829999315e-02
8.979497739019999536e-02
8.456352014369999948e-02
8.078748975159999457e-02
9.036875973319999367e-02
8.763372914900000032e-02
8.020878403099999943e-02
7.958448925930000639e-02
7.757325649959999347e-02
7.407340609510000562e-02
7.210401495540000316e-02
7.065901601889999772e-02
6.946713000210000266e-02
6.943332374869999601e-02
6.808833917840000083e-02
6.714245405570000436e-02
6.764869209849999621e-02
6.623301462019999530e-02
6.541323285630000484e-02
6.475324839189999793e-02
6.841222811479999444e-02
6.539727812909999771e-02
6.428243661860000291e-02
6.355590861519999635e-02
6.297468677150000471e-02
6.677432413110000187e-02
6.419434831339999870e-02
6.307455707990000660e-02
6.235152873299999732e-02
6.179588204500000015e-02
6.133918324129999933e-02
6.449908439979999686e-02
6.205367642449999971e-02
6.503210364580000458e-02
6.482233846290000323e-02
6.252035391450000423e-02
6.142585385089999878e-02
6.837896870060000687e-02
6.308612703160000612e-02
6.490574263550000222e-02
6.294310554729999618e-02
6.198524029949999820e-02
6.262307335099999428e-02
6.069537076610000137e-02
5.993551967510000328e-02
5.940504343070000109e-02
5.899523674450000282e-02
5.863976974110000212e-02
6.607700314490000393e-02
6.341256199719999542e-02
6.321551389790000530e-02
6.957343783760000511e-02
6.726815517949999434e-02
6.140903364159999711e-02
6.049902120509999953e-02
5.936459786650000181e-02
6.380387035970000453e-02
6.036294728529999903e-02
5.912984620439999672e-02
8.158209000100000163e-02
6.822331630160000104e-02
6.597390820279999679e-02
6.190718538920000208e-02
6.187250351230000334e-02
5.994254549289999845e-02
5.896658283990000027e-02
5.829811410389999782e-02
6.023301003019999877e-02
5.847294122260000143e-02
5.772965964750000067e-02
5.722793307880000291e-02
6.123603241649999696e-02
5.767488929490000027e-02
5.890653662599999729e-02
5.962939774730000031e-02
5.739668093289999884e-02
5.860778630090000135e-02
5.691211334469999800e-02
5.631443031819999973e-02
5.750465500949999975e-02
5.632811779900000204e-02
6.385751107859999331e-02
5.909449972519999900e-02
6.206116335649999871e-02
6.237430207389999676e-02
5.956115580460000225e-02
5.791117966610000167e-02
6.364405745800000291e-02
5.992817039469999774e-02
5.851210656789999909e-02
5.712300506600000161e-02
5.924218863749999842e-02
9.431161667189999487e-02
6.555774053000000545e-02
6.714294691689999539e-02
6.137853200119999797e-02
5.928682316910000027e-02
5.804879818190000068e-02
5.781532654100000196e-02
5.687423566779999801e-02
5.730141236610000050e-02
5.621539582199999718e-02
5.566807009409999868e-02
5.526844479419999734e-02
5.570974209270000005e-02
5.504805674769999713e-02
5.466213306420000112e-02
5.437575788150000172e-02
5.467454134770000085e-02
5.493634703079999793e-02
5.429840738459999760e-02
5.539896813979999779e-02
1.188240848989999959e-01
9.000170744740000617e-02
8.222236026040000145e-02
7.283471355539999914e-02
7.112315158359999723e-02
6.653281807899999456e-02
6.410040072440000014e-02
6.238118822080000042e-02
6.840281620770000126e-02
6.268863085009999947e-02
6.608654210589999523e-02
6.224667527149999741e-02
6.892159716290000016e-02
7.249557524480000625e-02
6.679303486179999361e-02
9.753025007939999935e-02
1.045416999190000029e-01
7.710632671669999383e-02
8.974737310350000552e-02
8.309144528119999373e-02
7.140639941590000428e-02
6.796944998749999967e-02
6.582094702580000567e-02
6.559869200470000439e-02
6.525571376790000044e-02
6.319619755680000450e-02
1.225225226679999974e-01
8.265436534690000225e-02
7.489669661589999639e-02
9.782626390359999702e-02
8.102197348249999542e-02
7.385337934919999903e-02
7.134464915499999504e-02
6.809440700089999798e-02
6.598254904360000006e-02
6.442787140429999393e-02
6.319413046930000277e-02
6.358074454060000380e-02
6.205251571869999788e-02
8.627788383649999393e-02
6.922524516509999393e-02
6.504777222740000531e-02
7.227124927160000212e-02
6.466414257409999755e-02
6.459982305170000605e-02
6.358853800539999990e-02
6.162150014110000240e-02
6.044181286440000050e-02
5.958868444990000207e-02
5.890460675829999743e-02
5.834247303839999732e-02
5.785353142770000012e-02
5.742435587010000231e-02
6.418252788370000517e-02
5.878426288549999656e-02
5.866323314420000129e-02
5.733691913430000175e-02
5.670611836020000157e-02
5.624767198580000321e-02
5.588588574980000306e-02
5.761603508350000152e-02
5.733017287110000332e-02
5.755849443649999758e-02
6.445615070049999507e-02
5.977110277810000066e-02
5.794755725060000279e-02
6.268420835679999747e-02
5.837355009689999819e-02
5.700673361690000024e-02
5.832522064500000186e-02
5.629519364160000261e-02
5.723502380849999904e-02
5.561244556099999986e-02
5.662093786149999947e-02
5.654898376289999723e-02
5.659565744029999845e-02
5.753013699290000088e-02
7.000760479430000183e-02
5.888625812230000034e-02
5.927602723360000242e-02
5.689561277650000137e-02
5.577850537299999800e-02
5.774395086390000237e-02
5.816395263389999987e-02
5.793727214529999919e-02
5.544395550350000174e-02
5.654578310419999809e-02
5.744164265429999722e-02
5.553892332239999952e-02
5.466389415109999816e-02
5.410215127040000210e-02
7.350936177819999973e-02
6.096318634049999879e-02
6.221105728290000220e-02
8.325165056819999743e-02
6.642480358980000499e-02
6.205885294849999845e-02
5.935019830839999982e-02
5.772665565039999946e-02
6.093649630140000190e-02
4.634989830740000039e-01
2.724649048239999871e-01
2.003072361940000101e-01
1.609496629159999914e-01
1.376158125049999903e-01
2.453797842559999887e-01
1.666743603960000042e-01
1.361695439900000026e-01
1.292726606279999968e-01
1.119316383780000063e-01
1.159850756799999938e-01
1.090657933740000057e-01
9.709581314319999656e-02
9.157119456220000342e-02
9.332720170640000645e-02
8.737149159550000599e-02
8.369102357400000358e-02
9.455178390420000689e-02
8.191632403760000514e-02
7.857677003820000283e-02
7.629916846010000031e-02
7.448261030090000401e-02
7.407724309490000547e-02
7.205484796640000689e-02
7.069798419929999855e-02
6.955157271119999374e-02
7.027116814309999904e-02
6.815324936710000225e-02
6.710704894020000366e-02
6.624578490389999852e-02
6.548663081639999328e-02
6.785286855809999351e-02
6.503214242099999987e-02
6.491025321019999739e-02
6.383435361500000571e-02
7.051754240009999730e-02
6.889758298449999430e-02
6.492928176209999958e-02
6.417161184920000538e-02
6.288665936029999570e-02
6.598045181490000410e-02
6.364304069869999858e-02
6.199107211009999979e-02
6.225468296089999715e-02
6.248429970930000077e-02
6.104683977750000046e-02
6.025092730480000047e-02
5.966733203099999772e-02
5.918781449300000025e-02
5.963884311980000019e-02
6.043591497680000230e-02
7.040556497689999527e-02
6.336109292239999746e-02
6.004841183839999819e-02
5.892641434760000074e-02
6.226141583429999765e-02
6.061028593150000199e-02
5.908168598789999976e-02
5.822294786189999988e-02
5.900880489190000328e-02
5.791392647129999655e-02
7.937676019809999928e-02
6.874755734510000493e-02
6.312051735189999624e-02
6.126792620810000284e-02
6.127397505889999735e-02
5.901931411039999797e-02
5.878764534019999960e-02
5.774300492900000248e-02
5.708075947889999779e-02
5.796579049419999657e-02
7.291151509550000687e-02
6.979249969280000576e-02
6.409166456619999619e-02
6.367681427679999784e-02
6.068416271149999763e-02
5.923412116409999817e-02
5.824236605509999776e-02
7.281913869959999452e-02
6.295423679770000003e-02
6.389021105589999527e-02
6.046631754330000080e-02
5.884648626220000123e-02
5.781667152719999897e-02
6.134135921520000173e-02
5.822265827900000024e-02
5.708081599340000117e-02
6.398310031600000503e-02
6.004488632510000118e-02
5.795241030289999956e-02
6.038717083779999995e-02
5.757604468569999662e-02
6.533280911519999401e-02
8.653003430479999647e-02
6.632760433409999601e-02
7.438125564479999841e-02
6.954939583699999706e-02
6.620114344499999914e-02
6.295132173909999407e-02
6.057709398580000265e-02
5.913195936750000048e-02
5.808792188729999806e-02
5.958764728839999886e-02
5.815973363270000168e-02
6.038815857149999744e-02
6.092383931920000023e-02
5.712551781510000204e-02
5.608623174639999764e-02
5.620337829719999900e-02
5.878245373629999854e-02
5.553292117849999848e-02
5.659733556930000159e-02
5.491398483050000112e-02
6.353043139599999500e-02
5.807273117180000027e-02
5.624821954169999944e-02
5.524861445600000309e-02
5.604247121619999883e-02
6.333699806949999456e-02
6.375743310329999580e-02
5.863323515379999934e-02
5.909732712719999864e-02
5.657669982989999707e-02
7.113942815210000381e-02
5.884850397290000007e-02
5.654761215689999704e-02
5.537048821240000279e-02
5.461295125909999826e-02
5.777963453380000058e-02
5.848322323960000041e-02
5.602168485200000048e-02
5.874882459360000059e-02
5.558536477010000282e-02
6.300573637400000426e-02
5.723858333049999803e-02
7.067913203650000309e-02
6.176876954990000168e-02
5.861897835490000042e-02
5.761698580699999711e-02
5.742020884270000042e-02
2.770920781010000056e-01
9.859732412220000020e-02
7.881577153289999471e-02
7.574488608280000035e-02
7.026737249360000270e-02
6.553989909169999351e-02
6.277882226349999761e-02
6.086891146429999899e-02
6.282711775740000559e-02
6.353668850999999451e-02
6.797977383480000024e-02
6.111565422899999794e-02
6.323541506570000414e-02
5.920760465250000243e-02
5.867489057099999766e-02
5.709033495810000164e-02
5.616355910250000333e-02
6.292427348859999658e-02
5.800575989069999688e-02
5.796296662679999850e-02
5.795642232909999775e-02
5.673579093399999662e-02
5.735411277420000148e-02
5.523295531309999756e-02
5.441494354029999952e-02
5.385927587830000030e-02
5.342633852410000328e-02
5.552874473680000089e-02
9.125811948900000581e-02
7.046235991370000673e-02
6.368148132390000216e-02
6.124807306680000313e-02
5.874042506379999889e-02
5.972385112019999720e-02
5.888873447600000144e-02
5.670630123599999795e-02
5.557973518940000079e-02
6.519211471390000401e-02
5.514457620169999769e-02
5.449241673469999714e-02
5.485444921069999868e-02
5.461981791820000320e-02
5.340067764390000332e-02
5.274153778380000213e-02
5.228146983240000018e-02
5.192781226700000224e-02
5.162900464709999776e-02
5.138536049609999934e-02
5.115191471500000336e-02
5.095503308569999945e-02
5.349790404959999662e-02
5.229198853679999787e-02
5.480734857950000233e-02
5.253498007340000331e-02
5.168596014420000218e-02
5.404732859940000050e-02
5.707795550220000347e-02
5.342262415679999848e-02
5.223903677959999825e-02
5.156636826330000117e-02
5.110705226610000318e-02
5.075604039690000124e-02
5.048456591029999718e-02
5.839946848989999856e-02
5.397152376349999975e-02
5.242452739779999982e-02
5.158239281950000032e-02
6.271728045539999574e-02
5.543895247479999761e-02
5.331810434400000021e-02
5.222371305950000014e-02
5.152723800339999854e-02
5.442001295769999941e-02
9.618630889300000542e-02
8.376703052969999841e-02
6.925002742390000410e-02
6.902116322309999330e-02
6.278711783149999726e-02
6.019426932920000223e-02
5.780517197400000112e-02
7.191886906359999665e-02
5.891916790400000131e-02
5.736932442780000307e-02
6.325680565300000058e-02
5.961936861060000009e-02
5.639551969110000174e-02
5.491683090930000316e-02
5.392128090630000231e-02
5.318280243689999659e-02
5.259956583009999659e-02
5.211116581539999848e-02
5.169846434860000256e-02
5.134206769289999944e-02
1.054769961700000036e-01
6.598526176329999604e-02
6.685995134559999387e-02
8.165709295839999882e-02
7.121413958500000252e-02
6.378600936530000320e-02
6.538840638380000181e-02
6.232743499309999907e-02
5.883029890940000284e-02
6.107370461009999779e-02
5.733496258049999850e-02
8.055805591749999606e-02
7.376094738760000102e-02
6.491066659390000437e-02
6.110548033640000182e-02
6.729062671810000229e-02
6.091059038189999830e-02
5.774375053729999957e-02
5.953494167630000306e-02
5.669012025890000223e-02
5.604253559160000259e-02
5.479885440889999820e-02
5.627909054179999759e-02
5.772210709219999930e-02
5.588466760030000313e-02
7.626780922530000673e-02
7.633644506110000283e-02
6.153239756610000277e-02
5.790616121870000021e-02
5.824391265119999855e-02
5.528637454179999994e-02
5.415516620579999968e-02
5.337085140730000316e-02
5.435387232769999660e-02
5.287088875829999701e-02
5.382514253969999940e-02
5.231883354180000278e-02
5.170629386680000023e-02
5.127404958199999890e-02
5.338936738979999791e-02
5.284146018819999707e-02
5.169827141890000199e-02
5.109487455810000217e-02
5.070367534430000184e-02
5.038495213059999978e-02
5.009639252360000017e-02
6.547151448599999868e-02
5.457944851749999687e-02
5.236858743950000006e-02
5.131884655360000047e-02
5.068386545760000111e-02
7.139804147589999539e-02
5.507589985059999776e-02
5.313616900459999792e-02
5.336163267240000285e-02
5.457274215530000250e-02
5.390801725989999987e-02
3.955143801929999814e+00
2.030696554950000010e+00
1.358515147090000097e+00
1.032135871499999968e+00
8.354586769130000201e-01
6.983940104260000226e-01
6.054095552799999558e-01
5.454647586980000407e-01
4.934192799229999982e-01
4.428989735339999845e-01
3.975979270230000084e-01
3.693608388849999868e-01
3.362376608409999856e-01
3.116111659279999779e-01
2.911473504479999974e-01
2.736787121390000244e-01
2.630301350329999899e-01
2.458855673620000126e-01
2.353841115870000111e-01
3.323247450140000003e-01
2.649630683190000169e-01
2.382908155979999998e-01
2.229009743919999897e-01
2.124257146250000117e-01
2.021013721699999877e-01
1.948730348180000016e-01
1.859714680500000050e-01
1.789997874900000063e-01
1.727070129109999908e-01
1.701535035299999998e-01
1.631216959150000034e-01
1.582070245649999929e-01
1.586496461449999895e-01
1.512959418700000058e-01
1.469897795210000080e-01
1.433508447509999895e-01
1.400492206789999972e-01
1.370026569109999981e-01
1.341621945250000003e-01
1.337411486700000041e-01
1.445695636019999897e-01
1.357434358300000088e-01
1.297250940609999958e-01
1.260583755820000040e-01
1.252783992010000069e-01
1.212004006769999975e-01
1.216484057400000068e-01
1.240693248719999947e-01
1.188473395119999942e-01
1.157622184159999984e-01
1.133831418799999963e-01
1.113761610080000047e-01
1.095741929529999992e-01
1.090123214230000054e-01
1.068392392939999935e-01
1.052489448279999990e-01
1.038104651150000002e-01
1.093374259079999966e-01
1.036005155629999980e-01
1.028421588850000068e-01
1.025176598830000035e-01
1.000076047679999969e-01
9.838902454049999746e-02
9.950476366440000331e-02
9.720653625029999911e-02
9.569597688389999690e-02
9.445878785880000572e-02
9.337034405690000649e-02
9.237491539160000431e-02
9.143969266189999612e-02
1.013347852940000016e-01
9.280976139469999942e-02
9.071114547969999498e-02
8.939583325319999663e-02
8.994229927560000448e-02
8.809482235620000323e-02
8.759064783999999382e-02
8.646888668190000349e-02
8.714145558939999370e-02
8.528986430240000083e-02
8.438682128640000168e-02
9.025190154550000177e-02
8.966270023990000060e-02
8.625262707630000636e-02
1.375581247559999887e-01
9.667165074040000305e-02
9.004657060609999597e-02
8.810636182849999887e-02
8.542328930919999841e-02
8.378640088189999446e-02
8.254204295099999700e-02
8.151974311309999333e-02
8.064118032439999972e-02
8.706130224039999865e-02
8.371059370920000409e-02
8.400984490200000265e-02
8.202619690060000690e-02
8.068576705839999863e-02
7.921100177999999825e-02
8.485806365240000648e-02
7.895098582170000101e-02
7.756613261710000595e-02
7.667344594989999873e-02
7.595549060770000194e-02
7.535835497640000491e-02
7.480117855899999502e-02
7.430127481949999613e-02
8.526022258200000037e-02
7.715599856310000060e-02
8.136833930619999378e-02
7.719516384909999585e-02
7.585909768529999764e-02
7.515482333150000360e-02
7.462407457240000097e-02
7.503124731549999649e-02
7.726873658770000430e-02
7.294560009700000458e-02
1.201609480440000016e-01
8.964463026079999564e-02
8.252909527179999594e-02
8.127247313129999651e-02
8.426403413890000416e-02
8.075960226709999468e-02
7.911440903649999412e-02
7.671796786750000041e-02
7.672593860840000446e-02
7.382477338890000573e-02
7.902434708609999692e-02
7.344374282979999891e-02
7.557161753440000407e-02
7.239411856970000281e-02
7.111449647850000277e-02
7.523080671790000062e-02
7.205132507259999486e-02
7.044281418499999392e-02
6.951460272279999519e-02
7.423442355409999582e-02
7.008269294089999879e-02
6.893572452379999327e-02
6.818713066590000038e-02
7.137648014099999549e-02
7.176277363579999791e-02
6.824190714849999451e-02
6.829621293859999831e-02
6.700350933639999396e-02
6.642356014490000127e-02
6.596554473059999812e-02
6.558448888600000581e-02
6.727076797200000347e-02
6.583767984049999911e-02
6.866327118130000073e-02
6.874043083860000014e-02
6.769143561809999599e-02
6.576928318670000051e-02
6.496643852540000263e-02
6.443445413810000577e-02
6.402193954340000548e-02
6.366756828389999456e-02
6.967074376319999651e-02
6.591217483420000467e-02
7.536304559239999368e-02
6.884869771620000245e-02
7.486115319720000605e-02
7.067524336970000542e-02
7.460115800229999428e-02
6.871121066459999482e-02
6.788211783000000499e-02
8.935064394589999903e-01
4.401410015930000141e-01
3.118736078730000028e-01
2.410725295660000045e-01
2.011884641770000093e-01
1.892709476140000124e-01
1.613619012099999916e-01
1.475143463860000004e-01
1.382426565969999965e-01
1.278272556310000030e-01
1.228206382970000038e-01
1.212822249850000061e-01
1.116672013070000025e-01
1.067233119660000035e-01
1.116004027030000068e-01
1.065580138350000067e-01
1.079083055830000054e-01
9.935197262749999314e-02
9.623365404689999958e-02
9.469127802030000152e-02
9.124089795209999743e-02
9.682904653609999968e-02
9.442290988609999824e-02
8.836224985979999891e-02
8.729931461650000668e-02
8.445950779680000409e-02
8.269196666960000608e-02
8.191011486400000263e-02
8.037628772719999926e-02
7.984760332460000276e-02
7.845218984549999497e-02
8.027092957739999368e-02
7.729319002560000595e-02
8.338976359989999643e-02
8.727056755489999429e-02
1.263753724749999974e-01
9.071284776349999857e-02
8.370861400840000355e-02
9.046062155530000537e-02
8.275782195610000003e-02
7.911024567200000690e-02
8.671168994529999952e-02
8.412113925479999810e-02
8.379837148640000011e-02
7.853106278520000094e-02
7.609051268649999478e-02
7.514072448910000257e-02
7.357586195439999588e-02
7.495936037759999560e-02
7.649734389470000395e-02
7.799989064739999700e-02
8.199355943170000272e-02
7.447813248479999426e-02
7.398649565699999542e-02
7.296351928479999360e-02
7.106370160069999664e-02
8.659657212809999949e-02
7.569803127690000188e-02
7.832870623750000372e-02
7.204514397349999488e-02
7.026830144560000657e-02
6.910650386449999905e-02
7.306577106429999746e-02
6.945763265950000154e-02
6.810172658980000182e-02
6.721928209859999448e-02
6.884606704979999436e-02
7.665868766899999742e-02
6.988252524179999758e-02
7.188447860720000027e-02
6.768578156059999740e-02
6.781102482789999608e-02
8.102145244380000444e-02
1.578510479430000057e-01
1.730652849800000115e-01
1.748424647240000018e-01
1.338551522470000088e-01
1.228410478120000038e-01
1.138149184760000043e-01
1.078691795240000056e-01
1.129312654269999938e-01
1.202128099519999965e-01
1.066026321439999952e-01
1.078973018400000011e-01
9.296305930709999887e-02
1.026518373399999962e-01
8.860045903160000680e-02
8.388805854710000565e-02
9.977853665760000323e-02
9.888671841530000117e-02
9.291695049110000604e-02
8.809912510890000048e-02
8.204063140709999535e-02
8.189852764190000411e-02
7.843865515560000112e-02
7.623489531289999455e-02
7.455178493569999953e-02
8.140426763730000681e-02
7.367430658309999381e-02
7.193685840029999390e-02
7.074001277449999681e-02
7.033877838789999448e-02
9.567859731239999888e-02
7.981810166609999702e-02
8.403232943510000053e-02
7.850973053069999763e-02
7.620910687479999501e-02
7.272954220600000297e-02
9.888427480839999395e-02
8.105515311380000198e-02
7.718373544150000654e-02
7.284456425820000358e-02
8.416986320289999990e-02
8.018853704839999652e-02
7.437678421809999774e-02
7.144596936550000332e-02
7.063614826189999751e-02
7.741362451220000496e-02
7.190222928330000651e-02
6.922744812230000044e-02
6.770056817220000689e-02
6.924702324470000114e-02
8.171581035899999623e-02
7.305514858910000520e-02
6.975677735059999940e-02
6.784956635729999519e-02
6.654111499600000312e-02
6.945941924769999387e-02
8.880717144649999395e-02
7.045781699240000195e-02
7.024999440659999983e-02
6.660886021719999994e-02
6.700252478500000330e-02
1.022950778939999972e-01
9.205022525110000131e-02
8.084707720750000659e-02
7.485446221430000491e-02
7.298949416939999602e-02
6.952361586760000267e-02
6.855980815199999578e-02
6.665716158659999724e-02
6.544082231770000091e-02
7.565215211320000521e-02
8.441155197159999624e-02
7.356249379389999399e-02
7.102705114639999706e-02
6.773500990960000523e-02
7.034417704520000425e-02
6.660863336460000339e-02
9.710810225549999786e-02
7.586642425070000417e-02
9.979656703540000506e-02
8.160366060500000296e-02
7.494206877719999937e-02
7.411902964909999891e-02
6.998064370069999318e-02
7.111541426169999680e-02
9.974810820639999909e-01
3.538704628029999966e-01
2.221190621359999950e-01
1.768815567570000136e-01
1.461829101390000052e-01
1.284589645080000120e-01
1.165252239009999941e-01
1.099734046479999977e-01
1.022427133230000007e-01
9.676390252420000171e-02
9.425043328809999676e-02
9.033552693830000646e-02
8.811274270280000653e-02
8.466715935820000316e-02
8.214807877490000465e-02
8.141335882910000210e-02
7.877692751850000341e-02
1.133330511589999978e-01
9.488742834339999876e-02
9.247582932579999360e-02
8.520718271789999576e-02
8.131963301939999778e-02
7.862342018500000085e-02
7.958750484889999532e-02
7.801006239289999533e-02
7.715199330840000203e-02
7.485698531699999658e-02
7.589641304270000610e-02
7.201083999189999973e-02
7.792987029360000373e-02
7.464852596090000569e-02
7.261052256670000316e-02
7.054227947529999321e-02
6.919314856609999620e-02
7.767150338769999995e-02
7.215843919410000473e-02
6.931792005240000609e-02
6.762839131490000488e-02
6.667221594029999754e-02
6.681755031460000216e-02
6.562866122780000588e-02
7.161693002970000166e-02
6.758892438569999439e-02
6.596086926760000302e-02
6.494372533309999973e-02
6.549267052670000588e-02
6.413161918170000309e-02
6.339073904370000345e-02
6.663404090980000472e-02
6.426522220899999471e-02
6.318850632490000119e-02
6.246980894370000176e-02
6.192179592400000321e-02
6.369741184209999629e-02
6.160345941619999738e-02
6.319494754490000143e-02
6.171945527630000317e-02
6.242496912460000075e-02
7.902073319249999783e-02
6.773069418919999696e-02
6.452997725020000186e-02
7.087172267190000596e-02
6.554051982840000679e-02
6.346097656709999424e-02
6.909437488429999441e-02
6.399170602650000594e-02
6.367363888520000126e-02
6.185503430409999837e-02
6.093656150469999727e-02
6.027431160930000337e-02
1.044500447029999973e-01
7.337043622260000508e-02
6.726644283020000170e-02
6.446017860350000683e-02
6.278437520070000166e-02
6.290954856319999622e-02
6.145721020400000262e-02
6.057226729259999887e-02
6.059698206929999692e-02
5.972381294239999944e-02
5.914166636800000099e-02
6.238623625059999678e-02
5.945093624120000031e-02
5.865052752540000219e-02
5.814218163050000054e-02
5.775133529069999966e-02
5.741630699590000164e-02
5.917877009630000129e-02
5.763311182550000245e-02
5.787772135770000159e-02
5.927125143930000312e-02
5.993670925849999692e-02
6.051506112630000017e-02
5.824936001679999892e-02
5.736782613239999745e-02
7.375453237140000562e-02
6.178193350899999908e-02
5.957817328460000145e-02
6.928636132800000680e-02
6.187636251660000308e-02
5.962200709300000123e-02
5.839491915129999683e-02
6.452264111769999422e-02
5.959817318479999904e-02
5.810196209779999732e-02
5.726211335320000040e-02
6.046331776279999931e-02
5.678356307079999998e-02
5.737855355549999897e-02
5.762678226589999786e-02
5.640452717009999950e-02
6.457743910950000665e-02
5.822611390239999796e-02
6.623500576650000193e-02
7.147392342260000531e-02
6.565677969560000660e-02
6.168268983470000244e-02
5.973833424370000172e-02
7.514083250290000404e-02
6.581258535230000151e-02
6.590872410739999354e-02
6.172860005059999794e-02
6.289683248919999969e-02
6.361214973770000503e-02
6.020967397779999897e-02
6.301997466870000453e-02
5.975426887540000176e-02
6.168654503700000263e-02
5.999539830959999681e-02
5.818889731509999802e-02
5.949472289060000335e-02
5.753930150940000238e-02
5.704635626579999952e-02
5.641413516830000308e-02
5.739321102239999806e-02
5.635971482180000131e-02
5.635475456300000074e-02
6.139120877680000199e-02
5.709308921479999688e-02
5.730067326680000211e-02
5.585192300349999667e-02
5.518798924829999841e-02
5.472523009690000162e-02
5.436747705600000063e-02
5.406706182889999684e-02
5.380774428329999914e-02
5.357603008540000322e-02
5.336593843879999799e-02
5.317457882329999774e-02
5.299448175640000119e-02
5.283434173840000081e-02
5.267390302540000263e-02
5.414481617180000317e-02
5.658641899619999693e-02
5.359809610110000122e-02
5.845207804529999746e-02
5.426791377689999668e-02
5.334300336939999665e-02
5.285177830209999983e-02
5.252501497840000172e-02
5.802232530580000297e-02
5.389455146190000323e-02
5.297084617649999716e-02
5.630239142030000338e-02
5.415590122999999756e-02
5.324790462509999822e-02
5.599463506619999781e-02
5.282047630759999918e-02
5.229594939499999928e-02
8.923859574709999687e-02
7.184001224809999364e-02
6.638857255119999523e-02
6.603088725559999594e-02
6.184861255770000149e-02
6.794471830489999531e-02
7.665642319700000096e-02
6.322921666509999372e-02
6.005210296789999930e-02
7.122039207319999510e-02
6.237678260190000074e-02
8.784569897999999766e-02
7.223698163569999831e-02
7.168623966909999645e-02
6.424332065330000396e-02
6.157197077430000276e-02
6.621138421370000027e-02
6.292270223029999832e-02
5.968365218660000304e-02
5.908165702680000242e-02
5.759568260290000297e-02
5.663387165219999769e-02
5.590944904680000133e-02
5.534600327099999800e-02
5.783434876020000087e-02
5.546233475310000105e-02
5.590477019170000256e-02
6.162609427850000016e-02
6.152565338149999785e-02
6.068099596070000018e-02
5.848553195450000020e-02
5.746973523960000052e-02
6.855034055910000368e-02
6.188999466830000240e-02
5.864515426869999770e-02
5.646240638870000245e-02
5.542926909879999919e-02
5.934192478820000255e-02
6.425137772689999693e-02
5.791015795670000077e-02
5.601481929979999774e-02
5.496289096020000320e-02
5.424651489759999695e-02
5.369809296679999705e-02
5.651959387399999729e-02
5.444533319719999792e-02
6.276434824469999396e-02
5.540858557279999819e-02
5.401343309079999905e-02
5.448787422890000176e-02
5.465435633400000243e-02
5.336583836070000336e-02
5.441309901000000032e-02
5.264028135880000070e-02
7.038659479200000402e-02
6.146870088379999958e-02
5.899287785000000006e-02
5.660448687510000187e-02
5.632120135370000114e-02
5.476355098289999862e-02
1.029175734379999957e-01
7.333420957870000201e-02
7.672347589269999657e-02
6.534249069759999473e-02
6.728613496480000122e-02
6.052072983679999962e-02
6.104294952480000119e-02
5.768868255960000330e-02
5.911724261770000266e-02
5.603381445620000262e-02
5.777264870619999715e-02
5.476456474190000145e-02
5.868063575969999918e-02
6.665495501580000204e-02
7.594034735879999498e-02
6.388282159029999574e-02
5.947158013230000040e-02
5.882204430799999745e-02
5.632675402629999661e-02
5.576005433649999787e-02
5.739371320569999768e-02
5.499086028599999704e-02
5.397876351230000008e-02
5.542070521189999821e-02
5.365670792919999960e-02
5.289209289139999715e-02
5.237993212909999863e-02
5.197047114129999673e-02
5.156856994850000236e-02
5.134007449939999995e-02
5.477805931279999818e-02
5.441359813570000037e-02
5.338321113499999715e-02
5.324933384330000213e-02
5.789836374130000185e-02
6.376968917410000270e-02
5.392222316359999990e-02
5.243977045960000055e-02
5.166622529519999951e-02
5.236784154199999874e-02
5.285414823529999834e-02
5.331336203809999841e-02
5.155064465930000311e-02
5.270746358930000069e-02
5.262559978729999810e-02
6.607252852240000363e-02
5.545459537389999666e-02
5.520514528179999714e-02
5.292427177529999971e-02
6.645086922729999401e-02
6.117537294119999858e-02
6.494025023390000151e-02
5.991084406219999992e-02
5.511733023339999982e-02
5.338214603770000122e-02
5.233654993640000225e-02
5.159879186699999759e-02
5.104298830899999667e-02
5.059557854939999988e-02
5.022038767360000044e-02
6.390030420829999336e-02
5.475310300860000007e-02
5.250059108519999906e-02
5.138143180669999671e-02
5.067536511839999813e-02
5.265980009289999986e-02
6.810968157909999543e-02
5.982905458249999919e-02
5.788647008279999839e-02
5.470539599709999673e-02
5.320601628479999790e-02
5.228375552529999915e-02
5.154162349679999866e-02
5.096265133109999929e-02
5.202201413629999743e-02
5.090409535919999950e-02
5.032856054390000278e-02
4.991279249200000073e-02
4.958122242670000290e-02
5.473339932329999991e-02
5.191525945159999877e-02
5.030988500880000103e-02
5.455492577510000218e-02
6.585635178370000120e-02
5.828326989000000291e-02
5.417481947749999693e-02
5.236420127230000110e-02
5.293444514699999909e-02
5.191234012459999825e-02
5.077780493470000073e-02
5.010932541069999802e-02
4.962442427299999792e-02
5.439179799769999768e-02
4.988419555640000169e-02
4.906145882310000012e-02
5.064005538719999755e-02
5.729869162830000112e-02
5.867914820979999724e-02
5.369562336520000007e-02
5.120582847869999815e-02
6.301298945819999719e-02
1.532362437389999943e-01
8.584026309280000377e-02
8.294165952800000574e-02
9.126381137960000445e-02
8.326230222609999621e-02
1.224450568029999964e-01
1.073532487659999979e-01
8.719541116880000220e-02
7.746362194570000081e-02
8.827701371330000379e-02
9.098737467390000111e-02
7.527844301970000596e-02
6.949110046140000163e-02
8.999699395480000030e-02
8.874412714090000598e-02
7.516729341660000063e-02
7.251032100080000153e-02
6.949022621000000566e-02
6.519583712090000482e-02
6.267028876249999825e-02
6.083975165089999804e-02
6.442850723390000645e-02
6.271549793200000000e-02
6.458299362330000015e-02
5.935589703150000174e-02
5.767007705959999869e-02
5.995348660480000202e-02
5.853808567189999756e-02
5.647438810500000211e-02
5.538136867389999857e-02
5.547104587789999930e-02
6.770836912039999989e-02
5.874079133739999736e-02
5.724105531959999826e-02
5.542753791019999765e-02
5.434301458239999827e-02
5.356092765800000294e-02
5.294824734930000248e-02
5.244176871540000284e-02
5.200713484640000217e-02
5.536349646580000089e-02
5.276596735700000290e-02
5.403834811950000011e-02
5.239506392510000221e-02
5.161620430950000088e-02
5.110339650460000299e-02
5.291138134980000185e-02
5.146794900990000338e-02
5.081013362180000076e-02
5.036932853460000109e-02
5.549207417959999694e-02
5.402175234409999777e-02
5.397257834000000060e-02
6.146083625689999913e-02
2.635207294279999779e-01
9.605941590630000249e-02
7.521291746850000681e-02
6.817968402639999759e-02
8.097558049139999548e-02
6.818049370199999459e-02
6.422743499949999657e-02
7.065044862600000641e-02
1.046799037099999941e-01
8.461773160600000177e-02
7.483504138929999994e-02
7.078736827749999849e-02
6.624658099730000582e-02
6.350854169960000462e-02
6.291295663380000458e-02
6.035960241539999743e-02
6.071821852030000188e-02
5.873496121740000298e-02
5.746647978439999721e-02
5.651312764880000311e-02
5.572136668160000000e-02
5.505546513060000091e-02
5.446077102130000153e-02
5.394788461819999964e-02
5.347754209060000263e-02
6.394245208840000638e-02
5.782453315330000204e-02
5.708799950179999777e-02
5.510551705419999835e-02
5.405133939540000126e-02
5.330799865119999897e-02
5.350379041130000346e-02
6.243135851269999981e-02
5.623510755810000317e-02
6.810208153520000418e-02
6.960471564950000689e-02
6.499167001550000544e-02
6.069813792909999756e-02
5.939923393109999838e-02
5.636489098570000161e-02
5.505370932539999790e-02
5.524102490109999986e-02
5.381089053750000295e-02
5.364408849680000341e-02
5.502449372470000211e-02
5.463275934330000250e-02
5.292875035820000101e-02
5.212194039310000249e-02
5.156820587060000072e-02
5.257576880150000020e-02
5.572033428679999678e-02
5.278330116089999940e-02
5.765800926620000266e-02
5.364582661040000200e-02
5.223180291840000267e-02
5.306522550610000277e-02
5.243570522919999838e-02
5.214576273419999769e-02
5.113419661120000015e-02
5.272335704750000240e-02
5.067208011310000287e-02
5.008777994610000284e-02
5.135344663230000106e-02
5.118489775829999922e-02
5.014282100209999787e-02
5.429698436159999947e-02
5.324816205499999927e-02
5.039305965350000110e-02
5.267073093860000221e-02
5.023514757490000343e-02
4.952240155390000287e-02
4.909241344209999691e-02
4.876703580809999689e-02
4.934414427710000217e-02
4.961481945050000286e-02
4.881396309140000056e-02
4.841789106230000306e-02
4.815907184050000067e-02
4.794079888799999967e-02
5.754850024060000069e-02
4.966461271150000162e-02
4.864634868960000108e-02
5.086762603839999758e-02
4.911712722340000337e-02
4.843381578090000250e-02
4.802269067880000214e-02
5.189147738429999990e-02
5.265584037519999844e-02
5.784684240310000031e-02
5.207968308529999785e-02
5.093779959840000204e-02
5.949798393530000146e-02
5.151579332080000184e-02
4.998862115870000150e-02
4.916818460720000228e-02
4.862493383779999817e-02
4.821369757940000000e-02
4.790443152220000278e-02
5.087809008400000221e-02
4.875739372929999843e-02
4.808222117799999806e-02
8.218332718580000085e-02
5.545527616530000065e-02
5.389655116630000242e-02
5.116166809949999894e-02
5.355785433650000343e-02
5.664042655910000307e-02
5.708819779310000259e-02
5.137821598779999943e-02
5.187328693669999991e-02
4.987411350240000124e-02
4.899637154559999958e-02
4.843308914319999908e-02
4.801363012800000107e-02
4.767284658050000012e-02
1.659398279709999868e-01
1.039060563580000013e-01
8.293651205940000271e-02
7.306079214970000180e-02
7.274060052399999865e-02
6.544702095880000625e-02
6.565146199379999492e-02
6.175117312040000195e-02
5.876806468480000323e-02
5.694178738100000303e-02
5.630172770300000129e-02
7.395412465950000624e-02
5.988396683660000136e-02
5.615003095570000186e-02
5.446777504590000207e-02
5.337308406559999885e-02
5.254050949780000174e-02
5.187004208269999778e-02
5.131170579980000312e-02
5.083347436209999931e-02
5.040909742980000108e-02
5.561375483349999954e-02
5.168900716509999826e-02
5.058977320400000199e-02
4.996482641629999832e-02
4.951218940629999871e-02
4.915149140160000180e-02
2.133029419589999864e-01
7.837123804409999728e-02
6.507567416029999552e-02
5.963609010249999731e-02
5.765689564140000223e-02
5.743801798530000224e-02
5.410877031019999811e-02
5.280899653510000291e-02
5.189275305859999965e-02
5.117677248159999831e-02
5.273601121160000071e-02
6.223511987520000122e-02
1.044734742959999990e-01
6.546911124040000196e-02
1.962816565130000024e-01
8.215605897399999580e-02
6.971278223160000398e-02
6.337869329459999701e-02
5.982305240699999777e-02
5.747780026629999844e-02
5.581413101080000272e-02
5.714077506109999788e-02
5.426401273070000086e-02
5.772355717379999696e-02
6.731020858489999981e-02
6.156164122349999657e-02
6.632924944250000177e-02
5.839209177540000129e-02
1.157028153169999962e-01
8.558755666900000336e-02
7.669895569840000371e-02
6.857446363590000149e-02
6.417087541360000369e-02
6.317915432760000394e-02
1.346623158480000082e-01
9.681431352790000056e-02
8.437504468100000266e-02
8.618692846459999335e-02
7.558772204699999719e-02
7.767494690710000094e-02
7.564497050860000127e-02
6.676862594200000389e-02
6.559009713539999675e-02
6.251714544139999608e-02
6.421975910869999471e-02
6.835135380239999725e-02
6.036772381609999821e-02
5.832945746539999754e-02
5.701845800170000228e-02
5.602450513110000113e-02
5.520476676049999865e-02
5.450718419279999838e-02
5.389499386640000250e-02
5.335640825969999862e-02
5.544786871159999853e-02
5.432908631819999973e-02
5.308147687329999725e-02
5.375977042680000345e-02
5.413814503480000179e-02
5.268333465990000103e-02
5.190766568530000291e-02
5.136451890390000136e-02
5.093811078620000266e-02
5.160843872539999655e-02
5.081018826099999858e-02
5.105818415369999669e-02
5.031750549990000182e-02
5.241572217209999884e-02
5.269994223439999903e-02
5.088111512799999708e-02
5.009867766420000174e-02
5.016000062559999861e-02
5.069163077419999719e-02
5.274103762059999950e-02
5.040634486699999833e-02
5.286939898720000031e-02
5.019933440069999919e-02
4.941233392939999719e-02
4.892889163420000020e-02
5.051667044060000056e-02
0.000000000000000000e+00
6.260603757419999638e-02
6.432190548440000488e-02
6.093582060089999808e-02
5.674086763140000211e-02
5.496496411840000318e-02
5.887457064419999997e-02
5.472477280850000098e-02
5.319637842339999811e-02
6.637061995199999842e-02
5.488908598150000345e-02
5.288508903260000227e-02
5.179935478759999795e-02
5.105056944059999796e-02
5.046692597170000100e-02
4.999082773519999967e-02
4.959072558069999720e-02
5.035443923800000249e-02
4.969385715920000141e-02
5.656253343710000020e-02
5.062948932110000050e-02
5.114037875070000239e-02
4.975474386900000101e-02
4.913314500520000322e-02
4.870920003290000327e-02
4.945871023040000064e-02
4.869976516650000031e-02
4.828140491800000239e-02
5.627248109659999803e-02
5.183239927310000217e-02
5.021368903159999925e-02
5.144032936009999835e-02
5.970044505449999955e-02
5.306619496469999753e-02
5.099416316580000080e-02
5.568805752230000100e-02
5.158122139000000106e-02
5.015764795549999822e-02
5.942937790899999878e-02
5.296990614870000086e-02
5.094341042659999985e-02
5.191856167540000178e-02
5.026079929240000188e-02
5.135562400149999707e-02
4.956844655260000260e-02
4.881173606199999682e-02
4.830943393070000202e-02
4.950929290710000263e-02
4.814067329349999702e-02
4.766425865280000257e-02
4.734573293810000194e-02
4.708635869330000251e-02
4.686370360949999869e-02
4.667924356389999835e-02
4.651449435530000120e-02
4.771357816409999703e-02
4.686701972340000244e-02
4.650094284580000292e-02
4.782863757940000043e-02
4.784103420320000299e-02
4.721735227369999732e-02
4.642267345420000163e-02
4.614689253589999984e-02
4.594144736289999809e-02
4.577742118550000294e-02
4.626995319709999860e-02
5.144429101999999782e-02
7.879579792240000435e-02
5.810667540230000233e-02
5.462839131810000304e-02
5.130515259759999697e-02
4.975832148789999937e-02
4.877229462510000030e-02
4.808107261120000281e-02
4.752332422939999773e-02
5.011835490779999874e-02
1.770051520020000102e-01
9.818466026109999578e-02
7.789152984949999914e-02
6.821142407930000373e-02
6.285112818469999751e-02
5.941500303049999931e-02
5.923334593989999786e-02
5.815165408109999878e-02
5.477312932399999723e-02
5.333950138639999977e-02
5.354187817679999933e-02
5.195959077310000063e-02
5.106637672029999686e-02
5.193470625870000301e-02
0.000000000000000000e+00
4.601770196250000167e-01
3.149507258359999784e-01
3.069482984160000205e-01
2.158822180109999933e-01
1.876503842080000095e-01
1.619972662220000026e-01
1.455716420840000025e-01
1.347096907589999948e-01
1.262602218639999885e-01
1.177617660109999964e-01
1.096442519899999968e-01
1.045962034749999964e-01
1.005556933600000036e-01
9.519348390840000340e-02
9.131577497670000099e-02
8.995841634529999631e-02
8.626006238099999390e-02
8.344791226450000432e-02
8.103953842059999357e-02
8.016367652790000464e-02
8.274723100630000661e-02
7.880115054969999422e-02
7.597683784110000060e-02
7.404407408160000592e-02
7.434249814439999882e-02
7.560365907169999677e-02
7.215752810790000693e-02
7.021137250070000335e-02
6.874479717560000314e-02
7.835402844899999608e-02
6.980557112070000236e-02
6.746859305529999407e-02
6.601461847410000638e-02
6.606875818440000048e-02
6.454395887809999399e-02
6.352768274139999893e-02
6.788883524640000611e-02
6.384280237160000482e-02
6.376661740330000216e-02
6.401511885129999857e-02
6.306058307680000030e-02
6.139610751809999878e-02
6.042164097799999911e-02
6.174857998250000285e-02
6.122370255839999775e-02
5.966218714109999821e-02
5.879449258870000222e-02
5.813681748659999676e-02
5.913208685569999734e-02
6.040093639230000033e-02
5.765333884530000202e-02
5.690433442770000128e-02
5.636006083450000037e-02
5.590641366900000325e-02
6.768696590589999562e-02
6.020476273170000114e-02
5.928227057749999723e-02
5.755061733849999722e-02
5.654730308579999920e-02
6.350837475789999909e-02
5.787331230250000041e-02
5.703695886739999776e-02
6.231585932150000146e-02
6.910581977539999310e-02
5.916889373010000147e-02
5.691944237839999948e-02
5.570950858899999941e-02
7.049517899929999554e-02
6.025173934849999829e-02
6.332917267689999741e-02
5.780908608830000184e-02
5.603226668320000076e-02
5.498382468219999847e-02
5.423953061230000344e-02
5.689538751639999781e-02
6.171280170550000332e-02
5.649574223820000296e-02
5.864281083879999829e-02
6.280092786589999698e-02
6.148267175029999837e-02
5.578720364260000147e-02
5.429127096670000041e-02
5.416025643349999669e-02
7.542732481370000019e-02
6.220373229449999847e-02
5.692638306120000047e-02
5.500482381079999789e-02
5.706244530659999870e-02
5.653986133410000142e-02
5.450633590650000304e-02
5.531552352070000234e-02
5.337252432689999770e-02
6.155883453230000246e-02
5.780154822979999968e-02
5.495917409849999935e-02
5.358144453270000107e-02
5.269744374930000058e-02
5.205319833170000271e-02
5.366229584269999880e-02
5.230534337380000204e-02
5.320447751639999917e-02
5.181479396639999957e-02
5.111976697670000264e-02
5.186951051469999852e-02
5.087323854780000099e-02
5.747667957779999809e-02
5.398030236790000297e-02
5.409935888220000072e-02
5.170116989109999756e-02
5.952913729479999971e-02
5.262217673189999861e-02
5.119446567659999975e-02
5.167917291639999994e-02
5.041824190190000166e-02
5.166395267619999787e-02
5.577100152420000345e-02
5.312082668649999867e-02
5.240886246649999886e-02
5.066224342270000264e-02
5.456688870959999771e-02
5.037750663329999823e-02
5.527091709189999730e-02
6.152626731610000288e-02
5.496973154410000201e-02
5.330172395309999700e-02
5.412349177180000165e-02
5.163184504240000278e-02
5.059237631420000075e-02
5.840693502879999721e-02
5.264481618189999906e-02
5.372768999730000161e-02
5.069802607179999671e-02
4.986102867699999941e-02
4.930259482629999884e-02
4.889065801229999786e-02
4.856425433719999823e-02
4.827503430050000127e-02
5.312944001989999832e-02
4.944085948910000028e-02
5.606063510019999863e-02
5.195369647889999665e-02
5.034519231960000313e-02
4.944054159260000136e-02
4.883671624480000195e-02
4.992082287479999991e-02
4.885358509789999859e-02
4.829758835609999912e-02
5.800590395690000123e-02
5.147232132110000219e-02
4.972495700019999992e-02
4.883876095609999968e-02
5.257077771410000044e-02
5.088461538280000113e-02
4.920105049040000150e-02
5.002336370260000026e-02
4.921158436180000234e-02
4.823912080300000321e-02
4.992195096239999963e-02
4.858289824400000012e-02
6.185105621700000278e-02
5.341102964950000115e-02
5.223585535980000000e-02
5.131661176559999815e-02
4.962119967499999812e-02
5.158933523410000332e-02
4.933241367970000318e-02
4.842806334810000057e-02
4.786626448879999912e-02
4.745573805989999894e-02
4.993978015069999721e-02
4.807923828439999991e-02
4.892861826349999971e-02
4.758161877259999700e-02
4.704545322149999986e-02
4.814570040369999665e-02
4.689551900299999965e-02
4.648956736220000163e-02
6.579039722120000322e-02
5.412849307269999855e-02
4.996220718230000302e-02
6.545718282119999953e-02
5.550984023709999715e-02
5.215442164850000312e-02
5.533097453199999766e-02
5.075741352000000262e-02
4.937409036070000007e-02
4.851893732919999869e-02
4.994643377889999847e-02
4.835882535330000148e-02
4.764990041099999990e-02
4.718675235159999759e-02
4.683097399510000036e-02
5.201499719810000200e-02
5.422642154599999903e-02
5.024848229309999970e-02
4.873840586340000280e-02
4.787084565639999900e-02
4.728546092219999830e-02
4.685560804029999943e-02
4.894847563469999913e-02
5.926111113719999962e-02
5.316913095970000197e-02
5.004270668039999953e-02
4.864759133029999960e-02
4.779880669730000170e-02
4.721632441629999843e-02
4.677295405819999891e-02
4.937830138080000209e-02
4.711943628439999726e-02
5.641351967009999857e-02
5.015341690419999887e-02
4.966837701900000263e-02
1.529564762479999895e-01
9.716412851809999585e-02
7.934993267970000264e-02
7.042364820070000364e-02
6.501767489409999989e-02
6.733230947340000661e-02
6.027283020040000161e-02
5.891311107729999691e-02
5.628068693220000113e-02
5.471891970679999828e-02
5.352492194559999722e-02
5.768141272820000165e-02
5.514906675370000178e-02
5.256489388229999837e-02
6.332651068870000233e-02
5.684328687819999865e-02
5.914279192429999776e-02
5.492305843720000219e-02
5.301143273350000101e-02
5.310448610540000058e-02
5.142320641860000097e-02
5.053531421659999967e-02
4.986198497710000316e-02
4.933212198100000306e-02
6.769788826849999774e-02
5.420331239989999855e-02
5.427625920529999953e-02
5.135170446750000200e-02
5.008583525060000124e-02
5.329021471209999944e-02
4.986651835940000138e-02
4.891032928220000187e-02
4.830936069539999711e-02
5.140380688650000168e-02
4.881564087830000259e-02
4.799517576679999953e-02
4.749677141869999841e-02
4.712969922179999910e-02
4.682401471980000146e-02
4.657729778030000184e-02
4.634619310959999655e-02
4.615112882570000102e-02
4.596988446519999910e-02
4.579637100669999711e-02
4.564371249290000154e-02
4.549743217479999824e-02
5.534981268869999804e-02
4.979072038920000220e-02
4.953546653430000030e-02
4.986417718430000146e-02
4.775565067499999705e-02
4.684657583219999782e-02
5.694738231890000141e-02
5.673461892509999716e-02
5.298465192590000317e-02
7.176835492640000480e-02
5.219040161690000068e-02
4.951565954090000193e-02
5.026418400419999793e-02
4.977689788280000027e-02
4.799925039999999865e-02
4.715726633660000111e-02
4.798354317260000029e-02
4.688233888639999764e-02
4.630266592320000235e-02
4.706957223560000181e-02
4.602914635060000037e-02
4.561225429219999822e-02
4.532625403070000142e-02
4.509802061410000257e-02
4.489512848660000277e-02
4.654063070040000138e-02
4.556049192679999943e-02
5.392263302289999893e-02
4.890361924190000237e-02
4.730362966429999677e-02
6.595201835000000234e-02
4.957327018490000070e-02
4.752123887169999727e-02
4.655334129679999933e-02
4.692628617030000088e-02
4.801402138460000163e-02
5.026925490240000127e-02
4.745483325230000216e-02
4.790296337310000208e-02
4.625432333059999873e-02
4.562672066509999846e-02
5.040125339019999734e-02
4.744166953449999863e-02
9.888713193100000243e-02
5.901717206919999958e-02
5.290002459269999707e-02
5.228613510050000163e-02
4.926757089630000308e-02
4.801133535870000246e-02
4.717438927650000058e-02
4.920819699509999812e-02
5.405137854429999805e-02
4.826386017289999858e-02
4.701797555980000154e-02
4.630064129610000218e-02
4.580003635109999860e-02
4.541829479869999991e-02
4.582541354289999813e-02
4.786801035330000287e-02
4.624447100830000185e-02
4.552835235020000204e-02
1.003226997640000034e-01
6.140654463999999785e-02
6.143952146469999764e-02
5.402422293450000190e-02
5.184177687600000084e-02
4.987128203039999791e-02
4.862742658739999807e-02
4.773112940870000154e-02
4.706300012589999943e-02
4.652332208920000045e-02
4.608171048649999796e-02
4.571148003650000319e-02
4.539199547810000152e-02
4.511596498840000219e-02
4.488045502480000198e-02
4.465267691609999673e-02
4.743780839899999768e-02
4.524084232170000330e-02
4.469035781100000326e-02
4.573156598940000123e-02
4.480226462589999986e-02
4.438606771140000268e-02
4.438606771140000268e-02
4.411229745499999771e-02
4.389858341709999834e-02
5.554640616240000273e-02
7.551708146560000279e-02
6.136539445510000301e-02
5.263997519130000219e-02
5.076083108780000269e-02
4.866744994520000311e-02
4.803233580139999737e-02
5.788227625959999761e-02
5.794292482809999811e-02
5.239711072219999793e-02
4.998356290440000155e-02
4.854654198540000326e-02
4.756528393179999814e-02
4.736284527299999825e-02
4.655862935599999752e-02
4.601234847039999826e-02
4.558215162180000168e-02
4.617463657600000271e-02
4.616952381069999722e-02
4.536812999650000067e-02
5.070009315650000209e-02
5.037615026399999696e-02
5.158706168550000054e-02
4.986300471820000191e-02
5.629327905309999824e-02
4.976616656479999901e-02
4.771289253969999977e-02
4.663680066539999808e-02
6.454119997229999794e-02
5.377185859789999911e-02
5.033407787050000332e-02
9.738047628260000643e-02
6.344301163750000472e-02
5.622065514760000299e-02
5.281349492160000020e-02
5.148292802949999691e-02
4.978347017700000127e-02
5.113694040939999880e-02
5.683756133560000090e-02
5.021739913610000217e-02
5.046729271619999901e-02
4.808734286250000017e-02
5.908015738249999815e-02
5.250069387589999942e-02
4.998759491540000210e-02
4.856331310490000219e-02
4.760719403290000068e-02
5.137537994130000202e-02
5.003866616409999996e-02
5.490411314100000079e-02
5.004354811190000335e-02
4.943549649359999659e-02
4.770938283920000272e-02
4.680136761599999751e-02
4.804223866699999790e-02
4.704931923260000093e-02
4.606909806790000089e-02
4.550699869790000157e-02
4.511908426120000287e-02
4.478931248489999989e-02
4.647942610749999925e-02
4.525919361499999849e-02
4.471913018439999804e-02
4.437535586570000301e-02
4.410522256370000282e-02
4.478673245570000128e-02
4.816326832440000205e-02
4.572464819819999776e-02
4.483741920769999945e-02
4.432701683250000330e-02
4.680487863410000282e-02
4.506399679959999932e-02
4.437794258109999807e-02
4.395807426420000191e-02
4.366468360800000031e-02
4.342903962499999881e-02
4.324195077310000190e-02
4.307009591839999763e-02
5.381643581639999896e-02
5.174296523300000311e-02
4.610892316629999765e-02
5.093136031199999719e-02
4.606450788099999971e-02
4.482393300580000267e-02
4.600134710130000110e-02
4.574907978280000342e-02
4.439246434280000320e-02
4.382127395020000288e-02
4.345072045179999842e-02
4.493663185519999881e-02
4.989631139780000002e-02
4.643606632049999960e-02
6.367241174040000340e-02
5.606281898110000023e-02
5.681199163660000107e-02
5.053337715180000050e-02
4.826662207509999775e-02
4.693318032080000257e-02
4.602858560709999908e-02
4.607757797470000277e-02
4.521856650679999950e-02
4.467252160040000031e-02
4.426470830129999867e-02
4.393659209189999804e-02
4.365744607560000101e-02
7.510555379029999756e-02
8.079522211360000428e-02
6.362654968979999937e-02
5.691951156069999934e-02
5.331370817839999748e-02
5.104602687580000325e-02
4.947101668159999827e-02
4.831974049849999814e-02
4.743368467229999719e-02
4.773389357849999737e-02
4.654810882359999846e-02
4.611067557879999779e-02
4.547804260200000170e-02
3.407934979250000218e-01
1.342702380180000044e-01
1.006758530900000032e-01
8.253031271419999926e-02
7.528116906060000613e-02
6.908608276970000517e-02
6.404833029440000491e-02
6.070133699779999698e-02
6.431544917839999986e-02
5.876005176369999972e-02
5.627296134720000120e-02
6.872734482820000435e-02
5.832246489460000266e-02
5.521700231789999913e-02
5.341297606760000288e-02
5.213002893379999753e-02
5.112888810630000086e-02
5.538113932839999753e-02
5.543230577569999845e-02
5.232987555359999710e-02
5.247803254249999716e-02
5.499710873480000151e-02
5.185909010490000193e-02
5.033803306259999888e-02
4.933273690969999792e-02
5.024153066409999674e-02
5.277364492210000202e-02
4.970819686390000325e-02
4.850955270329999902e-02
4.952176151829999762e-02
4.768473062510000110e-02
4.871488045209999840e-02
1.417503421269999953e-01
8.814468332439999443e-02
6.593773413730000255e-02
6.805579363989999742e-02
5.995966768370000061e-02
5.605280002810000134e-02
6.583536757350000324e-02
5.805753926800000242e-02
5.630696696080000202e-02
5.623220860059999909e-02
5.257163428159999929e-02
5.107711690109999897e-02
5.409423216829999798e-02
5.044658602720000079e-02
4.925914494449999681e-02
4.848624135009999697e-02
4.787775531849999822e-02
4.737527061269999895e-02
4.694989715390000123e-02
4.962941260590000153e-02
4.684926960940000162e-02
4.627542219789999856e-02
4.590253553879999893e-02
5.643555863079999929e-02
4.837967662090000148e-02
4.685859393160000247e-02
4.611222812679999922e-02
4.636625928120000073e-02
4.672873525460000121e-02
4.562511042549999979e-02
4.514766052020000031e-02
4.479963408260000113e-02
5.518367115089999747e-02
4.764308589300000202e-02
4.608008705189999693e-02
4.531791985820000229e-02
4.482453553670000257e-02
4.447438612590000340e-02
4.419160258899999805e-02
4.395959058659999752e-02
4.375696946390000147e-02
4.922845034110000240e-02
4.524065144699999930e-02
4.435075245779999953e-02
4.698141453560000097e-02
4.513938587269999969e-02
4.555926092180000164e-02
4.518156168930000105e-02
4.433313478340000086e-02
4.387247893659999842e-02
4.354936219000000303e-02
4.329960980750000021e-02
4.832369279829999698e-02
4.376121824540000343e-02
