-7.906045860106294954e-02
-1.282066808541166125e+01
-8.411383381244480484e-02
-8.599423027751075532e-02
-7.665463446214434984e-02
-7.511997342058680804e-02
-7.244914904675636702e-02
-1.348746067050308106e+01
-8.026454299931803926e-02
-7.581949970651484516e-02
-7.246615019847685302e-02
-7.014936791088188794e-02
-6.860695625873265702e-02
-1.194953838899077603e+01
-7.913577760820203477e-02
-7.014462558250961211e-02
-6.927673865828151700e-02
-6.785825764042477393e-02
-7.988039290449554741e+00
-7.486226367168616336e-02
-1.753114075873764577e+01
-2.036935559918198746e-01
-1.317850222252015813e-01
-1.113980944935359652e-01
-9.766825548830217196e-02
-8.979497739022784808e-02
-8.456352014373874626e-02
-8.078748975157344636e-02
-9.036875973319689892e-02
-8.763372914895092847e-02
-8.020878403100313581e-02
-7.958448925931267681e-02
-7.757325649957549918e-02
-7.407340609512604035e-02
-7.210401495537543948e-02
-7.065901601891608208e-02
-6.946713000211221511e-02
-6.943332374864844003e-02
-6.808833917839382521e-02
-6.714245405569994884e-02
-6.764869209847379494e-02
-6.623301462024330788e-02
-6.541323285634238760e-02
-6.475324839194120108e-02
-6.841222811477039312e-02
-6.539727812906083459e-02
-6.428243661858601410e-02
-6.355590861518441159e-02
-6.297468677150545868e-02
-6.677432413110971632e-02
-6.419434831341049030e-02
-6.307455707994104321e-02
-6.235152873295878723e-02
-6.179588204495158749e-02
-6.133918324130956806e-02
-6.449908439983102759e-02
-6.205367642445275972e-02
-6.503210364579495306e-02
-6.482233846292660695e-02
-6.252035391445702472e-02
-6.142585385090026245e-02
-6.837896870060780619e-02
-6.308612703163930802e-02
-6.490574263547228828e-02
-6.294310554734100505e-02
-6.198524029948845881e-02
-6.262307335100400496e-02
-6.069537076607753323e-02
-5.993551967510712952e-02
-5.940504343070500404e-02
-5.899523674446176258e-02
-5.863976974115014951e-02
-6.607700314494263649e-02
-6.341256199721684306e-02
-6.321551389792741393e-02
-6.957343783763740575e-02
-6.726815517948332712e-02
-6.140903364156437283e-02
-6.049902120511410630e-02
-5.936459786647536180e-02
-6.380387035968863862e-02
-6.036294728533360410e-02
-1.165989882223912666e+01
-8.158209000100022368e-02
-6.822331630165022476e-02
-6.597390820282961199e-02
-6.190718538920415848e-02
-6.187250351230952350e-02
-5.994254549293621948e-02
-5.896658283988093913e-02
-5.829811410388403836e-02
-6.023301003017106359e-02
-5.847294122261129795e-02
-5.772965964752427986e-02
-5.722793307876272023e-02
-6.123603241652694762e-02
-5.767488929489583693e-02
-5.890653662602149399e-02
-5.962939774729149323e-02
-5.739668093285988509e-02
-5.860778630093618768e-02
-5.691211334470375194e-02
-5.631443031815217687e-02
-5.750465500954138331e-02
-1.011294539975129680e+01
-6.385751107863031628e-02
-5.909449972522389655e-02
-6.206116335653689975e-02
-6.237430207388110909e-02
-5.956115580456441960e-02
-5.791117966605975609e-02
-6.364405745797693803e-02
-5.992817039471672741e-02
-5.851210656792986409e-02
-5.712300506601671046e-02
-1.409902153160271965e+01
-9.431161667192186626e-02
-6.555774053001567347e-02
-6.714294691691732875e-02
-6.137853200123412345e-02
-5.928682316915170197e-02
-5.804879818191470420e-02
-5.781532654098928831e-02
-5.687423566779862411e-02
-5.730141236607429189e-02
-5.621539582203224916e-02
-5.566807009409539125e-02
-5.526844479422921702e-02
-5.570974209271874894e-02
-5.504805674765376328e-02
-5.466213306418907930e-02
-5.437575788154624251e-02
-5.467454134769048069e-02
-5.493634703078452419e-02
-5.429840738464727229e-02
-1.695154628443448175e+01
-1.188240848992932197e-01
-9.000170744737828743e-02
-8.222236026043612533e-02
-7.283471355544769710e-02
-7.112315158358520351e-02
-6.653281807900529587e-02
-6.410040072437901693e-02
-6.238118822079961878e-02
-6.840281620770348459e-02
-1.393043982609474263e+01
-6.608654210585167277e-02
-6.224667527148140811e-02
-6.892159716287205029e-02
-7.249557524482046211e-02
-6.135712260021945141e+00
-1.501566095216556818e+01
-1.045416999185902196e-01
-1.080020070884484085e+01
-8.974737310354766184e-02
-8.309144528117548556e-02
-7.140639941585158468e-02
-6.796944998751240641e-02
-6.582094702583358992e-02
-6.559869200467220718e-02
-6.525571376786369615e-02
-1.431365184523257739e+01
-1.225225226675964452e-01
-8.265436534690850934e-02
-2.186906755238640798e+01
-9.782626390355476931e-02
-8.102197348253950548e-02
-7.385337934920424563e-02
-7.134464915500250692e-02
-6.809440700091064225e-02
-6.598254904364438123e-02
-6.442787140433117732e-02
-6.319413046927262190e-02
-6.358074454058823544e-02
-1.395465966116366019e+01
-8.627788383653631210e-02
-6.922524516514254322e-02
-6.504777222740469600e-02
-7.227124927161462931e-02
-6.466414257410914301e-02
-1.224480724355928274e+01
-6.358853800538163958e-02
-6.162150014105392815e-02
-6.044181286440250545e-02
-5.958868444994747104e-02
-5.890460675826691278e-02
-5.834247303837745285e-02
-5.785353142767533235e-02
-5.742435587014468878e-02
-6.418252788371819895e-02
-5.878426288547243528e-02
-5.866323314424948254e-02
-5.733691913434268289e-02
-5.670611836016194174e-02
-5.624767198580452043e-02
-5.588588574975899420e-02
-5.761603508354932318e-02
-5.733017287112027183e-02
-8.686152610552607456e+00
-6.445615070049473538e-02
-5.977110277809199318e-02
-5.794755725062154805e-02
-6.268420835681456915e-02
-5.837355009690291946e-02
-5.700673361689008456e-02
-5.832522064499746917e-02
-5.629519364163707712e-02
-5.723502380849032622e-02
-5.561244556104909254e-02
-5.662093786154737129e-02
-5.654898376291733753e-02
-5.659565744033540069e-02
-5.753013699288390959e-02
-7.000760479431308858e-02
-5.888625812231398221e-02
-5.927602723362678655e-02
-5.689561277647763038e-02
-5.577850537304517020e-02
-5.774395086392802856e-02
-5.816395263387230674e-02
-5.793727214530105390e-02
-5.544395550350106339e-02
-5.654578310423402643e-02
-5.744164265426496968e-02
-5.553892332237837792e-02
-5.466389415108653671e-02
-1.480917187263120738e+01
-7.350936177816487505e-02
-6.096318634047714902e-02
-1.155630967300858813e+01
-8.325165056820393872e-02
-6.642480358978948562e-02
-6.205885294853696194e-02
-5.935019830839167315e-02
-5.772665565044964031e-02
-6.761462614912970537e+01
-4.634989830744324357e-01
-2.724649048237065552e-01
-2.003072361941780621e-01
-1.609496629157236292e-01
-1.661252923940176274e+01
-2.453797842562944476e-01
-1.666743603962415055e-01
-1.361695439901267624e-01
-1.292726606280881207e-01
-1.119316383778291846e-01
-1.159850756796305254e-01
-1.090657933741047553e-01
-9.709581314316648171e-02
-9.157119456218158760e-02
-9.332720170640060320e-02
-8.737149159551334254e-02
-8.369102357396719649e-02
-9.455178390417613710e-02
-8.191632403759993575e-02
-7.857677003815718986e-02
-7.629916846008087672e-02
-7.448261030091832269e-02
-7.407724309489666092e-02
-7.205484796643062129e-02
-7.069798419931597189e-02
-6.955157271123905971e-02
-7.027116814306959280e-02
-6.815324936707410630e-02
-6.710704894017256728e-02
-6.624578490389378127e-02
-6.548663081643192607e-02
-6.785286855809603834e-02
-6.503214242095410602e-02
-6.491025321023578820e-02
-6.383435361497878657e-02
-7.051754240012388097e-02
-6.889758298445868012e-02
-6.492928176207790614e-02
-6.417161184920212869e-02
-6.288665936029495807e-02
-6.598045181485721888e-02
-6.364304069866705271e-02
-6.199107211006552043e-02
-6.225468296091142550e-02
-6.248429970929459537e-02
-6.104683977745475887e-02
-6.025092730475444663e-02
-5.966733203104356703e-02
-5.918781449303010811e-02
-5.963884311980308800e-02
-6.043591497675747382e-02
-7.040556497692031235e-02
-6.336109292235622692e-02
-6.004841183842815622e-02
-5.892641434763910141e-02
-6.226141583434432331e-02
-6.061028593148554827e-02
-5.908168598790982523e-02
-5.822294786193153715e-02
-5.900880489186954847e-02
-1.456897430015851214e+01
-7.937676019805431360e-02
-6.874755734513519900e-02
-6.312051735191581692e-02
-6.126792620807255257e-02
-6.127397505891199470e-02
-5.901931411039462033e-02
-5.878764534015150367e-02
-5.774300492896925624e-02
-5.708075947886213225e-02
-1.412296348549966751e+01
-7.291151509552076804e-02
-6.979249969276618559e-02
-6.409166456617033936e-02
-6.367681427678295591e-02
-6.068416271150249564e-02
-5.923412116406534533e-02
-5.824236605514027804e-02
-7.281913869963760333e-02
-6.295423679769493464e-02
-6.389021105585962479e-02
-6.046631754329975794e-02
-5.884648626216098383e-02
-5.781667152719364294e-02
-6.134135921515544709e-02
-5.822265827896675600e-02
-5.708081599344028839e-02
-6.398310031595902392e-02
-6.004488632507096191e-02
-5.795241030288208334e-02
-6.038717083783078088e-02
-1.534015715833149507e+01
-1.042988812848226843e+01
-8.653003430474993929e-02
-1.589100758400300073e+01
-7.438125564475854545e-02
-6.954939583704562722e-02
-6.620114344500395431e-02
-6.295132173909252782e-02
-6.057709398581589272e-02
-5.913195936750512832e-02
-5.808792188729073463e-02
-5.958764728840899166e-02
-5.815973363270840468e-02
-6.038815857151161315e-02
-6.092383931923608942e-02
-5.712551781509509624e-02
-5.608623174640888637e-02
-5.620337829715955913e-02
-5.878245373633979309e-02
-5.553292117853661503e-02
-5.659733556932644571e-02
-1.005643281275534129e+01
-6.353043139598632538e-02
-5.807273117182677052e-02
-5.624821954171097677e-02
-5.524861445596414983e-02
-5.604247121619539140e-02
-6.333699806945834732e-02
-6.375743310326038860e-02
-5.863323515375160055e-02
-5.909732712718342162e-02
-5.657669982986548995e-02
-7.113942815205845371e-02
-5.884850397286067736e-02
-5.654761215691814918e-02
-5.537048821237632035e-02
-5.461295125905849673e-02
-5.777963453384908632e-02
-5.848322323959993102e-02
-5.602168485200448300e-02
-5.874882459364590137e-02
-5.558536477012364363e-02
-6.300573637398304561e-02
-1.205922511427712962e+01
-7.067913203654431487e-02
-6.176876954990290214e-02
-5.861897835489929265e-02
-5.761698580697500321e-02
-1.531897501444913878e+01
-2.770920781010082767e-01
-9.859732412223626286e-02
-7.881577153286267734e-02
-7.574488608276441770e-02
-7.026737249362238757e-02
-6.553989909167369510e-02
-6.277882226347288042e-02
-6.086891146434274952e-02
-6.282711775739935334e-02
-6.353668851004283524e-02
-6.797977383476697111e-02
-6.111565422895690741e-02
-6.323541506572462334e-02
-5.920760465246659165e-02
-5.867489057099678496e-02
-5.709033495807386283e-02
-5.616355910252935485e-02
-6.292427348861830139e-02
-5.800575989070624883e-02
-5.796296662677467154e-02
-5.795642232911837888e-02
-5.673579093398531392e-02
-5.735411277422369780e-02
-5.523295531308962392e-02
-5.441494354031072012e-02
-5.385927587834199448e-02
-5.342633852413256751e-02
-1.628824987661996815e+01
-9.125811948896134229e-02
-7.046235991372405694e-02
-6.368148132384933435e-02
-6.124807306677877011e-02
-5.874042506382969042e-02
-5.972385112019656939e-02
-5.888873447601810501e-02
-5.670630123604706446e-02
-5.557973518941459329e-02
-6.519211471385968903e-02
-5.514457620165844065e-02
-5.449241673472721148e-02
-5.485444921065498608e-02
-5.461981791817078352e-02
-5.340067764392284616e-02
-5.274153778381239499e-02
-5.228146983242899087e-02
-5.192781226696559227e-02
-5.162900464707249198e-02
-5.138536049608255496e-02
-5.115191471502925774e-02
-5.095503308572662399e-02
-5.349790404956142331e-02
-5.229198853677426845e-02
-5.480734857947659050e-02
-5.253498007337865927e-02
-5.168596014422055518e-02
-5.404732859940691858e-02
-5.707795550222007769e-02
-5.342262415681263421e-02
-5.223903677959412101e-02
-5.156636826325370487e-02
-5.110705226614925545e-02
-5.075604039693241976e-02
-1.516684586708146121e+01
-5.839946848987062622e-02
-5.397152376349243635e-02
-5.242452739776143344e-02
-1.269429964845322267e+01
-6.271728045536328899e-02
-5.543895247477623189e-02
-5.331810434398479709e-02
-5.222371305946515996e-02
-5.152723800340774929e-02
-1.161464198204204834e+01
-1.343546188288327947e+01
-8.376703052965413232e-02
-1.444951426688885121e+01
-6.902116322304900631e-02
-6.278711783145016212e-02
-6.019426932918861550e-02
-5.780517197396791568e-02
-7.191886906355549058e-02
-5.891916790396506398e-02
-1.072699333038225511e+01
-6.325680565303436198e-02
-5.961936861064669885e-02
-5.639551969109361101e-02
-5.491683090931821776e-02
-5.392128090625272763e-02
-5.318280243694407244e-02
-5.259956583009638142e-02
-5.211116581536343745e-02
-5.169846434855834838e-02
-1.177894297155935455e+01
-1.054769961698386466e-01
-6.598526176334054694e-02
-1.316209363384423625e+01
-8.165709295839825022e-02
-7.121413958504059505e-02
-6.378600936534079002e-02
-6.538840638378555503e-02
-6.232743499313262575e-02
-5.883029890935339429e-02
-6.107370461006537271e-02
-1.203962113451240334e+01
-8.055805591744732985e-02
-7.376094738760090308e-02
-6.491066659391681037e-02
-6.110548033644268989e-02
-6.729062671807385654e-02
-6.091059038186837776e-02
-5.774375053727211216e-02
-5.953494167633355261e-02
-5.669012025893057499e-02
-5.604253559162024334e-02
-5.479885440887090342e-02
-5.627909054181541582e-02
-5.772210709215763041e-02
-1.448647060039110634e+01
-7.626780922531951890e-02
-7.633644506112206851e-02
-6.153239756608454292e-02
-5.790616121868948779e-02
-5.824391265122060707e-02
-5.528637454179474719e-02
-5.415516620575023393e-02
-5.337085140732297783e-02
-5.435387232773209593e-02
-5.287088875831293805e-02
-5.382514253969745976e-02
-5.231883354183069351e-02
-5.170629386683001788e-02
-5.127404958195801860e-02
-5.338936738982290320e-02
-5.284146018820107260e-02
-5.169827141892417016e-02
-5.109487455814585438e-02
-5.070367534431869522e-02
-5.038495213063909350e-02
-1.195620923022730508e+01
-6.547151448596198742e-02
-5.457944851747116577e-02
-5.236858743946751910e-02
-5.131884655360766795e-02
-5.068386545764086426e-02
-7.139804147588758865e-02
-5.507589985062590066e-02
-5.313616900458941611e-02
-5.336163267239224517e-02
-5.457274215534611839e-02
-5.822893498790275402e+01
-3.955143801928131086e+00
-2.030696554951571642e+00
-1.194162886013720382e+01
-1.130812020695418418e+01
-8.354586769125500467e-01
-4.504546336586108701e+00
-1.334148917248943889e+01
-9.241103057500948736e+00
-9.115882985644946146e+00
-4.428989735339956546e-01
-3.975979270234212271e-01
-3.693608388848356738e-01
-3.362376608414885948e-01
-3.116111659275830337e-01
-2.911473504481810193e-01
-2.736787121386511923e-01
-2.630301350328864696e-01
-2.458855673617929283e-01
-2.886865960908583872e+01
-3.323247450141760262e-01
-2.649630683191241398e-01
-2.382908155983620713e-01
-2.229009743920173370e-01
-2.124257146250892181e-01
-2.021013721698255439e-01
-1.948730348182413086e-01
-1.859714680496077355e-01
-1.789997874898178742e-01
-1.727070129110123975e-01
-1.701535035296282972e-01
-1.631216959145172229e-01
-1.582070245647405338e-01
-1.586496461453503759e-01
-1.512959418695948299e-01
-1.469897795209466618e-01
-1.433508447511153971e-01
-1.400492206787504745e-01
-1.370026569109616954e-01
-1.341621945251673664e-01
-1.418282405761246778e+01
-1.445695636022547304e-01
-1.357434358296410459e-01
-1.297250940611777981e-01
-1.260583755820406382e-01
-1.252783992006723246e-01
-1.212004006768114261e-01
-1.216484057397633489e-01
-1.240693248715775132e-01
-1.188473395122904425e-01
-1.157622184163903944e-01
-1.133831418802994373e-01
-1.113761610082521780e-01
-1.095741929533734504e-01
-1.090123214231386722e-01
-1.068392392944468305e-01
-1.052489448276256317e-01
-1.038104651149973356e-01
-1.093374259079151062e-01
-1.036005155630405489e-01
-1.028421588851448770e-01
-1.025176598833591607e-01
-1.000076047684397701e-01
-9.838902454045117540e-02
-9.950476366440069720e-02
-9.720653625031219769e-02
-9.569597688391065504e-02
-9.445878785876343775e-02
-9.337034405688232619e-02
-9.237491539157170750e-02
-9.143969266187013112e-02
-1.013347852938933091e-01
-9.280976139468302688e-02
-9.071114547967061570e-02
-8.939583325317305984e-02
-8.994229927558956839e-02
-8.809482235618114332e-02
-8.759064783999026549e-02
-8.646888668193006278e-02
-8.714145558936921276e-02
-8.528986430242320449e-02
-1.265430116271677541e+01
-9.025190154548325128e-02
-8.966270023986216975e-02
-2.406444519183459718e+01
-1.375581247560099529e-01
-9.667165074040753869e-02
-9.004657060604806529e-02
-8.810636182848569087e-02
-8.542328930922014896e-02
-8.378640088185426715e-02
-8.254204295103953481e-02
-8.151974311313071875e-02
-8.064118032442174622e-02
-8.706130224038878540e-02
-8.371059370924643916e-02
-8.400984490200737176e-02
-8.202619690063392421e-02
-8.068576705838440000e-02
-7.921100177996633074e-02
-8.485806365237036353e-02
-7.895098582165620271e-02
-7.756613261713869723e-02
-7.667344594988385886e-02
-7.595549060768913563e-02
-7.535835497637048686e-02
-7.480117855895780654e-02
-7.430127481954632018e-02
-8.526022258203282134e-02
-7.715599856313760940e-02
-8.136833930617101696e-02
-7.719516384910908580e-02
-7.585909768526435948e-02
-7.515482333150520777e-02
-7.462407457244726872e-02
-7.503124731554741689e-02
-7.726873658766905684e-02
-1.403382837875306777e+01
-1.201609480435375105e-01
-8.964463026082607200e-02
-8.252909527179071170e-02
-8.127247313129265516e-02
-8.426403413893940320e-02
-8.075960226712147749e-02
-7.911440903651774381e-02
-7.671796786750605113e-02
-7.672593860842825964e-02
-7.382477338890391927e-02
-7.902434708614727854e-02
-7.344374282977363111e-02
-7.557161753440234941e-02
-7.239411856966963821e-02
-7.111449647849828193e-02
-7.523080671793093421e-02
-7.205132507257520913e-02
-7.044281418495347558e-02
-6.951460272276367702e-02
-7.423442355407829096e-02
-7.008269294093297241e-02
-6.893572452375781867e-02
-6.818713066589453253e-02
-7.137648014096203974e-02
-7.176277363582454771e-02
-6.824190714845067285e-02
-6.829621293857632280e-02
-6.700350933640170092e-02
-6.642356014487715843e-02
-6.596554473056384649e-02
-6.558448888601507709e-02
-6.727076797198593139e-02
-6.583767984051841493e-02
-6.866327118130755025e-02
-6.874043083860903458e-02
-6.769143561805956999e-02
-6.576928318674242491e-02
-6.496643852543330933e-02
-6.443445413806384026e-02
-6.402193954338682158e-02
-6.366756828391052780e-02
-6.967074376316673145e-02
-6.591217483419835321e-02
-7.536304559242805456e-02
-6.884869771618859491e-02
-7.486115319715189176e-02
-7.067524336972949572e-02
-7.460115800234455585e-02
-6.871121066461760574e-02
-1.660650572112271561e+01
-8.935064394586723635e-01
-4.401410015930750652e-01
-3.118736078727024630e-01
-2.410725295659588707e-01
-2.011884641769582927e-01
-1.892709476142535041e-01
-1.613619012101207284e-01
-1.475143463858556714e-01
-1.382426565966908827e-01
-1.278272556307707697e-01
-1.228206382967574617e-01
-1.212822249846905315e-01
-1.116672013066522251e-01
-1.428766094411968801e+01
-1.116004027034914886e-01
-1.065580138348403150e-01
-1.079083055825501014e-01
-9.935197262748091118e-02
-9.623365404687389546e-02
-9.469127802026451601e-02
-9.124089795207715459e-02
-9.682904653607606049e-02
-9.442290988609101932e-02
-8.836224985984288127e-02
-8.729931461650157487e-02
-8.445950779684179011e-02
-8.269196666961910192e-02
-8.191011486398762365e-02
-8.037628772718520553e-02
-7.984760332459585330e-02
-7.845218984549140462e-02
-8.027092957741541190e-02
-7.729319002562977381e-02
-8.338976359985875164e-02
-1.550573997147224503e+01
-1.263753724754687890e-01
-9.071284776346788536e-02
-8.370861400839151034e-02
-9.046062155528777904e-02
-8.275782195612370329e-02
-7.911024567195455715e-02
-8.671168994525754736e-02
-8.412113925481790044e-02
-8.379837148642940714e-02
-7.853106278521229666e-02
-7.609051268650417199e-02
-7.514072448906691792e-02
-7.357586195438077514e-02
-7.495936037758983705e-02
-7.649734389469926843e-02
-7.799989064739626388e-02
-8.199355943169472916e-02
-7.447813248478359072e-02
-7.398649565697471009e-02
-7.296351928475611204e-02
-1.107295522779011598e+01
-8.659657212809936111e-02
-7.569803127690748201e-02
-7.832870623748246219e-02
-7.204514397351578781e-02
-7.026830144561371783e-02
-6.910650386449519733e-02
-7.306577106428049917e-02
-6.945763265954682519e-02
-6.810172658980172267e-02
-6.721928209855426717e-02
-1.030081968650179469e+01
-7.665868766900676978e-02
-6.988252524178290015e-02
-7.188447860719211768e-02
-6.768578156064519735e-02
-8.622090655823843264e+00
-1.571496870758199194e+01
-1.173481208651212171e+01
-1.147031534574701617e+01
-1.748424647243001229e-01
-1.338551522474346056e-01
-1.228410478116944288e-01
-1.138149184763614791e-01
-5.894370815458136015e+00
-6.991584543439200772e+00
-1.202128099515768767e-01
-1.066026321439465518e-01
-1.078973018400574552e-01
-5.918456772667049393e+00
-1.026518373403619983e-01
-8.860045903160027048e-02
-1.233286581009383731e+01
-6.206214356325324033e+00
-9.888671841529395046e-02
-9.291695049112090599e-02
-8.809912510893976034e-02
-8.204063140712009039e-02
-8.189852764193279733e-02
-7.843865515563938628e-02
-7.623489531290693344e-02
-7.455178493565518816e-02
-8.140426763728186854e-02
-7.367430658310923641e-02
-7.193685840035091150e-02
-7.074001277445279845e-02
-1.905511503693568898e+01
-9.567859731237238208e-02
-7.981810166608852009e-02
-8.403232943514353515e-02
-7.850973053066910567e-02
-7.620910687475243583e-02
-7.079631552270233108e+00
-9.888427480838084260e-02
-8.105515311377879673e-02
-7.718373544151090060e-02
-7.284456425815725999e-02
-8.416986320292550727e-02
-8.018853704843691144e-02
-7.437678421807514262e-02
-7.144596936549282851e-02
-7.063614826191061402e-02
-7.741362451222358332e-02
-7.190222928334616403e-02
-6.922744812230660627e-02
-6.770056817218862710e-02
-1.136142558650803203e+01
-8.171581035903476009e-02
-7.305514858908680742e-02
-6.975677735056647066e-02
-6.784956635734243346e-02
-6.654111499603579394e-02
-6.945941924773402221e-02
-8.880717144646818606e-02
-7.045781699240458162e-02
-7.024999440662953176e-02
-6.660886021724754524e-02
-1.891629857336500820e+01
-1.022950778937188471e-01
-9.205022525114225918e-02
-8.084707720754341631e-02
-7.485446221428646019e-02
-7.298949416942952795e-02
-6.952361586760248680e-02
-6.855980815199212708e-02
-6.665716158659829027e-02
-6.544082231767033020e-02
-1.109143710043273856e+01
-8.441155197164317003e-02
-7.356249379385190745e-02
-7.102705114640368855e-02
-6.773500990957979917e-02
-7.034417704524283110e-02
-1.504239398372083869e+01
-9.710810225546748220e-02
-8.107697085140427973e+00
-9.979656703541225915e-02
-8.160366060502395602e-02
-7.494206877715936521e-02
-7.411902964907055025e-02
-6.998064370066114925e-02
-1.266108568698930803e+01
-1.195735402479797038e+01
-3.538704628029964439e-01
-2.221190621359518391e-01
-1.768815567573192304e-01
-1.461829101392384811e-01
-1.284589645080231601e-01
-1.165252239010151486e-01
-1.099734046477129357e-01
-1.022427133230012358e-01
-9.676390252421236682e-02
-9.425043328807075627e-02
-9.033552693832148928e-02
-8.811274270277204279e-02
-8.466715935817190064e-02
-8.214807877488981835e-02
-8.141335882910034905e-02
-1.642842635683666330e+01
-1.133330511591248008e-01
-9.488742834337153542e-02
-9.247582932583923998e-02
-8.520718271784981368e-02
-8.131963301941808053e-02
-7.862342018502349594e-02
-7.958750484885679377e-02
-7.801006239293416245e-02
-7.715199330837128888e-02
-7.485698531701953651e-02
-7.589641304268178457e-02
-7.201083999192765817e-02
-7.792987029356861217e-02
-7.464852596092313997e-02
-7.261052256667292759e-02
-7.054227947527073883e-02
-6.919314856605242314e-02
-7.767150338769823747e-02
-7.215843919412423535e-02
-6.931792005241067811e-02
-6.762839131494020883e-02
-6.667221594031078058e-02
-6.681755031463020023e-02
-6.562866122781306488e-02
-7.161693002973378019e-02
-6.758892438574758132e-02
-6.596086926757069313e-02
-6.494372533308173656e-02
-6.549267052672903822e-02
-6.413161918168451547e-02
-6.339073904365841172e-02
-6.663404090979486993e-02
-6.426522220901670357e-02
-6.318850632486008867e-02
-6.246980894368985016e-02
-6.192179592398013716e-02
-6.369741184206224871e-02
-6.160345941622309696e-02
-6.319494754488196031e-02
-6.171945527632450440e-02
-1.357045014730659105e+01
-7.902073319246129268e-02
-6.773069418921365270e-02
-1.147128968638501156e+01
-7.087172267189696673e-02
-6.554051982841344048e-02
-6.346097656705955437e-02
-6.909437488431936780e-02
-6.399170602654075113e-02
-6.367363888517314774e-02
-6.185503430410087961e-02
-6.093656150470724842e-02
-1.909047383356878669e+01
-1.044500447027150725e-01
-7.337043622261829601e-02
-6.726644283022767401e-02
-6.446017860350940210e-02
-6.278437520065494049e-02
-6.290954856315270072e-02
-6.145721020394907114e-02
-6.057226729259445469e-02
-6.059698206927008335e-02
-5.972381294238344324e-02
-5.914166636801519716e-02
-6.238623625057196365e-02
-5.945093624116777609e-02
-5.865052752541855680e-02
-5.814218163054286903e-02
-5.775133529072781075e-02
-5.741630699587314812e-02
-5.917877009626774237e-02
-5.763311182548352951e-02
-5.787772135766439119e-02
-5.927125143929493079e-02
-5.993670925854416992e-02
-6.051506112634658097e-02
-5.824936001678632236e-02
-5.736782613241798306e-02
-7.375453237136998796e-02
-6.178193350898897318e-02
-5.957817328460631584e-02
-6.928636132801151148e-02
-6.187636251663610615e-02
-5.962200709301785501e-02
-5.839491915126945876e-02
-6.452264111772901267e-02
-5.959817318481138576e-02
-5.810196209784647403e-02
-5.726211335319170148e-02
-6.046331776284351311e-02
-5.678356307076733167e-02
-5.737855355548449748e-02
-5.762678226588565517e-02
-5.640452717013256373e-02
-6.457743910946550647e-02
-1.094841754259585009e+01
-1.399558593399864392e+01
-7.147392342262540166e-02
-6.565677969557173754e-02
-6.168268983466653615e-02
-1.065117397562527124e+01
-7.514083250290662375e-02
-6.581258535227613171e-02
-6.590872410738056464e-02
-6.172860005057906330e-02
-6.289683248916949632e-02
-6.361214973768240799e-02
-6.020967397781975400e-02
-6.301997466870112863e-02
-5.975426887539560250e-02
-6.168654503697695163e-02
-5.999539830965029685e-02
-5.818889731506812074e-02
-5.949472289055281887e-02
-5.753930150936424626e-02
-5.704635626584788483e-02
-5.641413516827945007e-02
-5.739321102237040367e-02
-5.635971482181305336e-02
-5.635475456301805575e-02
-6.139120877681483734e-02
-5.709308921476254767e-02
-5.730067326684263468e-02
-5.585192300347076311e-02
-5.518798924825778912e-02
-5.472523009692775026e-02
-5.436747705602754110e-02
-5.406706182894062407e-02
-5.380774428328910508e-02
-5.357603008543124212e-02
-5.336593843884158278e-02
-5.317457882327589896e-02
-5.299448175638730996e-02
-5.283434173844921145e-02
-5.267390302536167218e-02
-5.414481617184584844e-02
-5.658641899617674470e-02
-5.359809610106621575e-02
-5.845207804534968687e-02
-5.426791377690550616e-02
-5.334300336936487197e-02
-5.285177830211223310e-02
-5.252501497842310130e-02
-5.802232530582500381e-02
-5.389455146190307022e-02
-5.297084617645302779e-02
-5.630239142031057131e-02
-5.415590123004340728e-02
-5.324790462512062061e-02
-5.599463506618837516e-02
-5.282047630755869888e-02
-1.942993650427122532e+01
-8.923859574707011799e-02
-7.184001224812014419e-02
-6.638857255118681133e-02
-6.603088725564758288e-02
-1.440143861388658841e+01
-6.586304416844694920e+00
-7.665642319702498098e-02
-6.322921666505462723e-02
-6.005210296785783164e-02
-7.122039207322301835e-02
-8.338066351741250770e+00
-8.784569898004980504e-02
-7.223698163566458219e-02
-7.168623966908387046e-02
-6.424332065330654040e-02
-6.157197077429653331e-02
-6.621138421370127702e-02
-6.292270223025440978e-02
-5.968365218660239002e-02
-5.908165702683439852e-02
-5.759568260289842090e-02
-5.663387165219078978e-02
-5.590944904678726846e-02
-5.534600327102028039e-02
-5.783434876020169396e-02
-5.546233475305151900e-02
-5.590477019168312023e-02
-7.925000607137552500e+00
-6.152565338148568985e-02
-6.068099596068992491e-02
-5.848553195451244163e-02
-1.288120975214271269e+01
-6.855034055912788415e-02
-6.188999466831734964e-02
-5.864515426865115483e-02
-5.646240638867281586e-02
-5.542926909880076247e-02
-5.934192478823889505e-02
-6.425137772685485249e-02
-5.791015795674023248e-02
-5.601481929978321256e-02
-5.496289096019254389e-02
-5.424651489764167195e-02
-5.369809296676248539e-02
-5.651959387400510432e-02
-5.444533319715617187e-02
-6.276434824469671880e-02
-5.540858557280975427e-02
-5.401343309083279226e-02
-5.448787422892633486e-02
-5.465435633398461890e-02
-5.336583836074768050e-02
-5.441309900995520282e-02
-1.585592512427751899e+01
-7.038659479195973068e-02
-6.146870088384188968e-02
-5.899287785001261497e-02
-5.660448687505869464e-02
-5.632120135370229791e-02
-9.394485540076573216e+00
-1.029175734378551949e-01
-1.072377990434931228e+01
-7.672347589273692536e-02
-6.534249069756375983e-02
-6.728613496475187306e-02
-6.052072983681597296e-02
-6.104294952483610426e-02
-5.768868255962944502e-02
-5.911724261768719346e-02
-5.603381445616761880e-02
-5.777264870621814236e-02
-5.476456474189866919e-02
-7.121492787052148721e+00
-6.665495501578216908e-02
-7.025184622851841532e+00
-6.388282159025741869e-02
-5.947158013227973883e-02
-5.882204430804805623e-02
-5.632675402630328565e-02
-5.576005433652886367e-02
-5.739371320573581625e-02
-5.499086028601712917e-02
-5.397876351227740011e-02
-5.542070521185257781e-02
-5.365670792918625365e-02
-5.289209289143684267e-02
-5.237993212905698442e-02
-5.197047114133666185e-02
-5.156856994853626502e-02
-5.134007449938446377e-02
-5.477805931282292429e-02
-5.441359813566389730e-02
-5.338321113496208997e-02
-5.324933384327194819e-02
-5.789836374133784658e-02
-6.376968917410967552e-02
-5.392222316365000157e-02
-5.243977045963889305e-02
-5.166622529519111773e-02
-5.236784154199065205e-02
-5.285414823526508876e-02
-5.331336203808902802e-02
-5.155064465927447492e-02
-5.270746358929200709e-02
-5.262559978732145316e-02
-6.607252852239653418e-02
-5.545459537387149862e-02
-5.520514528184143621e-02
-1.185392814070795531e+01
-6.645086922727842793e-02
-6.117537294124302666e-02
-6.494025023387126061e-02
-5.991084406217366681e-02
-5.511733023344353444e-02
-5.338214603773605571e-02
-5.233654993641750908e-02
-5.159879186698453774e-02
-5.104298830902914696e-02
-5.059557854942320354e-02
-1.456308672212719735e+01
-6.390030420826857405e-02
-5.475310300860181806e-02
-5.250059108523565804e-02
-5.138143180667880533e-02
-5.067536511835566554e-02
-1.629502091148942711e+01
-6.810968157907884568e-02
-5.982905458248036906e-02
-5.788647008280822792e-02
-5.470539599705614292e-02
-5.320601628483737078e-02
-5.228375552526392384e-02
-5.154162349676956467e-02
-5.096265133108671130e-02
-5.202201413631148824e-02
-5.090409535916137068e-02
-5.032856054387015859e-02
-4.991279249202443952e-02
-4.958122242669504159e-02
-5.473339932329988194e-02
-5.191525945162640127e-02
-5.030988500876565350e-02
-6.762029447510681024e+00
-6.585635178371516962e-02
-5.828326989001132025e-02
-5.417481947749162169e-02
-5.236420127227783133e-02
-5.293444514698174286e-02
-5.191234012461550668e-02
-5.077780493470970130e-02
-5.010932541066596274e-02
-4.962442427302660858e-02
-5.439179799768491252e-02
-4.988419555636686153e-02
-4.906145882306712364e-02
-5.064005538722572003e-02
-5.729869162834953789e-02
-5.867914820980248830e-02
-5.369562336516259249e-02
-1.602520107756113532e+01
-1.021648207741353254e+01
-1.532362437386459442e-01
-8.584026309277442701e-02
-7.480923693387284246e+00
-9.126381137961254997e-02
-1.496967253883746096e+01
-1.212492094575347323e+01
-1.073532487661599116e-01
-8.719541116881238119e-02
-1.058460967858266955e+01
-7.352929008140283607e+00
-9.098737467386446010e-02
-7.527844301966114815e-02
-1.367880021331044382e+01
-1.127505165682652510e+01
-8.874412714086676868e-02
-7.516729341657721331e-02
-7.251032100075181785e-02
-6.949022621004868894e-02
-6.519583712089882521e-02
-6.267028876245155089e-02
-6.083975165090482057e-02
-6.442850723391285728e-02
-6.271549793203055889e-02
-6.458299362327377113e-02
-5.935589703151695345e-02
-5.767007705955501384e-02
-5.995348660475456615e-02
-5.853808567187703676e-02
-5.647438810495641892e-02
-5.538136867386957846e-02
-9.295912879412368213e+00
-6.770836912035620159e-02
-5.874079133743360243e-02
-5.724105531964557986e-02
-5.542753791022415194e-02
-5.434301458241509730e-02
-5.356092765799243260e-02
-5.294824734932222776e-02
-5.244176871536676554e-02
-5.200713484639169631e-02
-5.536349646579434569e-02
-5.276596735701259699e-02
-5.403834811945829042e-02
-5.239506392510837052e-02
-5.161620430947840010e-02
-5.110339650455825167e-02
-5.291138134979444380e-02
-5.146794900993558602e-02
-5.081013362175679920e-02
-5.036932853455911713e-02
-5.549207417956751598e-02
-5.402175234413222199e-02
-5.397257834001324694e-02
-2.964970970391978256e+01
-2.635207294278327783e-01
-9.605941590629325788e-02
-7.521291746854270877e-02
-1.267293877538885205e+01
-8.097558049140814174e-02
-6.818049370204520843e-02
-9.842994223444879509e+00
-1.729619732194496606e+01
-1.046799037101898977e-01
-8.461773160601764043e-02
-7.483504138933724792e-02
-7.078736827753646932e-02
-6.624658099730819372e-02
-6.350854169955931494e-02
-6.291295663383811299e-02
-6.035960241541022536e-02
-6.071821852026344779e-02
-5.873496121740480469e-02
-5.746647978441950938e-02
-5.651312764877598066e-02
-5.572136668156846967e-02
-5.505546513064574210e-02
-5.446077102132219211e-02
-5.394788461822053877e-02
-1.466594122406197087e+01
-6.394245208842835870e-02
-5.782453315331587129e-02
-5.708799950177865373e-02
-5.510551705421172508e-02
-5.405133939542308003e-02
-5.330799865120520314e-02
-5.350379041127538426e-02
-6.243135851265986525e-02
-1.295785657125418489e+01
-1.192309185797473958e+01
-6.960471564954118229e-02
-6.499167001551306444e-02
-6.069813792905272287e-02
-5.939923393112979400e-02
-5.636489098572427386e-02
-5.505370932538174861e-02
-5.524102490105687463e-02
-5.381089053752292906e-02
-5.364408849679871277e-02
-5.502449372466838851e-02
-5.463275934332424005e-02
-5.292875035819893936e-02
-5.212194039306413534e-02
-5.156820587063407069e-02
-5.257576880151700049e-02
-5.572033428677336531e-02
-5.278330116089044455e-02
-5.765800926618096234e-02
-5.364582661043941492e-02
-5.223180291839781691e-02
-5.306522550605090316e-02
-5.243570522920358579e-02
-5.214576273424784136e-02
-5.113419661123459747e-02
-5.272335704748346702e-02
-5.067208011308643734e-02
-5.008777994614317663e-02
-5.135344663228603307e-02
-5.118489775825323801e-02
-5.014282100210475795e-02
-5.429698436157155000e-02
-5.324816205501121946e-02
-5.039305965349277772e-02
-5.267073093859279270e-02
-5.023514757486382404e-02
-4.952240155390173759e-02
-4.909241344212138952e-02
-4.876703580813701588e-02
-4.934414427706872858e-02
-4.961481945052139547e-02
-4.881396309135854067e-02
-4.841789106225600353e-02
-4.815907184047727579e-02
-4.794079888801764527e-02
-5.754850024064383368e-02
-4.966461271145830580e-02
-4.864634868963341185e-02
-5.086762603836664232e-02
-4.911712722343140880e-02
-4.843381578089340361e-02
-4.802269067879307018e-02
-5.189147738428376982e-02
-5.265584037517560129e-02
-5.784684240308880093e-02
-5.207968308530395302e-02
-5.093779959835394860e-02
-5.949798393527285650e-02
-5.151579332082551616e-02
-4.998862115871905570e-02
-4.916818460717814476e-02
-4.862493383778485750e-02
-4.821369757942296080e-02
-4.790443152224321127e-02
-5.087809008397906063e-02
-4.875739372927802295e-02
-1.215993344446611601e+01
-8.218332718575578622e-02
-5.545527616533669352e-02
-5.389655116632885434e-02
-5.116166809947601812e-02
-5.355785433645698923e-02
-5.664042655908649304e-02
-5.708819779308890036e-02
-5.137821598777909254e-02
-5.187328693668746826e-02
-4.987411350239485258e-02
-4.899637154564570607e-02
-4.843308914317656644e-02
-4.801363012801358049e-02
-1.409612440227152952e+01
-1.659398279712630264e-01
-1.039060563580705837e-01
-8.293651205935027859e-02
-7.306079214966641755e-02
-7.274060052397304799e-02
-6.544702095877596992e-02
-6.565146199379556791e-02
-6.175117312042271989e-02
-5.876806468475770373e-02
-5.694178738096198483e-02
-5.630172770304115587e-02
-7.395412465945853941e-02
-5.988396683664799075e-02
-5.615003095573763148e-02
-5.446777504589250113e-02
-5.337308406557200735e-02
-5.254050949781320645e-02
-5.187004208269177519e-02
-5.131170579981726015e-02
-5.083347436205627040e-02
-5.040909742978597757e-02
-5.561375483346846227e-02
-5.168900716514859134e-02
-5.058977320398689442e-02
-4.996482641628161026e-02
-4.951218940627480358e-02
-2.399571466380327323e+01
-2.133029419587404163e-01
-7.837123804409559802e-02
-6.507567416027192075e-02
-5.963609010253022313e-02
-5.765689564138360562e-02
-5.743801798532412184e-02
-5.410877031019336453e-02
-5.280899653506860442e-02
-5.189275305864370774e-02
-5.117677248162802450e-02
-5.273601121160308158e-02
-7.657102874124544378e+00
-1.044734742957332818e-01
-1.518587825637491129e+01
-1.962816565126799806e-01
-8.215605897400721225e-02
-6.971278223157090226e-02
-6.337869329457182510e-02
-5.982305240698819471e-02
-5.747780026634016770e-02
-5.581413101076344863e-02
-5.714077506110389060e-02
-5.426401273065056818e-02
-1.210388775169948516e+01
-6.731020858486835845e-02
-6.156164122354911700e-02
-6.632924944249118937e-02
-1.505607755721342933e+01
-1.157028153170345519e-01
-8.558755666901368686e-02
-7.669895569843708516e-02
-6.857446363586498783e-02
-6.417087541364005499e-02
-1.727102644818801380e+01
-1.346623158481809468e-01
-9.681431352794586664e-02
-8.437504468098921961e-02
-8.618692846462892854e-02
-7.558772204700008046e-02
-7.767494690708180716e-02
-7.564497050859929350e-02
-6.676862594200816403e-02
-6.559009713542494902e-02
-6.251714544135904272e-02
-6.421975910868557569e-02
-6.835135380239683311e-02
-6.036772381606354126e-02
-5.832945746544516280e-02
-5.701845800166231715e-02
-5.602450513106195518e-02
-5.520476676046086328e-02
-1.561929251295775956e+01
-5.389499386643525902e-02
-5.335640825971906670e-02
-5.544786871156110603e-02
-5.432908631821686124e-02
-5.308147687326308234e-02
-5.375977042683714735e-02
-5.413814503479564416e-02
-5.268333465994019804e-02
-5.190766568534101871e-02
-5.136451890391672409e-02
-5.093811078618594446e-02
-5.160843872542196509e-02
-5.081018826102466635e-02
-5.105818415367877061e-02
-5.031750549993285054e-02
-5.241572217210729856e-02
-5.269994223438168035e-02
-5.088111512796882063e-02
-5.009867766417707563e-02
-5.016000062563183426e-02
-5.069163077416908442e-02
-5.274103762058557354e-02
-5.040634486701885825e-02
-5.286939898724275083e-02
-5.019933440068617692e-02
-4.941233392940396624e-02
-4.892889163415559822e-02
-5.051667044059782868e-02
1.000000000000000000e+00
-6.260603757418337079e-02
-6.432190548438106170e-02
-6.093582060091216890e-02
-5.674086763135960387e-02
-5.496496411839826846e-02
-5.887457064415203140e-02
-5.472477280854141923e-02
-5.319637842338963141e-02
-6.637061995204497633e-02
-5.488908598154462748e-02
-5.288508903262782723e-02
-5.179935478760835238e-02
-5.105056944055019058e-02
-5.046692597168288968e-02
-4.999082773515626382e-02
-4.959072558072558784e-02
-5.035443923803960276e-02
-4.969385715920267288e-02
-5.656253343713449344e-02
-5.062948932114590822e-02
-5.114037875067316968e-02
-4.975474386903291912e-02
-4.913314500520008649e-02
-4.870920003288715938e-02
-4.945871023039184050e-02
-4.869976516649841825e-02
-1.006312518035156245e+01
-5.627248109660742958e-02
-5.183239927309804540e-02
-5.021368903162858055e-02
-5.144032936011170426e-02
-5.970044505453862838e-02
-5.306619496474666159e-02
-5.099416316582192077e-02
-5.568805752230809869e-02
-5.158122138998968292e-02
-8.353326016865919357e+00
-5.942937790901423045e-02
-5.296990614870598912e-02
-5.094341042655534113e-02
-5.191856167544529888e-02
-5.026079929243448818e-02
-5.135562400147190842e-02
-4.956844655263303173e-02
-4.881173606197591885e-02
-4.830943393070253472e-02
-4.950929290710238961e-02
-4.814067329351932184e-02
-4.766425865284725644e-02
-4.734573293812586320e-02
-4.708635869326593948e-02
-4.686370360947381825e-02
-4.667924356391989216e-02
-4.651449435526189280e-02
-4.771357816413984709e-02
-4.686701972339979427e-02
-4.650094284575374826e-02
-4.782863757939152111e-02
-4.784103420318044225e-02
-4.721735227368630688e-02
-4.642267345418025354e-02
-4.614689253586897605e-02
-4.594144736293069575e-02
-4.577742118551703099e-02
-4.626995319705388965e-02
-1.123866269134454043e+01
-7.879579792243596170e-02
-5.810667540232242190e-02
-5.462839131807173398e-02
-5.130515259758175461e-02
-4.975832148788164599e-02
-4.877229462506714464e-02
-4.808107261119088510e-02
-4.752332422943752327e-02
-3.656828233617782331e+01
-1.770051520015787083e-01
-9.818466026109741451e-02
-7.789152984948108371e-02
-6.821142407928930396e-02
-6.285112818470123264e-02
-5.941500303054705889e-02
-5.923334593987995139e-02
-5.815165408106622719e-02
-5.477312932402037676e-02
-5.333950138635951133e-02
-5.354187817683418726e-02
-5.195959077314436791e-02
-5.106637672031299341e-02
-3.532458150734056801e+01
0.000000000000000000e+00
-4.601770196251498968e-01
-3.149507258356883388e-01
-3.069482984157752004e-01
-2.158822180107828892e-01
-1.876503842079755013e-01
-1.619972662217619985e-01
-1.455716420840446890e-01
-1.347096907587065906e-01
-1.262602218640340723e-01
-1.177617660109568087e-01
-1.096442519895502593e-01
-1.045962034753782910e-01
-1.005556933599772163e-01
-9.519348390837686913e-02
-9.131577497673674937e-02
-8.995841634527620978e-02
-8.626006238104255708e-02
-8.344791226449893573e-02
-8.103953842058964074e-02
-8.016367652791261955e-02
-8.274723100628023076e-02
-7.880115054969065447e-02
-7.597683784108068272e-02
-7.404407408156514492e-02
-7.434249814436774684e-02
-7.560365907167017341e-02
-7.215752810794792693e-02
-7.021137250073980485e-02
-6.874479717564561942e-02
-7.835402844902362995e-02
-6.980557112066942960e-02
-6.746859305534080864e-02
-6.601461847407695538e-02
-6.606875818441672321e-02
-6.454395887808059284e-02
-6.352768274137762794e-02
-6.788883524640612621e-02
-6.384280237157625992e-02
-6.376661740328684602e-02
-6.401511885132990520e-02
-6.306058307675825592e-02
-6.139610751807542816e-02
-6.042164097798485151e-02
-6.174857998248564628e-02
-6.122370255838546771e-02
-5.966218714113079996e-02
-5.879449258868629791e-02
-5.813681748663039606e-02
-5.913208685569951162e-02
-6.040093639231368383e-02
-5.765333884526177566e-02
-5.690433442774320283e-02
-5.636006083447852449e-02
-1.069710823513780795e+01
-6.768696590593341333e-02
-6.020476273165906861e-02
-5.928227057754591883e-02
-5.755061733854015954e-02
-5.654730308582400083e-02
-6.350837475794110509e-02
-5.787331230246475777e-02
-5.703695886737972232e-02
-6.231585932152788887e-02
-6.910581977541621623e-02
-5.916889373009554670e-02
-5.691944237843343801e-02
-1.171573952259522144e+01
-7.049517899925057673e-02
-6.025173934850638902e-02
-6.332917267687368512e-02
-5.780908608826667433e-02
-5.603226668321041604e-02
-5.498382468218935420e-02
-5.423953061226816086e-02
-5.689538751638430203e-02
-6.171280170550631078e-02
-5.649574223815213847e-02
-5.864281083875362566e-02
-6.280092786585922404e-02
-6.148267175026281978e-02
-5.578720364264278669e-02
-5.429127096673853903e-02
-9.272281597114440999e+00
-7.542732481372260711e-02
-6.220373229449561309e-02
-5.692638306122108777e-02
-5.500482381080275956e-02
-5.706244530662099579e-02
-5.653986133406321835e-02
-5.450633590648747140e-02
-5.531552352068392492e-02
-1.196304779430798959e+01
-6.155883453229237662e-02
-5.780154822983431251e-02
-5.495917409851576452e-02
-5.358144453272264962e-02
-5.269744374932953945e-02
-5.205319833171363070e-02
-5.366229584271772074e-02
-5.230534337379282722e-02
-5.320447751635448697e-02
-5.181479396638891816e-02
-5.111976697674525810e-02
-5.186951051467852958e-02
-5.087323854783752652e-02
-5.747667957777934100e-02
-5.398030236794624376e-02
-5.409935888216502176e-02
-5.170116989111385453e-02
-5.952913729477416621e-02
-5.262217673188463590e-02
-5.119446567659371311e-02
-5.167917291636769245e-02
-5.041824190189708732e-02
-5.166395267616133435e-02
-5.577100152421828050e-02
-5.312082668649902029e-02
-5.240886246648226998e-02
-5.066224342265768232e-02
-5.456688870956454690e-02
-5.037750663327648926e-02
-9.450454567975000941e+00
-6.152626731613031891e-02
-5.496973154407824164e-02
-5.330172395314162342e-02
-5.412349177180048043e-02
-5.163184504241409567e-02
-5.059237631423806753e-02
-5.840693502878178262e-02
-5.264481618191495238e-02
-5.372768999726847128e-02
-5.069802607175787762e-02
-4.986102867699902796e-02
-4.930259482628953499e-02
-4.889065801235020770e-02
-4.856425433718793844e-02
-4.827503430045020777e-02
-5.312944001993300663e-02
-1.447045381518401008e+01
-5.606063510015250884e-02
-5.195369647891905085e-02
-5.034519231957469698e-02
-4.944054159264908710e-02
-4.883671624478525680e-02
-4.992082287479931296e-02
-4.885358509793005788e-02
-4.829758835615019508e-02
-5.800590395686749945e-02
-5.147232132111597552e-02
-4.972495700018084858e-02
-4.883876095612117718e-02
-5.257077771413149608e-02
-5.088461538277889995e-02
-4.920105049035416317e-02
-5.002336370256612458e-02
-4.921158436178646456e-02
-4.823912080301972355e-02
-4.992195096236945462e-02
-4.858289824404279922e-02
-6.185105621699059364e-02
-5.341102964949408921e-02
-5.223585535975139305e-02
-5.131661176557009846e-02
-4.962119967495659534e-02
-5.158933523412521926e-02
-4.933241367974344066e-02
-4.842806334809345026e-02
-4.786626448878034124e-02
-4.745573805990188632e-02
-4.993978015068081117e-02
-4.807923828439537861e-02
-4.892861826350259485e-02
-4.758161877264985296e-02
-4.704545322148433184e-02
-4.814570040369069159e-02
-4.689551900296291820e-02
-1.059203787524541163e+01
-6.579039722124069289e-02
-5.412849307266808657e-02
-1.475196179974606814e+01
-6.545718282121897047e-02
-5.550984023706984072e-02
-5.215442164848314160e-02
-5.533097453195664345e-02
-5.075741352004475154e-02
-4.937409036066770646e-02
-4.851893732920348201e-02
-4.994643377893459579e-02
-4.835882535331227638e-02
-4.764990041098086243e-02
-4.718675235156293696e-02
-4.683097399509184022e-02
-5.201499719806561978e-02
-5.422642154595842118e-02
-5.024848229312512543e-02
-4.873840586340312531e-02
-4.787084565635830319e-02
-4.728546092220055341e-02
-4.685560804034172300e-02
-1.454074884273967427e+01
-5.926111113721461293e-02
-5.316913095974330761e-02
-5.004270668037733016e-02
-4.864759133032250937e-02
-4.779880669731392112e-02
-4.721632441626143206e-02
-4.677295405815442425e-02
-4.937830138082120734e-02
-4.711943628441702531e-02
-5.641351967008285256e-02
-5.015341690423594234e-02
-2.544313940533033858e+01
-1.529564762484809382e-01
-9.716412851814587581e-02
-7.934993267969396580e-02
-7.042364820065956377e-02
-6.501767489410956169e-02
-6.733230947335679117e-02
-6.027283020044685996e-02
-5.891311107725648311e-02
-5.628068693217364027e-02
-5.471891970681124623e-02
-5.352492194562338129e-02
-5.768141272815149878e-02
-5.514906675368029532e-02
-1.408077334115119505e+01
-6.332651068870476241e-02
-5.684328687822302884e-02
-5.914279192430854648e-02
-5.492305843718308517e-02
-5.301143273346937967e-02
-5.310448610540913911e-02
-5.142320641864324415e-02
-5.053531421656892036e-02
-4.986198497711950145e-02
-1.521422655719071315e+01
-6.769788826846034890e-02
-5.420331239985480554e-02
-5.427625920525132319e-02
-5.135170446754262763e-02
-5.008583525060211067e-02
-5.329021471212246758e-02
-4.986651835941453836e-02
-4.891032928218241177e-02
-4.830936069536945210e-02
-5.140380688650145885e-02
-4.881564087827024168e-02
-4.799517576680327469e-02
-4.749677141874429631e-02
-4.712969922182080884e-02
-4.682401471980362356e-02
-4.657729778028119744e-02
-4.634619310957524552e-02
-4.615112882567503488e-02
-4.596988446523481847e-02
-4.579637100672151462e-02
-4.564371249291709898e-02
-4.549743217480920615e-02
-5.534981268873908483e-02
-4.979072038923908899e-02
-4.953546653428025914e-02
-4.986417718425526641e-02
-4.775565067500988498e-02
-4.684657583217356064e-02
-5.694738231893599345e-02
-5.673461892511207083e-02
-5.298465192591067519e-02
-7.176835492643134085e-02
-5.219040161694792762e-02
-4.951565954090702409e-02
-5.026418400419262883e-02
-4.977689788279471284e-02
-4.799925040004188181e-02
-4.715726633661070089e-02
-4.798354317260821594e-02
-4.688233888639406488e-02
-4.630266592315818858e-02
-4.706957223563627141e-02
-4.602914635063983656e-02
-4.561225429221968386e-02
-4.532625403072249037e-02
-4.509802061409225182e-02
-4.489512848655610039e-02
-4.654063070040172223e-02
-1.243435269177475710e+01
-5.392263302286442322e-02
-4.890361924190978621e-02
-4.730362966432820337e-02
-6.595201834998111468e-02
-4.957327018485238601e-02
-4.752123887169415473e-02
-4.655334129678535132e-02
-4.692628617031796567e-02
-4.801402138461752234e-02
-5.026925490236152511e-02
-4.745483325234609723e-02
-4.790296337313829783e-02
-4.625432333055744943e-02
-4.562672066507515722e-02
-5.040125339016730821e-02
-1.622549961441486133e+01
-9.888713193095664822e-02
-5.901717206920722297e-02
-5.290002459271032909e-02
-5.228613510054468116e-02
-4.926757089627131769e-02
-4.801133535873456509e-02
-4.717438927646598612e-02
-4.920819699510522310e-02
-5.405137854431273786e-02
-4.826386017287678798e-02
-4.701797555983822097e-02
-4.630064129608879586e-02
-4.580003635109893001e-02
-4.541829479874830156e-02
-4.582541354292259811e-02
-4.786801035333820148e-02
-4.624447100827160789e-02
-1.283356325246676910e+01
-1.003226997644743601e-01
-6.140654464004669660e-02
-6.143952146471200887e-02
-5.402422293449501978e-02
-5.184177687596681211e-02
-4.987128203039222635e-02
-4.862742658740725615e-02
-4.773112940873912996e-02
-4.706300012588152115e-02
-4.652332208916067774e-02
-4.608171048649332968e-02
-4.571148003652329012e-02
-4.539199547810164603e-02
-4.511596498836011743e-02
-4.488045502484695054e-02
-4.465267691605755151e-02
-4.743780839897779322e-02
-4.524084232164966857e-02
-4.469035781099250232e-02
-4.573156598941503087e-02
-4.480226462588164649e-02
-4.438606771141459517e-02
-4.438606771141459517e-02
-4.411229745500671456e-02
-1.337082831153621321e+01
-5.554640616242294965e-02
-7.551708146564421742e-02
-6.136539445514394009e-02
-5.263997519133233050e-02
-5.076083108779801817e-02
-4.866744994522734236e-02
-1.321173771724297019e+01
-5.788227625962992506e-02
-5.794292482808418437e-02
-5.239711072222394406e-02
-4.998356290444648520e-02
-4.854654198535664905e-02
-4.756528393184863979e-02
-4.736284527296578256e-02
-4.655862935604623831e-02
-4.601234847035804570e-02
-4.558215162184942049e-02
-4.617463657601802302e-02
-4.616952381069801964e-02
-4.536812999651822914e-02
-5.070009315651901466e-02
-5.037615026397762596e-02
-5.158706168554039184e-02
-4.986300471818854579e-02
-5.629327905309886027e-02
-4.976616656476319511e-02
-4.771289253972307853e-02
-1.364301120625307817e+01
-6.454119997230141348e-02
-5.377185859786886429e-02
-1.289733971552162828e+01
-9.738047628256681076e-02
-6.344301163751138450e-02
-5.622065514762521199e-02
-5.281349492164162662e-02
-5.148292802947770919e-02
-4.978347017701228311e-02
-5.113694040936733742e-02
-5.683756133556513296e-02
-5.021739913609445105e-02
-5.046729271624697533e-02
-1.118599963219703319e+01
-5.908015738252991866e-02
-5.250069387591554254e-02
-4.998759491537162897e-02
-4.856331310485524633e-02
-4.760719403291789609e-02
-5.137537994128121149e-02
-1.301925069858537398e+01
-5.490411314095081097e-02
-5.004354811189467428e-02
-4.943549649360745590e-02
-4.770938283920503342e-02
-4.680136761596698919e-02
-4.804223866699490475e-02
-4.704931923261854859e-02
-4.606909806792310741e-02
-4.550699869785326812e-02
-4.511908426122084037e-02
-4.478931248492329376e-02
-4.647942610748546227e-02
-4.525919361500792271e-02
-4.471913018443618437e-02
-4.437535586567333684e-02
-4.410522256373591854e-02
-4.478673245574892742e-02
-4.816326832440160494e-02
-4.572464819820178800e-02
-4.483741920771548706e-02
-4.432701683254373221e-02
-4.680487863410124488e-02
-4.506399679957256293e-02
-4.437794258111509016e-02
-4.395807426418752578e-02
-4.366468360804972443e-02
-4.342903962498646103e-02
-4.324195077314426511e-02
-4.307009591842431151e-02
-5.381643581639403845e-02
-5.174296523297937378e-02
-4.610892316629505022e-02
-5.093136031197491309e-02
-4.606450788104390903e-02
-4.482393300575551048e-02
-4.600134710129592797e-02
-4.574907978280798315e-02
-4.439246434284554316e-02
-4.382127395022743233e-02
-4.345072045177991032e-02
-4.493663185519067987e-02
-4.989631139783434755e-02
-1.198967976389784162e+01
-6.367241174043399010e-02
-5.606281898105445333e-02
-5.681199163665032192e-02
-5.053337715183596479e-02
-4.826662207515105413e-02
-4.693318032080032870e-02
-4.602858560712163455e-02
-4.607757797472217254e-02
-4.521856650684254880e-02
-4.467252160037939179e-02
-4.426470830131190581e-02
-4.393659209192313925e-02
-1.342155766807911021e+01
-1.215489519691493925e+01
-8.079522211355631700e-02
-6.362654968976211300e-02
-5.691951156074199353e-02
-5.331370817839961584e-02
-5.104602687579491704e-02
-4.947101668161797000e-02
-4.831974049849954711e-02
-4.743368467234321262e-02
-4.773389357853566328e-02
-4.654810882359150526e-02
-4.611067557882430473e-02
-1.857318735408083299e+01
-3.407934979250349938e-01
-1.342702380177925037e-01
-1.006758530901193244e-01
-8.253031271415453562e-02
-7.528116906062801150e-02
-6.908608276971436868e-02
-6.404833029436618475e-02
-6.070133699778929026e-02
-6.431544917842108022e-02
-5.876005176367304211e-02
-5.627296134716633369e-02
-6.872734482821342417e-02
-5.832246489456160282e-02
-5.521700231790602903e-02
-5.341297606757578614e-02
-5.213002893384158926e-02
-5.112888810626595865e-02
-5.538113932840662418e-02
-5.543230577570572304e-02
-5.232987555358660503e-02
-5.247803254254324729e-02
-5.499710873476889444e-02
-5.185909010490438037e-02
-5.033803306262853855e-02
-4.933273690966476221e-02
-5.024153066409575014e-02
-5.277364492214928204e-02
-4.970819686388810305e-02
-4.850955270333081465e-02
-4.952176151829011663e-02
-4.768473062507092020e-02
-1.281305279386296903e+01
-1.347113707598274246e+01
-8.814468332435725084e-02
-1.072401067452708112e+01
-6.805579363994475328e-02
-5.995966768374347278e-02
-5.605280002809300693e-02
-6.583536757347667467e-02
-5.805753926804262111e-02
-5.630696696081499697e-02
-5.623220860061561854e-02
-5.257163428162286295e-02
-5.107711690106809393e-02
-5.409423216833206954e-02
-5.044658602718821161e-02
-4.925914494452364456e-02
-4.848624135013004238e-02
-4.787775531851776872e-02
-4.737527061270914441e-02
-4.694989715387567347e-02
-4.962941260585343461e-02
-4.684926960940391516e-02
-4.627542219788176314e-02
-4.590253553878664156e-02
-5.643555863075293971e-02
-4.837967662086890136e-02
-4.685859393157542491e-02
-4.611222812680232375e-02
-4.636625928117536072e-02
-4.672873525458669242e-02
-4.562511042551104651e-02
-4.514766052021258053e-02
-4.479963408258410412e-02
-5.518367115089431452e-02
-4.764308589304603464e-02
-4.608008705191733723e-02
-4.531791985818470897e-02
-4.482453553669493024e-02
-4.447438612586494117e-02
-4.419160258904434452e-02
-4.395959058657181867e-02
-4.375696946391241515e-02
-4.922845034108779688e-02
-4.524065144703321578e-02
-4.435075245780027015e-02
-4.698141453557860142e-02
-4.513938587267520008e-02
-4.555926092183364834e-02
-4.518156168926321797e-02
-4.433313478339871716e-02
-4.387247893656120307e-02
-4.354936219001191017e-02
-4.329960980746389715e-02
-4.832369279828686165e-02
-4.376121824543606487e-02
