3.206401286240994608e+01
2.546897486837995217e+01
2.023089689527998658e+01
1.606989953337004096e+01
1.276473694271001769e+01
1.013948630057701195e+01
8.054069149379017745e+00
6.397523935259005867e+00
5.081764336962002915e+00
4.036615652802996834e+00
3.206409486950002385e+00
2.546897585642005080e+00
2.023089638093998666e+00
1.606989940389998539e+00
1.276473965738998073e+00
1.013948531188401114e+00
8.054069537269978873e-01
6.397524648382008072e-01
5.081763904106006979e-01
4.036615806878008916e-01
3.206409483757997614e-01
2.546897384438001621e-01
2.023089743854004641e-01
1.606989985998998338e-01
1.276473697473000934e-01
1.013948505267397715e-01
8.054070722472020383e-02
6.397523437471999697e-02
5.081764109007002456e-02
4.036615046507997101e-02
3.206409408614002698e-02
2.546897472976003551e-02
2.023089748073999411e-02
1.606989931587998049e-02
1.276473923768998119e-02
1.013948526171399613e-02
8.054068904024002523e-03
6.397524310275996655e-03
5.081764734724989949e-03
4.036615063335988705e-03
3.206409564298003199e-03
2.546886317767992850e-03
2.023100572118006514e-03
1.606997036312999248e-03
1.276467823982998032e-03
1.013948457463100796e-03
8.054041369577011637e-04
6.397563844230998035e-04
5.081783329066992495e-04
4.036593396620007340e-04
1.435144844249000096e-03
