0.000000000000000000e+00
0.000000000000000000e+00
0.000000000000000000e+00
0.000000000000000000e+00
0.000000000000000000e+00
0.000000000000000000e+00
0.000000000000000000e+00
0.000000000000000000e+00
0.000000000000000000e+00
0.000000000000000000e+00
4.376373508641282939e+00
3.539572593203837769e+00
2.869373022453229005e+00
2.331505205380708823e+00
1.898719511162910045e+00
1.549494411863518994e+00
1.266732401654505846e+00
1.037036597476416855e+00
8.498216670920233362e-01
6.967805921922192169e-01
5.713965459104759503e-01
4.685176112691133432e-01
3.840744773784108834e-01
3.147998519488806046e-01
2.580394423162050144e-01
2.116184670304240845e-01
1.737194856615993377e-01
1.428301227145568619e-01
1.176734041206613235e-01
9.717952959882791841e-02
8.045818731389151046e-02
6.677269592234298667e-02
5.552483946618363975e-02
4.623205094862259390e-02
3.851060533700810529e-02
3.205965350955474608e-02
2.664362975279239293e-02
2.208091083293110476e-02
1.822944592028932081e-02
1.497786968754969555e-02
1.223742620608620803e-02
9.935308380373743253e-03
8.011122211354528358e-03
6.412398374668171197e-03
5.093454311449276822e-03
4.013946742081831755e-03
3.137539338728785425e-03
2.432296435304761445e-03
1.869744501527054919e-03
1.425100279709609532e-03
3.975969615513578678e-03
