-1.193375360093513506e-02
-1.158367602577086049e-02
-1.257784990508939611e-02
-1.283786192788646287e-02
-1.167553224555097080e-02
-1.149731203419837935e-02
-1.118055951806667600e-02
-1.098136583629632027e-02
-1.247127531042091508e-02
-1.165594832005505989e-02
-1.122835125418535779e-02
-1.094424903213006561e-02
-1.076030869182945278e-02
-1.062232049396765431e-02
-1.207897240417148826e-02
-1.095469299613059666e-02
-1.069198873629012558e-02
-1.048606929428584980e-02
-1.035497007121131095e-02
-1.133615821257373188e-02
-1.570068858183606508e+01
-2.702107966710187714e-02
-1.807822115397245480e-02
-1.559673938515844516e-02
-1.393993619852154642e-02
-1.299918458685700960e-02
-1.238042969621174806e-02
-1.193565659463692759e-02
-1.312899189288247934e-02
-1.278541836214927389e-02
-1.188160857843483138e-02
-1.182023004597787703e-02
-1.164583861083528030e-02
-1.137311546151457964e-02
-1.100011574812675107e-02
-1.093848800718072965e-02
-1.070067440398884094e-02
-1.067837867544748492e-02
-1.050864051428077907e-02
-1.039181793885946524e-02
-1.045672987708449846e-02
-1.028352822670920708e-02
-1.018603301546764685e-02
-1.011014553707703482e-02
-1.056315801428840337e-02
-1.019180123211641496e-02
-1.005870179279339666e-02
-9.972867620232661948e-03
-9.906562937918153566e-03
-1.037267427717923803e-02
-1.012881027225129814e-02
-9.958470754272082809e-03
-9.861582262034646398e-03
-9.792321620061708240e-03
-9.736273685257703162e-03
-1.012609664219891147e-02
-9.822865683869091633e-03
-1.019426132874456242e-02
-1.028165116037322441e-02
-9.923603357484237983e-03
-9.775467949247275759e-03
-1.063097562254143418e-02
-9.963362004904276550e-03
-1.018582444003418401e-02
-9.942868832184190153e-03
-9.827337834478750214e-03
-1.002238285223093668e-02
-9.717636401325453754e-03
-9.610512169801729843e-03
-9.539529651314731032e-03
-9.487500287064692603e-03
-9.442740460817221002e-03
-1.038572640200201291e-02
-1.019383258856967032e-02
-1.004428220350717799e-02
-1.085825949017510395e-02
-1.052833489887766705e-02
-9.787998059742768903e-03
-9.676183693535098801e-03
-9.538108787679836290e-03
-1.008429014770073108e-02
-9.657724287893623347e-03
-9.509104652974054162e-03
-1.234705622761911661e-02
-1.061394084486117807e-02
-1.033882067459082101e-02
-9.838428893546835238e-03
-9.838693497383085157e-03
-9.604160555032596747e-03
-9.488737308307727131e-03
-9.410051621250635143e-03
-9.649584277112720904e-03
-9.347316489765084002e-03
-9.259181608197109004e-03
-9.201576134750318048e-03
-9.711079021695066815e-03
-9.258927685819939163e-03
-9.408518741753439316e-03
-9.507333549578795423e-03
-9.227765626177013639e-03
-9.500375933462514022e-03
-9.216523094921999851e-03
-9.128037943327643733e-03
-9.267789934696844464e-03
-9.118457761354484617e-03
-1.003678798738047960e-02
-9.446005933405087970e-03
-9.814521028998346788e-03
-9.846398988924186593e-03
-9.499751807605890871e-03
-9.299392784198551656e-03
-1.002517710426810774e-02
-9.552317872305104290e-03
-9.375752074909362785e-03
-9.207403913361399822e-03
-9.484122696124424809e-03
-1.391694530379193606e-02
-1.021449302478793196e-02
-1.041434330739500307e-02
-9.701750775390262718e-03
-9.450213344665468751e-03
-9.432593454360881785e-03
-9.323342955064308976e-03
-9.194381426118310510e-03
-9.242663672094244762e-03
-9.106797668053083147e-03
-9.040249061114176421e-03
-8.991411631619379563e-03
-9.047522391437126318e-03
-8.966234909370806097e-03
-9.039656645149702838e-03
-8.931705456259118880e-03
-9.267961963765924613e-03
-9.030080871458153260e-03
-8.924581594188192579e-03
-1.699753832649156138e+01
-1.668922860622479645e-02
-1.313146193110962916e-02
-1.220294544478426994e-02
-1.104843530205866335e-02
-1.085449840110941713e-02
-1.029649385700430811e-02
-1.000824567036914109e-02
-9.805012628665567623e-03
-1.057345996379390959e-02
-9.851350916433628674e-03
-1.026335642720865859e-02
-9.795214576583732152e-03
-1.053523389375739076e-02
-1.099759657512044443e-02
-1.029017400977324560e-02
-1.408450143796262724e-02
-1.531592071300869919e-02
-1.164446584004039630e-02
-1.330189236707627135e-02
-1.239387713399868474e-02
-1.089333210105282966e-02
-1.046681724152890951e-02
-1.020562921363493171e-02
-1.018067022655568497e-02
-1.013858234257864616e-02
-9.887952098726683278e-03
-1.722560914418503827e-02
-1.221905809159150834e-02
-1.127240817984709667e-02
-1.414805969867160597e-02
-1.202836330830295633e-02
-1.114779780231637228e-02
-1.093658582882890869e-02
-1.048888264366119351e-02
-1.022383038825742246e-02
-1.003234855295971791e-02
-9.884843956406685547e-03
-9.933322004114590251e-03
-9.748922897588970307e-03
-1.275351390854151910e-02
-1.060894752895596635e-02
-1.018888190322869182e-02
-1.104820775762460454e-02
-1.008289888357760677e-02
-1.007039403143294813e-02
-9.944784621644678357e-03
-9.707510176876613106e-03
-9.566306786489502112e-03
-9.465442808712807785e-03
-9.385824281205802644e-03
-9.317621697137734582e-03
-9.261407262775116916e-03
-9.380092699802958234e-03
-1.010935221768001491e-02
-9.408264982106841548e-03
-9.486308770852018221e-03
-9.262378284726606806e-03
-9.169875165807252551e-03
-9.108302690692533093e-03
-9.060801921972767500e-03
-9.272712049608075255e-03
-9.235332748709187273e-03
-9.259836194641477003e-03
-1.009538313768659074e-02
-9.578851317457063447e-03
-9.329873970701998628e-03
-9.909744102715809660e-03
-9.366557048310108699e-03
-9.198705261276795067e-03
-9.366272000668765529e-03
-9.113046757408994544e-03
-9.233069046512085848e-03
-9.032322144803928143e-03
-9.155440182803877003e-03
-9.146514216189860838e-03
-9.154804180049512519e-03
-9.344269367056580108e-03
-1.104778912473471965e-02
-9.498238836539402846e-03
-9.608109638945760977e-03
-9.255897413431021098e-03
-9.100399169974885197e-03
-9.347371878699568121e-03
-9.379147346562068110e-03
-9.353383311184741006e-03
-9.038335045922749750e-03
-9.173583114396680407e-03
-9.279505245045817363e-03
-9.046487151385838518e-03
-8.940395955281526044e-03
-8.873123094588057994e-03
-1.137873415305620459e-02
-9.736979677926985155e-03
-9.876990678959874856e-03
-1.246294095202886594e-02
-1.035522033876438118e-02
-9.821601429679438847e-03
-9.495303136413129133e-03
-9.299959132510799212e-03
-1.640080458925517348e+01
-5.866146791930119259e-02
-3.494534534302056600e-02
-2.610552908591432311e-02
-2.134294434637951446e-02
-1.854909245382169516e-02
-3.188119118677310015e-02
-2.208301323295147264e-02
-1.836485334069675596e-02
-1.759970480433512008e-02
-1.547773840780281018e-02
-1.603733376019355825e-02
-1.521074101163209617e-02
-1.374457902103314900e-02
-1.309422787431733549e-02
-1.332508228585692518e-02
-1.261409019512273362e-02
-1.218377630297510020e-02
-1.357470043563396844e-02
-1.198952495976088675e-02
-1.159387298388264709e-02
-1.132988122722714507e-02
-1.112130678357383697e-02
-1.108401514324851636e-02
-1.084632898641514111e-02
-1.069086047258788370e-02
-1.062382894115690944e-02
-1.069507771756264200e-02
-1.049553925204881229e-02
-1.033607555669492986e-02
-1.022335679852901490e-02
-1.012952149607992611e-02
-1.043270031716697979e-02
-1.007655978668414720e-02
-1.011933181793075315e-02
-9.964661054584040070e-03
-1.077856646944815207e-02
-1.067061624839866184e-02
-1.011892668629518592e-02
-1.001446367356164865e-02
-9.853795723379805971e-03
-1.024606707587859614e-02
-9.945888378164124966e-03
-9.743806941104384348e-03
-9.777746482781117521e-03
-9.807615630415149333e-03
-9.790401951069107808e-03
-9.586344727669917493e-03
-9.498236358470394172e-03
-9.435694774485102465e-03
-9.487868452916570564e-03
-9.587884030369154750e-03
-1.086335147696230324e-02
-9.946588356637900766e-03
-9.535293595684408291e-03
-9.399913089360334428e-03
-9.810003656836492614e-03
-9.604895426316024595e-03
-9.420877871699123718e-03
-9.553721315848520343e-03
-9.473027330378760991e-03
-9.316807007316661032e-03
-1.197266298403045631e-02
-1.063089856435478313e-02
-9.923125576674718049e-03
-9.696789391320256510e-03
-9.702971194769659941e-03
-9.426865774479861737e-03
-9.401220089401595564e-03
-9.278115672963351684e-03
-9.200123289576610242e-03
-9.312801905374226002e-03
-1.111755100465340075e-02
-1.079513360155733362e-02
-1.006345696259026805e-02
-1.012796438007520713e-02
-9.843831148351194979e-03
-9.599593787101148162e-03
-9.424509313380458053e-03
-1.152686514330839539e-02
-1.000981753488613610e-02
-1.009278996880371912e-02
-9.657960096458908725e-03
-9.456710551836671960e-03
-9.327396279391124770e-03
-9.761296152445010643e-03
-9.373409981413893810e-03
-9.234280917569432853e-03
-1.017122691247761106e-02
-9.629127406028017977e-03
-9.360565811654652721e-03
-9.656098243802872100e-03
-9.304334998543349611e-03
-1.025865482823679932e-02
-1.289838511728757554e-02
-1.034250366640936114e-02
-1.131091672618789006e-02
-1.071243491100465871e-02
-1.031160192753433069e-02
-9.914617791857776100e-03
-9.629761664564619184e-03
-9.457243566711475216e-03
-9.334947065705170161e-03
-9.532033402338513720e-03
-9.351022430289986434e-03
-9.639328555236711601e-03
-9.708076527686215415e-03
-9.230986410757638025e-03
-9.106245307776454287e-03
-9.123382613953276432e-03
-9.459311005138736420e-03
-9.106858836460129253e-03
-9.213156641509968534e-03
-8.993037146456973885e-03
-1.004251019843896940e-02
-9.362989168162853815e-03
-9.140771801011540743e-03
-9.358919705962896046e-03
-9.218771287322329727e-03
-1.007032005780297487e-02
-1.009596266922904370e-02
-9.452877268037491662e-03
-9.509233174498352148e-03
-9.195954870251583577e-03
-1.102783334733600795e-02
-9.461606275620738915e-03
-9.179575717912258001e-03
-9.038968412232431873e-03
-8.947651103610496093e-03
-9.335433548733085632e-03
-9.416652573946211052e-03
-9.116447110136049331e-03
-9.453339515410209143e-03
-9.061750228621484951e-03
-9.978932496250427289e-03
-9.260052308228204632e-03
-1.089740732482940948e-02
-9.864282460437048122e-03
-9.447847097528364393e-03
-9.318649861489386801e-03
-9.291197304678130986e-03
-3.753409464036905341e-02
-1.424711583818502776e-02
-1.181210585916097136e-02
-1.151787037417245467e-02
-1.081548943877459062e-02
-1.023231170381317182e-02
-1.001808098373679554e-02
-9.711763526987091111e-03
-9.943318822778183727e-03
-1.002021142566396003e-02
-1.057194648196100803e-02
-9.713972065871077227e-03
-9.981088901846433409e-03
-9.483928441777722887e-03
-9.421147743419896331e-03
-9.230210104612493124e-03
-9.391066430743140805e-03
-1.001123106606974060e-02
-9.374780473583151086e-03
-9.366011718206062805e-03
-9.364768900198895338e-03
-9.208542667430204970e-03
-9.289327922320927966e-03
-9.025547841885948191e-03
-9.188924525586224940e-03
-8.916038339069995433e-03
-8.840127253586869960e-03
-9.089938017616852953e-03
-1.363963416560299430e-02
-1.090618947804267158e-02
-1.005618747290766384e-02
-9.755596837527372167e-03
-9.795277197823097984e-03
-9.631608951481426470e-03
-9.499804975449466574e-03
-9.222937914489441266e-03
-9.082617527701624879e-03
-1.015375365134411727e-02
-9.038397919071796197e-03
-8.984018297194047015e-03
-9.015991575903358965e-03
-8.979562432143454662e-03
-8.827376522967731245e-03
-8.747577164100076713e-03
-8.692650566953416189e-03
-8.649564069050440923e-03
-8.614859565910607322e-03
-8.584647216169008846e-03
-8.558240152945062809e-03
-8.535623795099159250e-03
-8.849159973477896055e-03
-8.698162577311058935e-03
-9.006071070655159716e-03
-8.725267537237298143e-03
-8.622433741147027958e-03
-8.913476771482161179e-03
-9.284562664714739524e-03
-8.829068997738633712e-03
-8.686821525459513527e-03
-8.606784660231346293e-03
-8.552284199977068166e-03
-8.512155932716723716e-03
-8.479737834253573553e-03
-9.444618107680833111e-03
-8.896086775167944688e-03
-8.794585057935415742e-03
-8.648601922391328800e-03
-1.000139620231453585e-02
-9.089044205481294422e-03
-8.827516381127390593e-03
-8.692362733738996997e-03
-8.608732835813287521e-03
-8.985936151163878213e-03
-1.438226676925759111e-02
-1.261853311632829024e-02
-1.078451495635230489e-02
-1.073586936118431888e-02
-9.970294362839126137e-03
-9.655470100057954308e-03
-9.366230074960193996e-03
-1.117613699412594273e-02
-9.412217382916879260e-03
-9.224894640793308148e-03
-9.942804228896850657e-03
-9.497643016076912428e-03
-9.102614830699096507e-03
-8.925347222169416686e-03
-8.808461666436286433e-03
-8.721426290943959034e-03
-8.760687229913150659e-03
-8.637107162283488501e-03
-8.573936906205212316e-03
-8.524588451164596611e-03
-1.528764101583850177e-02
-1.027413212830890696e-02
-1.037170016509803006e-02
-1.217480663055563878e-02
-1.087419011488950996e-02
-9.967763391545206991e-03
-1.025493339555094696e-02
-9.847794859942915480e-03
-9.401747381215732821e-03
-9.676395986698185792e-03
-9.213841586451733054e-03
-1.208964466207670431e-02
-1.121499955524387325e-02
-1.011768814744185008e-02
-9.800975101357507421e-03
-1.050053655895938701e-02
-9.661512284436523518e-03
-9.265605249228406684e-03
-9.477051562423814343e-03
-9.127325492201649598e-03
-9.048608502084398014e-03
-8.898925926431247926e-03
-9.084143655343416071e-03
-9.257992853714343620e-03
-9.032350746690205948e-03
-1.157203306436725351e-02
-1.154760323675964491e-02
-1.011691669923340219e-02
-9.340065782010785814e-03
-9.352504728268569781e-03
-8.966623777170220494e-03
-8.823105826148903985e-03
-8.725088529266853202e-03
-8.846774644367141199e-03
-8.662625554836992509e-03
-8.781368709072543202e-03
-8.594718465770270766e-03
-8.521871033954204339e-03
-8.470036718421940225e-03
-8.725695993108498541e-03
-8.660064746624271392e-03
-8.523228939367093540e-03
-8.561330161811125938e-03
-8.441358839198765535e-03
-8.388143244562754411e-03
-8.350015839612262222e-03
-1.026913560772641822e-02
-8.885655620523466927e-03
-8.613086118182927686e-03
-8.548921057227104256e-03
-8.442571254157579808e-03
-1.107521268003458688e-02
-8.958476032285596011e-03
-8.715561005837065348e-03
-8.745790463312972871e-03
-8.893607187787797019e-03
-1.925746199227240396e+01
-4.825014493990952280e-01
-2.438591483513853075e-01
-1.621685052012540595e-01
-1.228561568014277516e-01
-9.932512623142901453e-02
-8.301496459317052323e-02
-7.210923076113830155e-02
-6.506966183797244230e-02
-5.894857933281551915e-02
-5.299116382491780852e-02
-4.766645554956625702e-02
-4.441679787655325451e-02
-4.052261908179978500e-02
-3.766644149504633221e-02
-3.530553707678007330e-02
-3.329456924234504289e-02
-3.213903938487498030e-02
-3.011293540366222904e-02
-1.666686681942165293e+01
-4.088344681297870209e-02
-3.254012139876230614e-02
-2.935722670775644388e-02
-2.770680051920030099e-02
-2.640347362903386341e-02
-2.519110085949956626e-02
-2.435752731890830289e-02
-2.332449164871493869e-02
-2.251334931434664441e-02
-2.180709970354611366e-02
-2.155031533166795396e-02
-2.072454964194150526e-02
-2.016661590153193476e-02
-2.030200122291984238e-02
-1.939878618527171583e-02
-1.890731035188242953e-02
-1.849687819307303110e-02
-1.812581138993115543e-02
-1.778405355684213943e-02
-1.746626772927360044e-02
-1.744652987295386426e-02
-1.879306461016605825e-02
-1.772183829214850695e-02
-1.700579649522275527e-02
-1.667489797168805743e-02
-1.656419295197910160e-02
-1.606320474405658477e-02
-1.614108112123612687e-02
-1.643453012600738436e-02
-1.587000426129572470e-02
-1.548330012942164720e-02
-1.520208196447469379e-02
-1.496928722327209652e-02
-1.476376875419641369e-02
-1.471137067173234822e-02
-1.445822576298962624e-02
-1.427863721132988095e-02
-1.411775526139404276e-02
-1.482048519608335918e-02
-1.411161090424498978e-02
-1.403248037012892052e-02
-1.400307523591273751e-02
-1.382786519352390171e-02
-1.356880489785150523e-02
-1.369739220600422157e-02
-1.342000857381322500e-02
-1.324256567205159968e-02
-1.310130189000324914e-02
-1.297816198488735244e-02
-1.286605407728953938e-02
-1.276153323989518903e-02
-1.401443483031541461e-02
-1.294080613719036064e-02
-1.269372544131075302e-02
-1.254266422899156380e-02
-1.262080784671493552e-02
-1.240074576979888557e-02
-1.234832958085541749e-02
-1.221993232224340489e-02
-1.231590733207741512e-02
-1.209248958481190517e-02
-1.198953404859457936e-02
-1.271288759505689869e-02
-1.263650845105124092e-02
-1.230156437448691464e-02
-1.886282248719601401e-02
-1.351307081393548007e-02
-1.269976628005933805e-02
-1.247166698481340374e-02
-1.214963870149119579e-02
-1.195827962902921808e-02
-1.181380793550301789e-02
-1.169706888489089637e-02
-1.159690962604529620e-02
-1.238991333535666324e-02
-1.197531768346627758e-02
-1.202065762618854602e-02
-1.178107491593545324e-02
-1.162241061164022600e-02
-1.144841666117319898e-02
-1.219606828438164758e-02
-1.143032757606347351e-02
-1.126577847552566285e-02
-1.116365425879852630e-02
-1.108369414946568446e-02
-1.101563815794620767e-02
-1.095454825387453049e-02
-1.089823230228686296e-02
-1.233136493965397533e-02
-1.128165695756410541e-02
-1.179923601545455718e-02
-1.127718862272251814e-02
-1.111372171917123647e-02
-1.103021658360520303e-02
-1.103552691156606778e-02
-1.106190679100830555e-02
-1.135820804113896881e-02
-1.079280669698839956e-02
-1.665475130957151662e-02
-1.279398356583081979e-02
-1.192364872899650055e-02
-1.177590781936961421e-02
-1.215496704941796194e-02
-1.172716725182826672e-02
-1.152861517886120089e-02
-1.123663205959413332e-02
-1.124673084002881900e-02
-1.089143160243286751e-02
-1.155649976041682805e-02
-1.107160037368249729e-02
-1.117787068711847270e-02
-1.076474373372464724e-02
-1.060511695065280771e-02
-1.111854309509976817e-02
-1.071308770578745240e-02
-1.064188260668773311e-02
-1.045331091872783030e-02
-1.102961141465017177e-02
-1.050165426831509846e-02
-1.035559340886446460e-02
-1.026561688356977635e-02
-1.066581444115313748e-02
-1.072255778542895513e-02
-1.027823927783432650e-02
-1.029148986816946602e-02
-1.021657194406008426e-02
-1.010193574237112056e-02
-1.024632447929031166e-02
-1.003841936596764489e-02
-1.021855000582132245e-02
-1.003219018146314818e-02
-1.038729382996327749e-02
-1.038842355773356846e-02
-1.025424880186009101e-02
-1.000962913084311491e-02
-9.914123224875000945e-03
-1.011473060596364444e-02
-9.886625638287170961e-03
-9.813175286528145330e-03
-1.053501018651817681e-02
-1.006193828764355945e-02
-1.126559997497019600e-02
-1.041281393867395273e-02
-1.113433730075660648e-02
-1.061283452207537233e-02
-1.109649521093165545e-02
-1.036453774721088870e-02
-1.638746397741648408e+01
-1.112507767393039054e-01
-5.466180788275458446e-02
-3.911423280017826964e-02
-3.048546397339595843e-02
-2.569750937113553582e-02
-2.458303239530788484e-02
-2.101804903489830345e-02
-1.936394552605743766e-02
-1.827531597227184321e-02
-1.703925808118660415e-02
-1.646316631173171813e-02
-1.633285872411118986e-02
-1.516194220580103363e-02
-1.458617548282280761e-02
-1.533668422718593299e-02
-1.464650896593166531e-02
-1.482480569654902672e-02
-1.377459546744297728e-02
-1.341767700426963264e-02
-1.324064252238928673e-02
-1.282838640684224978e-02
-1.355181218245008444e-02
-1.325350811413960987e-02
-1.250527881045774073e-02
-1.238957128895817189e-02
-1.205231968311844433e-02
-1.185097391057145927e-02
-1.176474588860460663e-02
-1.158832174581368203e-02
-1.153086609065200920e-02
-1.137060063424585529e-02
-1.160899223158166557e-02
-1.169396496829758214e-02
-1.214989987427329485e-02
-1.254468736499013415e-02
-1.764617055026226899e-02
-1.298895986361377902e-02
-1.210207138984108893e-02
-1.293042804926053911e-02
-1.195868035303906778e-02
-1.151630566650652977e-02
-1.251533303537182527e-02
-1.219273527208514750e-02
-1.210538914701609486e-02
-1.145501026376621184e-02
-1.116144984089963849e-02
-1.105012210928242762e-02
-1.091971773285645153e-02
-1.107956370782866261e-02
-1.126276621517815352e-02
-1.148190239082769008e-02
-1.197295985607510667e-02
-1.101769844177687314e-02
-1.095472805193724308e-02
-1.083193837975045259e-02
-1.060159524245489308e-02
-1.251880990016355708e-02
-1.115882461945255123e-02
-1.159117687646221521e-02
-1.075769871093022918e-02
-1.053364358692975011e-02
-1.039188585576896959e-02
-1.088323929705717168e-02
-1.043836150134928170e-02
-1.027545160149320735e-02
-1.027791040566829704e-02
-1.041441844731468350e-02
-1.136592932644116087e-02
-1.069379762864636901e-02
-1.082937720902087987e-02
-1.037160707302807981e-02
-1.032701277782026306e-02
-1.206358086145542345e-02
-2.172339872390427473e-02
-2.321635524910357559e-02
-2.333262437393018168e-02
-1.806109108835015839e-02
-1.686123138545691028e-02
-1.573174082222474415e-02
-1.497400947190869087e-02
-1.562405013821714130e-02
-1.647824361485285619e-02
-1.488227657444903679e-02
-1.502994225276802973e-02
-1.322978763569698790e-02
-1.441169194477786783e-02
-1.266123345121833617e-02
-1.217658427176049676e-02
-1.406113810348608856e-02
-1.395695109979231199e-02
-1.320596677393669378e-02
-1.262890313887768748e-02
-1.189206010600033121e-02
-1.188558564573759767e-02
-1.147332179878790201e-02
-1.140100430693256374e-02
-1.107028239495944436e-02
-1.151057411222262961e-02
-1.089115988747183135e-02
-1.071131925814254246e-02
-1.058070100686552516e-02
-1.054456976756596234e-02
-1.472541925675760650e-02
-1.211699761559575060e-02
-1.247030395090364431e-02
-1.172132639774618040e-02
-1.140233439211804124e-02
-1.095870984964423568e-02
-1.421064613590557711e-02
-1.193539340756581343e-02
-1.162884375181507009e-02
-1.096680249263801490e-02
-1.238528198765108911e-02
-1.184736426973277863e-02
-1.112383077735471827e-02
-1.076800212410747651e-02
-1.067303475033762501e-02
-1.151249663183586194e-02
-1.082593757881221246e-02
-1.050373089653742695e-02
-1.032375584718000366e-02
-1.051550714161332382e-02
-1.203242435799711796e-02
-1.111798542360894516e-02
-1.062048544961945867e-02
-1.037549511051409808e-02
-1.021427493787911006e-02
-1.057450890289952927e-02
-1.306347286826919918e-02
-1.060554314667905632e-02
-1.058967779319230397e-02
-1.021586788330323091e-02
-1.023049642606330654e-02
-1.455613070048342519e-02
-1.325501986191636103e-02
-1.193857438713342642e-02
-1.116035223964849735e-02
-1.093230222524570541e-02
-1.050778094062402440e-02
-1.072306156400854894e-02
-1.021929561136434780e-02
-1.005134603448214897e-02
-1.128518773618891573e-02
-1.243557330774920297e-02
-1.104270841348620885e-02
-1.072719966373595138e-02
-1.031835891589063733e-02
-1.064378676979771746e-02
-1.026361156138952055e-02
-1.399678587829127248e-02
-1.131306905020322551e-02
-1.422055840692286292e-02
-1.196859215351854175e-02
-1.116247068136384628e-02
-1.107513694060164103e-02
-1.057256741706074851e-02
-1.254336964074329153e+01
-1.275355936975857696e-01
-4.509023111340818707e-02
-2.873145759861481241e-02
-2.320125576845689236e-02
-1.947650694434574156e-02
-1.741720683778828771e-02
-1.596763759870215016e-02
-1.519115397808585774e-02
-1.426943449118508490e-02
-1.362318100911883226e-02
-1.333886338942905439e-02
-1.314865387338215626e-02
-1.279915847349285055e-02
-1.229308081393535625e-02
-1.197350718227151514e-02
-1.188649410818325841e-02
-1.156801400351542553e-02
-1.574672411571789721e-02
-1.347805885116571366e-02
-1.319636267201838853e-02
-1.231713128658652387e-02
-1.185683880617594520e-02
-1.154034941216650241e-02
-1.169235159270687330e-02
-1.149847251945723854e-02
-1.139374084242025277e-02
-1.111846237335494328e-02
-1.127893540501328541e-02
-1.078905399926145640e-02
-1.153303564062894797e-02
-1.111799097233868126e-02
-1.087527485232650526e-02
-1.063041214700852048e-02
-1.047464968547915341e-02
-1.159620184593991750e-02
-1.088108401181182676e-02
-1.052590233374852378e-02
-1.032224231770986246e-02
-1.021027121445259450e-02
-1.023047825395974157e-02
-1.008947044572741647e-02
-1.091001785811263058e-02
-1.036523332274376374e-02
-1.015875009269110417e-02
-1.003469442636925439e-02
-1.010491334092706271e-02
-9.940541275318407616e-03
-9.853624453279179879e-03
-1.031649245716930764e-02
-9.996733450302445340e-03
-9.858452307369432177e-03
-9.770143114460958303e-03
-9.703989198631884916e-03
-9.933101523334503941e-03
-9.667687924749077122e-03
-9.863892657783295687e-03
-9.685443588575391727e-03
-9.778404929642532314e-03
-1.181731702174647174e-02
-1.040866621560332904e-02
-1.002154092439825825e-02
-1.079984330735430341e-02
-1.014476934392904983e-02
-9.896335405201175592e-03
-1.068600799568952646e-02
-1.000643329531560911e-02
-9.959113000988359041e-03
-9.734001537130020087e-03
-9.622425505810154600e-03
-9.544779361628284373e-03
-1.506371438572139988e-02
-1.112122616062624636e-02
-1.037450391219212065e-02
-1.003774650730886869e-02
-9.840447595871857495e-03
-9.855476976122143351e-03
-9.683119310522616749e-03
-9.580623215411922591e-03
-9.588795931971146741e-03
-9.486602125680297995e-03
-9.421325337252962895e-03
-9.833151486081239540e-03
-9.529093038621948286e-03
-9.404791778800958638e-03
-9.335411204574055669e-03
-9.286840459293569522e-03
-9.246539675120931182e-03
-9.466258733137134299e-03
-9.274311522285999532e-03
-9.307951439241764560e-03
-9.478345365987834656e-03
-9.715051325630530074e-03
-9.676416873947655747e-03
-9.378436162810017615e-03
-9.264739711950006895e-03
-1.131397789708916100e-02
-9.793083678328106528e-03
-9.633121374217007774e-03
-1.076545277379100871e-02
-9.826825736031311390e-03
-9.547416311947916692e-03
-9.536987503306271902e-03
-1.020215810622658419e-02
-9.569124514743522145e-03
-9.379673101105628907e-03
-9.275602678420025865e-03
-9.690583697060122306e-03
-9.218228162314221277e-03
-9.290574152574200897e-03
-9.320637050780591210e-03
-9.172528505591814180e-03
-1.036944510679238714e-02
-9.442738427903546797e-03
-1.039328140255246086e-02
-1.101012966370238863e-02
-1.029370618485487762e-02
-9.808061877247089069e-03
-9.573712793021549317e-03
-1.157405026408045087e-02
-1.034351791698734542e-02
-1.034280363380902547e-02
-9.824454785877005658e-03
-9.966822121156609232e-03
-1.005597890506857058e-02
-9.637858100320324112e-03
-9.986150099977299938e-03
-9.585535431038218201e-03
-9.893385200846638999e-03
-9.653666462753587169e-03
-9.423091728194384759e-03
-9.584187608795402200e-03
-9.342650309053773111e-03
-9.204506337434659527e-03
-9.133948555049268073e-03
-9.246536922515426540e-03
-9.195337786380368417e-03
-9.216441669781409718e-03
-9.833942524363398219e-03
-9.290847130890105693e-03
-9.317249215634862067e-03
-9.138668445931188641e-03
-9.058941992462252180e-03
-9.005582165185460619e-03
-8.963937689339340764e-03
-8.928561494619808442e-03
-8.900338155231401344e-03
-8.873401131630553190e-03
-8.851276851814091420e-03
-8.829389360383041105e-03
-8.810667420249855206e-03
-8.792212648801140187e-03
-8.775924919673125033e-03
-8.954975923804110033e-03
-9.267883949014600609e-03
-8.889842885665862060e-03
-9.500585325617623769e-03
-8.973405311652436767e-03
-8.862412155073230366e-03
-8.805651107727444429e-03
-8.768410354746158583e-03
-9.455828547270611964e-03
-8.935537868285253066e-03
-8.823555416491329559e-03
-9.249484719832343563e-03
-8.987391285264741472e-03
-8.882087327879664707e-03
-9.239955743639194710e-03
-8.833026988844413369e-03
-8.773639609013087967e-03
-1.332620859920917965e-02
-1.121760114275799532e-02
-1.050468277223627102e-02
-1.041971531633995376e-02
-1.005134849513710134e-02
-1.070159172338383015e-02
-1.192040476082031897e-02
-1.025247550165225667e-02
-9.772384679483929470e-03
-1.112060371019796615e-02
-1.007441410072181659e-02
-1.312902759345225927e-02
-1.117921425537941015e-02
-1.113386908091106714e-02
-1.020413396919874448e-02
-9.880835684743750555e-03
-1.063059230252598117e-02
-1.010566381307556258e-02
-9.687592522349562987e-03
-9.608716709864349378e-03
-9.427135273968205442e-03
-9.310683781178583779e-03
-9.223969945800625583e-03
-9.161876493590655549e-03
-9.465273597369426237e-03
-9.169702686542303971e-03
-9.230618291586044702e-03
-9.955144488797527599e-03
-9.915599113201450585e-03
-9.873756168785757098e-03
-9.569730704262483650e-03
-9.430159652288655839e-03
-1.095482691933319548e-02
-1.005936676974669361e-02
-9.707371524476992447e-03
-9.376562873521931615e-03
-9.229117520174088055e-03
-9.703798024250382542e-03
-1.030238363129139419e-02
-9.500621083903494288e-03
-9.268405309071185705e-03
-9.142159939028228835e-03
-9.055947410960760169e-03
-8.990653701137394163e-03
-9.332904217147899861e-03
-9.077226974782656374e-03
-1.013359174960347907e-02
-9.195974105258951717e-03
-9.027593667283102460e-03
-9.088408943989590566e-03
-9.108503565380555306e-03
-8.954343984745804022e-03
-9.063936938093855936e-03
-8.820709885870687064e-03
-1.096778438249087183e-02
-9.926986236371690073e-03
-9.601552218062650579e-03
-9.302945452530648335e-03
-9.333268612269778747e-03
-9.111649542150518366e-03
-1.501993130283014663e-02
-1.155665651175620361e-02
-1.198315807372539975e-02
-1.057217909272803978e-02
-1.083463821653513764e-02
-9.990842943538110268e-03
-1.006581465445582392e-02
-9.654230469099028475e-03
-9.716015695621943449e-03
-9.327394010190072013e-03
-9.561865117225133368e-03
-9.182403072351867993e-03
-9.675850067165068374e-03
-1.062307969963739197e-02
-1.181178602217734103e-02
-1.026846401132942496e-02
-9.734403171499416210e-03
-9.665532399685304935e-03
-9.361604542153548550e-03
-9.298020579215237127e-03
-9.505326014729748377e-03
-9.210637692924725228e-03
-9.092136731797864288e-03
-9.275368474192847296e-03
-9.058165467599443507e-03
-8.970153193495700172e-03
-8.910542884831007537e-03
-8.864629291141106621e-03
-9.047538265969613455e-03
-8.848593370121985227e-03
-9.362067929456461407e-03
-9.237207784329603752e-03
-9.085777656840980654e-03
-9.060113906331282441e-03
-9.648801693619125930e-03
-1.040384460946009761e-02
-9.131669923507092224e-03
-8.951664009333738445e-03
-8.859170444558649854e-03
-9.088423307468337237e-03
-9.146030661506784551e-03
-9.203189690888631536e-03
-8.987602048924413917e-03
-9.307793884437389614e-03
-9.199158162160223431e-03
-1.085008402403553861e-02
-9.495565194266170073e-03
-9.456112884816823133e-03
-9.246186275465282517e-03
-1.091669424363482521e-02
-1.019812615140152853e-02
-1.069425406506682372e-02
-1.003381546979039557e-02
-9.438088713165499605e-03
-9.227951233593472552e-03
-9.102615656407292768e-03
-9.007220247869096585e-03
-8.950202458916521955e-03
-8.897983323501720138e-03
-8.855465757493907741e-03
-1.063887353918465360e-02
-9.439738245233883149e-03
-9.151387314420618424e-03
-9.012228582845680305e-03
-8.925623687319200403e-03
-9.167641577575420461e-03
-1.110618671399118615e-02
-1.042996665420536408e-02
-9.865804872823725341e-03
-9.441991098429070722e-03
-9.247483305019142674e-03
-9.122478124640223326e-03
-9.248428177858253676e-03
-9.016845366645985169e-03
-9.224877851482913074e-03
-9.022366284840517905e-03
-8.932406722212838518e-03
-8.873317647376142633e-03
-8.828164053039344941e-03
-9.485206278922395096e-03
-9.104633284743039040e-03
-8.906493380703057322e-03
-9.463244524752556508e-03
-1.080373734509217087e-02
-9.988298710816020248e-03
-9.400835876687716960e-03
-9.164495375724873022e-03
-9.232428218157442620e-03
-9.104486296418324090e-03
-8.965301169680549298e-03
-8.952688671175088042e-03
-8.862362155684980897e-03
-9.483178350077104551e-03
-8.885354316208548750e-03
-8.783580520717511678e-03
-8.971995173397737111e-03
-9.881936286754480422e-03
-1.002995532897084027e-02
-9.361743394695488593e-03
-9.050401017732650003e-03
-1.061966474351601179e-02
-2.189488596145168844e-02
-1.322835396270478914e-02
-1.279946437929441704e-02
-1.396253787145103169e-02
-1.285784346254253627e-02
-1.765387774034360424e-02
-1.571290746360318527e-02
-1.312027299283044686e-02
-1.194703479161095608e-02
-1.326841534204488589e-02
-1.365343629320070473e-02
-1.168458393970779260e-02
-1.099002513239657683e-02
-1.353232261059700119e-02
-1.332944378517468727e-02
-1.166749341348186086e-02
-1.136045031536782324e-02
-1.099810760295340945e-02
-1.054764493533751589e-02
-1.021898574841544755e-02
-9.995399077846392824e-03
-1.054968727895354459e-02
-1.027060042349994817e-02
-1.049871030597905944e-02
-9.839539269263442717e-03
-9.736870043162324309e-03
-1.007453138987707449e-02
-9.815948481621089919e-03
-9.540566367170029080e-03
-9.399873105469060131e-03
-9.407701983722625144e-03
-1.091603403416715329e-02
-9.793263710431727304e-03
-9.611534482154281481e-03
-9.392534139970763404e-03
-9.264019738284366007e-03
-9.172115594966152516e-03
-9.101346016998520388e-03
-9.041577668418579461e-03
-8.992594428246120444e-03
-9.406003437787547120e-03
-9.083620520433788662e-03
-9.240391254592153492e-03
-9.041048541227563948e-03
-8.949428232476658307e-03
-8.890541147988019477e-03
-9.176764090149619121e-03
-8.971715320921124642e-03
-8.883204830519252776e-03
-8.825849363598722505e-03
-9.447435431522550886e-03
-9.261768307219843399e-03
-9.254132952134936849e-03
-1.018536664555468908e-02
-3.597509753258448795e-02
-1.432559971631055043e-02
-1.175387565130528618e-02
-1.090548445140259934e-02
-1.252981717125972554e-02
-1.089855981202006788e-02
-1.042652409115429023e-02
-1.106289197130217936e-02
-1.508377683569993299e-02
-1.259228183519983148e-02
-1.137652092215306679e-02
-1.089920336747011304e-02
-1.035092951205787010e-02
-1.002768688772452503e-02
-9.967292922198021932e-03
-9.784767209908997940e-03
-9.753885427047392573e-03
-9.500758021518689381e-03
-9.344578711251404213e-03
-9.229422515128241425e-03
-9.136888390543671315e-03
-9.058113517963536226e-03
-8.990293365389524088e-03
-8.930018807048099860e-03
-8.877237910849275840e-03
-1.015501848000181437e-02
-9.399536844487249229e-03
-9.312321184882134048e-03
-9.074579557764299309e-03
-8.949043257052074346e-03
-8.863024543567571759e-03
-9.003825995376718572e-03
-1.006135227222370622e-02
-9.258181774786310506e-03
-1.103656187263011602e-02
-1.091706362594816078e-02
-1.032622082805277272e-02
-9.781189051743804583e-03
-9.625822364739284806e-03
-9.275585016234499242e-03
-9.093381613792516152e-03
-9.120974941516785117e-03
-8.947873420274017262e-03
-8.930419117700209158e-03
-9.102990010988061195e-03
-9.115906758710086086e-03
-8.880958549847715530e-03
-8.775870473524419180e-03
-8.705289432615479633e-03
-8.828704002061866021e-03
-9.213196853090807950e-03
-8.850353220180155397e-03
-9.448414826395119467e-03
-8.950788972287166897e-03
-8.781553552059256917e-03
-8.885305810417746392e-03
-8.808234064233972163e-03
-8.774884439721696711e-03
-8.652449455755578667e-03
-8.860803650514330332e-03
-8.601829841746445188e-03
-8.534202891228317989e-03
-8.975351498538855499e-03
-8.670869355837839548e-03
-8.545530037776553553e-03
-9.066498121307156252e-03
-8.936386148175660266e-03
-8.578431207819915000e-03
-8.863769504027046303e-03
-8.560460728794979865e-03
-8.475763555110484362e-03
-8.425519230167601362e-03
-8.389698063469988934e-03
-8.461899533892027966e-03
-8.496294508139301191e-03
-8.400013428764214682e-03
-8.354724612345140744e-03
-8.324047646896415992e-03
-8.300208020858347926e-03
-9.527928598520961703e-03
-8.574787760527821656e-03
-8.419699587882571723e-03
-8.678437122074984453e-03
-8.458576955231980957e-03
-8.373726374979750114e-03
-8.323845628981000819e-03
-8.793273396518362303e-03
-8.886927609834446157e-03
-9.689613033750375456e-03
-8.851731841945523552e-03
-8.694203121731611944e-03
-9.776151977895717812e-03
-8.750927916912676352e-03
-8.564114682287826338e-03
-8.465529364102620732e-03
-8.400179391641931365e-03
-8.352786021673821656e-03
-8.315781777126622989e-03
-8.684343704695255892e-03
-8.420612561603899732e-03
-8.339471003318608619e-03
-1.672497423163779237e-02
-1.012832856901208119e-02
-9.539036503465160924e-03
-9.046074380046122479e-03
-9.279216408202398819e-03
-9.609374753153923296e-03
-9.624593658153343320e-03
-8.879640442327748490e-03
-8.925207428579858340e-03
-8.666554248054495271e-03
-8.548545486889030237e-03
-8.472906378283370440e-03
-8.416922151694697027e-03
-1.445240779560079680e+01
-2.315223644809929690e-02
-1.512214934075080570e-02
-1.253576232382300724e-02
-1.133404479654152863e-02
-1.132367550842161910e-02
-1.042049440947239759e-02
-1.045827784908733363e-02
-9.982112287567018391e-03
-9.621380467976328385e-03
-9.462991454007042488e-03
-9.354545373939152780e-03
-1.158709572701591486e-02
-9.784990641865049313e-03
-9.324728896019192012e-03
-9.123319381932814762e-03
-8.992077658700912621e-03
-8.894071191616477814e-03
-8.816396925791692221e-03
-8.751390158426467641e-03
-8.695792924688893963e-03
-8.646420645250495543e-03
-9.295409355807339458e-03
-8.804098282142481038e-03
-8.672200861452778603e-03
-8.598037075866472173e-03
-8.546269817656965140e-03
-8.504434452290661473e-03
-2.959705562533497883e-02
-1.202441572383063789e-02
-1.075368267703211492e-02
-9.787279737502822125e-03
-9.528640352367197600e-03
-9.509555575628533819e-03
-9.091379995891938487e-03
-8.935439062401257654e-03
-8.826166620168192714e-03
-8.742032476751334866e-03
-8.936618040586432124e-03
-1.009374132413665484e-02
-1.545363337071166583e-02
-1.046145960438981878e-02
-2.722971543252767843e-02
-1.245866135076981358e-02
-1.125230667440687768e-02
-1.022365221380268710e-02
-9.774168836065003432e-03
-9.488046561503780951e-03
-9.286997138694375389e-03
-9.461300114042838286e-03
-9.105903650524563298e-03
-9.541616147152652203e-03
-1.072595126415179859e-02
-1.001822111415859827e-02
-1.058363372463613263e-02
-9.600497608525366752e-03
-1.668668006935134299e-02
-1.289710088757648268e-02
-1.179964556762156704e-02
-1.080386793262315577e-02
-1.027324566614069325e-02
-1.379966342358205367e+01
-1.887955812976238254e-02
-1.417398838429303337e-02
-1.265614066912355493e-02
-1.290918082858498114e-02
-1.165941032505425634e-02
-1.191828034234654679e-02
-1.183962082196172994e-02
-1.061467506873890049e-02
-1.045491198932855387e-02
-1.007606846574212248e-02
-1.031815722824643879e-02
-1.090325604153541926e-02
-9.857319679885475847e-03
-9.681283444961117160e-03
-9.474020453611092796e-03
-9.340278187399091506e-03
-9.236192767133322851e-03
-9.149674043014839955e-03
-9.075520320035022903e-03
-9.010594783575362823e-03
-9.271834786272867626e-03
-9.131697966440857281e-03
-9.099910735202743420e-03
-9.110263980248733268e-03
-9.137607814249342278e-03
-9.524061162734076547e-03
-9.234898095361956244e-03
-9.069548378243126249e-03
-8.959330251964879241e-03
-9.002462275073837977e-03
-8.877793883068803987e-03
-8.888559767103253184e-03
-8.783393888648910117e-03
-9.037186050721490380e-03
-9.224607467993152163e-03
-8.870869649587101100e-03
-8.672611197752361570e-03
-8.744090393208401105e-03
-8.801126827421269783e-03
-9.040314678772498960e-03
-8.745561318667641540e-03
-9.050587717179181188e-03
-8.715153859027898950e-03
-8.616047107028249052e-03
-8.556550354215049226e-03
-8.751104592174489133e-03
-8.730659214504637999e-03
-1.276731383176921315e-02
-1.329520438646632392e-02
-1.216183877720932068e-02
-1.107766839593243846e-02
-1.018291123458395751e-02
-1.053851991034441410e-02
-1.003796875413897303e-02
-9.495025442478481625e-03
-9.273696563754582622e-03
-9.758515860559048224e-03
-9.239356682256125511e-03
-9.054821604692356307e-03
-1.073002031041213160e-02
-9.256237871517565205e-03
-9.013445117905151058e-03
-8.883172645779806309e-03
-8.793420296084260984e-03
-8.724742854130091915e-03
-8.667494032120904440e-03
-8.620646880781922261e-03
-8.714747726324365354e-03
-8.582197836706989894e-03
-9.463267831077403977e-03
-8.700888445884956066e-03
-8.763388160781229036e-03
-8.594302932820974822e-03
-8.520721403531005683e-03
-8.470893823718978616e-03
-8.563257500549167553e-03
-8.472180972522959028e-03
-8.423106129309802098e-03
-9.394233359010590451e-03
-8.846516950960579828e-03
-8.650462824202767922e-03
-8.808050432284310338e-03
-9.821741030264367553e-03
-8.996292769710778972e-03
-8.745063440088218440e-03
-9.324443576909450734e-03
-8.817245781663660478e-03
-8.645676537489384306e-03
-9.790487424343486192e-03
-8.984168821588549639e-03
-8.738970387788017394e-03
-8.859054885350639910e-03
-8.658678642452082366e-03
-8.797345114543756242e-03
-8.578965268137976261e-03
-8.489064946699423006e-03
-8.485030290276432408e-03
-8.708404569259732553e-03
-8.473883040364950728e-03
-8.397450425440752819e-03
-8.349937297970068742e-03
-8.314145172533057501e-03
-8.285808257272842328e-03
-8.341592337498584739e-03
-8.276443259812056932e-03
-8.410202809169356822e-03
-8.298849694947431702e-03
-8.251299459386999061e-03
-8.410896546134999374e-03
-8.410947675396704057e-03
-8.286601175688209850e-03
-8.300094586990307971e-03
-8.235774299649624083e-03
-8.200161802569510064e-03
-8.389189902645801875e-03
-8.279056552152046222e-03
-8.886925710142450432e-03
-1.227952016677239834e-02
-9.655449276979427217e-03
-9.230549684277156858e-03
-8.820919791932387705e-03
-8.633753874017052396e-03
-8.514715655699212765e-03
-8.431791254490264911e-03
-8.366313098126510611e-03
-1.198411729979046925e+01
-2.450198926355290699e-02
-1.457553562651415537e-02
-1.201069099430852709e-02
-1.089110647317374433e-02
-1.020184359704547072e-02
-9.976330806031991419e-03
-9.812184067466766385e-03
-9.660836854260966555e-03
-9.229874666501700076e-03
-9.052663081563850148e-03
-9.079059132632551210e-03
-8.882949117192234442e-03
-8.776417894733759203e-03
-3.630910324775902609e+01
-1.160996281326205359e-01
-5.761382179288342814e-02
-2.138737288869493880e-02
-1.818082155506724543e-02
-1.531610389895349256e-02
-1.299014029974061325e-02
-1.255723997516479916e-02
-1.222963799775900369e-02
-1.193886204058396301e-02
-1.186232194717954692e-02
-1.218701904644392368e-02
-1.171322914466439366e-02
-1.115730847652825208e-02
-1.120845818263412064e-02
-1.123723011472461605e-02
-1.088977569851565068e-02
-1.068424874255866422e-02
-1.052715005906182215e-02
-1.174399083352931777e-02
-1.068191288380644123e-02
-1.040669855031846856e-02
-1.024014349862915722e-02
-1.025550657907283759e-02
-1.007831720731165205e-02
-9.961256500953636142e-03
-1.050952284862958531e-02
-1.001145255121449473e-02
-1.000734063280586846e-02
-1.004195030506386220e-02
-9.927801987184445287e-03
-9.853608987734140817e-03
-9.660181871752200264e-03
-9.811631345578877492e-03
-9.740450856433057608e-03
-9.549737911011643710e-03
-9.445106296894963463e-03
-9.368018858746419986e-03
-9.493574173605833985e-03
-9.663974979187079165e-03
-9.317612976729549093e-03
-9.166741155292720475e-03
-9.114986914857858141e-03
-1.068086821750746998e-02
-9.668944308477046487e-03
-9.541217399289174048e-03
-9.325835441887645599e-03
-9.203137838279362715e-03
-1.007250912922949201e-02
-9.364125064451465918e-03
-9.263720096826223716e-03
-9.929171571322271267e-03
-1.077654424524619042e-02
-9.522907828247006295e-03
-9.248652120557216555e-03
-9.170182111938646533e-03
-1.098911822517678778e-02
-9.679740566323256565e-03
-1.006109668851053011e-02
-9.371591627054361856e-03
-9.155671922405690666e-03
-9.030735599119474322e-03
-8.942553311476315880e-03
-9.273897317218442182e-03
-9.866221980205302014e-03
-9.215891675437022645e-03
-9.613571203993588957e-03
-1.006608813171703566e-02
-9.874226823052298027e-03
-9.150232182500361508e-03
-8.966890707456565482e-03
-8.952260612264026016e-03
-1.160230241246635978e-02
-9.930881182870034130e-03
-9.275693960165171115e-03
-9.044589564527995978e-03
-9.299638709349434054e-03
-9.233058989951713202e-03
-9.081477969399856520e-03
-9.132540898898410323e-03
-8.959946019399263328e-03
-9.913047370969247860e-03
-9.423105767268067853e-03
-9.068921002287204033e-03
-8.898566711795414391e-03
-8.789911535325744749e-03
-8.712365510166866778e-03
-8.916521135140756393e-03
-8.745217171842203235e-03
-8.853455973617901237e-03
-8.683439345682962551e-03
-8.601700842035034031e-03
-8.749177374635359536e-03
-8.603599768650082788e-03
-9.435807118029304261e-03
-8.970525155952376040e-03
-8.982303192059790456e-03
-8.684623337753371100e-03
-9.668097498510885845e-03
-8.793191322043212091e-03
-8.617667231774952391e-03
-8.681711876604351549e-03
-8.526328762477200854e-03
-8.685725231710957756e-03
-9.195935738288314731e-03
-8.860058738944532816e-03
-8.772560168115707546e-03
-8.557738005249587721e-03
-9.061631757244583557e-03
-8.525442152115330144e-03
-9.136192462011964721e-03
-1.006807927819462420e-02
-9.123595095800317301e-03
-8.901084774940058383e-03
-8.999526403130861038e-03
-8.686578426362893263e-03
-8.560455980807237311e-03
-9.529674779470477877e-03
-8.806636208708855384e-03
-8.951749246816482347e-03
-8.572418813344317295e-03
-8.469923402617056743e-03
-8.405192742849327756e-03
-8.357023208898309991e-03
-8.432590317527355328e-03
-8.329953084116371170e-03
-8.918414320046889540e-03
-8.597341587335393526e-03
-9.291686934686207294e-03
-8.764955596559757811e-03
-8.560319082248158198e-03
-8.446656944004777429e-03
-8.371527270287504319e-03
-8.501715341140693785e-03
-8.370345241017030508e-03
-8.302996250101437811e-03
-9.499234549583237056e-03
-8.679493508957332806e-03
-8.466750185851891486e-03
-8.359663378754923074e-03
-8.827715814915719841e-03
-8.607737740090767170e-03
-8.401620796965072330e-03
-8.507175916981810429e-03
-8.405512013402866023e-03
-8.288075001409144285e-03
-8.492418324374514937e-03
-8.328935879058899441e-03
-1.000865649186930342e-02
-9.020604959254920063e-03
-8.968039706127110475e-03
-8.749518250473950140e-03
-8.510269915832077703e-03
-8.737141258443447550e-03
-8.449555513177157973e-03
-8.334584958449721415e-03
-8.262960609275090199e-03
-8.211581182517193114e-03
-8.516682850349545364e-03
-8.283383610597312360e-03
-8.464066503918942289e-03
-8.257806041575140379e-03
-8.180392309046347413e-03
-8.313312826723392654e-03
-8.153086563860927061e-03
-8.101833220749104017e-03
-1.053365346706198503e-02
-9.026948793516781713e-03
-8.510660449528785476e-03
-1.040096300737476144e-02
-9.167455240018072826e-03
-8.758708900789190233e-03
-9.166651474765795740e-03
-8.592884462965837827e-03
-8.425078484063562578e-03
-8.324756536639688412e-03
-8.502316448427598219e-03
-8.307318975764314134e-03
-8.223939587642316307e-03
-8.168543899112626697e-03
-8.126775477839888462e-03
-8.760672622666934237e-03
-9.026329632181312110e-03
-8.596292446043457547e-03
-8.385390338218841333e-03
-8.271455689067418182e-03
-8.197490747055943133e-03
-8.143044230866652508e-03
-8.400394246316824839e-03
-9.667011395434098320e-03
-8.898386131425843615e-03
-8.514271547656292183e-03
-8.345971268652260799e-03
-8.244492932363886584e-03
-8.175581808239122672e-03
-8.122791104570701790e-03
-8.167447274162973128e-03
-9.330211516546595141e-03
-8.532375279996437523e-03
-1.239482921561674189e+01
-1.832678806390334106e-02
-1.317931432158828131e-02
-1.139319153615243885e-02
-1.048459397492023520e-02
-9.932094262924075559e-03
-1.030768616255585933e-02
-9.470447617374323432e-03
-9.589565446287725073e-03
-9.107070912806932567e-03
-9.069461399142636493e-03
-8.852048284844567586e-03
-9.364179081885025055e-03
-9.037727964000472070e-03
-8.719376035729847069e-03
-1.002496769902755727e-02
-9.229608299874441507e-03
-9.517959374933876796e-03
-9.003298482270978217e-03
-8.777868602261755526e-03
-8.797270857938844363e-03
-8.596938141179857884e-03
-8.493495192840162453e-03
-8.416813107882491554e-03
-8.357482696140450251e-03
-1.065582996589257113e-02
-8.947803807530211803e-03
-9.166311146419126726e-03
-8.654074524599913304e-03
-8.480911680517774776e-03
-8.881189266974277158e-03
-8.447847761491086849e-03
-8.330839827114765173e-03
-8.260163806331412284e-03
-8.645199711002839182e-03
-8.434677115649292026e-03
-8.436782264842549242e-03
-8.241375064303137904e-03
-8.171293767493210958e-03
-8.123714106715636957e-03
-8.087981647117173378e-03
-8.057540602520812945e-03
-8.031608266500376431e-03
-8.008716841816148832e-03
-7.988115463613191733e-03
-7.969368531060594049e-03
-7.952563904023719765e-03
-9.203344917144648876e-03
-8.479509098092396710e-03
-8.547275006456458643e-03
-8.522705272704086954e-03
-8.248205222519391575e-03
-8.131333092945353808e-03
-9.379955964362978946e-03
-9.336577239606626624e-03
-8.879996734847473913e-03
-1.128976383558051924e-02
-8.760549467766221010e-03
-8.433346368247898739e-03
-8.534759168254697770e-03
-8.470008471151275337e-03
-8.253324628794087361e-03
-8.152759815098714960e-03
-8.255053908110081967e-03
-8.121375675589735318e-03
-8.054379098324042016e-03
-8.150274929541449775e-03
-8.023676524863264381e-03
-7.974167399858964403e-03
-7.940100612559713306e-03
-7.914283023273948128e-03
-7.891953682033258158e-03
-8.091532565081724707e-03
-8.042457592417031481e-03
-9.029605411510649784e-03
-8.389987453013374868e-03
-8.191707519148810207e-03
-1.056440943861488083e-02
-8.459254300030241355e-03
-8.316524789884918376e-03
-8.134546292845049736e-03
-8.166092671063808484e-03
-8.290631357169649454e-03
-8.683850924540475330e-03
-8.255675989430047088e-03
-8.296835286716092508e-03
-8.083041354592266151e-03
-8.002960825277228435e-03
-8.580795941508463642e-03
-8.213036855278996878e-03
-1.468986135720215698e-02
-9.597484006683540750e-03
-8.848417222608949417e-03
-8.783343116441136994e-03
-8.411299541075953692e-03
-8.259723862602333377e-03
-8.160753882798306436e-03
-8.509267942733820742e-03
-9.072316525798427775e-03
-8.319765379064727323e-03
-8.162263210958482784e-03
-8.073229694450921590e-03
-8.011963828690593994e-03
-8.044159975169747415e-03
-8.177627820697310271e-03
-8.332935713892677260e-03
-8.107868601085366222e-03
-8.010124469111427198e-03
-1.486588981715975845e-02
-9.906584722708890525e-03
-9.915024362701189975e-03
-9.311028249272365609e-03
-8.267106689336344710e-03
-8.559983439665106580e-03
-8.169104160496194408e-03
-8.088473111898822343e-03
-8.033026973065595516e-03
-7.988753140069615108e-03
-7.951699100893310640e-03
-7.920095875070528452e-03
-7.892061031806304680e-03
-8.442908275094801809e-03
-8.011643714367532726e-03
-7.922837142146100728e-03
-8.039463222058462061e-03
-7.921094647398515057e-03
-7.867218341025746312e-03
-7.888977441977345489e-03
-7.836647339270995383e-03
-9.243075848496375493e-03
-1.177410212781734855e-02
-9.936909523182728757e-03
-8.847879012487932029e-03
-8.616813281029825355e-03
-8.362819649209112319e-03
-8.284787723816300353e-03
-9.480917681038234651e-03
-9.477783673478932386e-03
-8.796965173976600827e-03
-8.505515335571705790e-03
-8.329765984245337401e-03
-8.317135861229433061e-03
-8.312285324061001110e-03
-8.158729324305185118e-03
-8.073549409597568713e-03
-8.012286007096677820e-03
-8.079415555885509012e-03
-8.075698082823481658e-03
-7.976216363285311070e-03
-8.622279081225465644e-03
-8.577278973045632596e-03
-8.720026367957333518e-03
-8.733399662133151456e-03
-9.364821790062989593e-03
-8.559590484666357996e-03
-8.396725058726073332e-03
-8.121950968827737830e-03
-1.042119259475246529e-02
-8.962726369524803838e-03
-8.514326735502014340e-03
-1.437271000746329595e-02
-1.006136347871748084e-02
-9.171184235109229588e-03
-8.756014635986002909e-03
-8.594019223919455511e-03
-8.388383262123627615e-03
-8.554279230836819847e-03
-9.270341359434766323e-03
-8.439324934678754317e-03
-8.476885564976761531e-03
-8.181286956048168871e-03
-9.575660610682514701e-03
-8.734150513390590009e-03
-8.418834552298366802e-03
-8.243194049706803472e-03
-8.236224904532688657e-03
-8.642737056350657809e-03
-8.446530472835058270e-03
-9.032108849203785914e-03
-8.426381326057372223e-03
-8.352604303425143970e-03
-8.139118518954588377e-03
-8.030510578986557735e-03
-8.186067048757961206e-03
-8.060035218821946790e-03
-8.081521832119766685e-03
-7.919405081929318385e-03
-7.853035242840811225e-03
-7.807395272810616939e-03
-8.008250678112538087e-03
-7.855685274930388623e-03
-7.789513211614741868e-03
-7.746714523350716960e-03
-7.714175291511265846e-03
-7.797134295167122350e-03
-8.208050395365904667e-03
-7.907058189245171412e-03
-7.798966570705318999e-03
-7.737178248640770237e-03
-8.038848845477985713e-03
-7.824483330790674498e-03
-7.740915703457200599e-03
-7.691392384722646990e-03
-7.738939387090817100e-03
-7.666705043134183079e-03
-7.630142101539573105e-03
-7.604326909914860266e-03
-8.948362034132512424e-03
-8.673619734747489013e-03
-7.959789097669821983e-03
-8.564106824678854868e-03
-7.950628306917039909e-03
-7.799254476545383272e-03
-8.007845964130632516e-03
-7.947369721895058622e-03
-7.769723999268993153e-03
-7.694962015947170303e-03
-7.647537638976999175e-03
-7.829322469074731852e-03
-8.445456008381620541e-03
-8.004065872315287156e-03
-1.009517333684639001e-02
-9.161852709563366240e-03
-9.249164799704381532e-03
-8.471987905039477657e-03
-8.197144297168590041e-03
-8.038365370220684411e-03
-7.930922278494512145e-03
-7.939603799513868243e-03
-7.982109006258874748e-03
-7.819683566550487963e-03
-7.752346580674587644e-03
-7.705538239229526437e-03
-7.668592876232078331e-03
-1.156630296269668852e-02
-1.214148045337439669e-02
-1.002514707541558338e-02
-9.435821215245379298e-03
-8.860900813251387786e-03
-8.559403388621959416e-03
-8.358922685282439702e-03
-8.214794270257749428e-03
-8.105551906356391750e-03
-8.143971969458057084e-03
-7.996687979180971267e-03
-8.076787733421464388e-03
-7.942681274284974988e-03
-1.813639211051724587e+01
-4.483764261220407610e-02
-1.853413150534650999e-02
-1.440565356206351816e-02
-1.220030414851588745e-02
-1.133377339949488867e-02
-1.059540592897947886e-02
-9.993661963879622856e-03
-9.596975761130419752e-03
-1.005811907855771146e-02
-9.377112721095140144e-03
-9.081227733099035346e-03
-1.063261274508308339e-02
-9.336505355519740534e-03
-8.962533569060109756e-03
-8.749843089888163089e-03
-8.665381630824057699e-03
-8.516131419985622369e-03
-9.036125558276028591e-03
-9.023288965819834667e-03
-8.645250938009930303e-03
-8.669457773144992677e-03
-8.968998526033864632e-03
-8.587206129363813070e-03
-8.403927233201683930e-03
-8.346943848751509076e-03
-8.434299628797353732e-03
-8.633137317250081169e-03
-8.310451682699492373e-03
-8.179855957352346468e-03
-8.317924098471169564e-03
-8.092644848701709137e-03
-8.224686319765216191e-03
-2.027742446340662433e-02
-1.302408317206867581e-02
-1.026936414314454267e-02
-1.052088838795472645e-02
-9.534937784089890511e-03
-9.066967977414363417e-03
-1.026247577962198509e-02
-9.309358393763952216e-03
-9.101248932697272864e-03
-9.252558236689157126e-03
-8.701430736845783623e-03
-8.506157659176021360e-03
-9.050615699438513753e-03
-8.472487710671331579e-03
-8.308969876238357297e-03
-8.207028252116848124e-03
-8.204235634547684189e-03
-8.104939265449371058e-03
-8.040146338222966746e-03
-8.381493263028623464e-03
-8.019267561098195746e-03
-7.948378057618506187e-03
-8.023787006962048232e-03
-9.425060732611649159e-03
-8.288534449458515724e-03
-8.072875541616406428e-03
-7.967705046232943095e-03
-7.992134057085965859e-03
-8.031070967815672618e-03
-7.892614677575232954e-03
-7.830584019650326313e-03
-7.788031706547461977e-03
-9.080877061398637262e-03
-8.125652019648280100e-03
-7.933676751672768049e-03
-7.840669138641464392e-03
-7.782407543127826434e-03
-7.739160094399084172e-03
-7.705936982056863817e-03
-7.678276095846974826e-03
-7.653684688020599702e-03
-8.334277819745515570e-03
-7.832647373351611653e-03
-7.724857919183812302e-03
-8.042483865517886105e-03
-7.921720518115816026e-03
-7.908991616086120252e-03
-7.847608658720164193e-03
-7.810587354850031215e-03
-7.712435954254371825e-03
-7.659199517733086653e-03
-7.622462251744936516e-03
-8.269160827677785042e-03
-7.670481383332375218e-03
