1.193375360093503444e-02
1.158367602577080845e-02
1.257784990508945162e-02
1.283786192788665542e-02
1.167553224555110958e-02
1.149731203419833425e-02
1.118055951806678876e-02
1.098136583629633241e-02
1.247127531042071212e-02
1.165594832005524377e-02
1.122835125418572728e-02
1.094424903213043337e-02
1.076030869182965921e-02
1.062232049396779829e-02
1.207897240417171725e-02
1.095469299613084299e-02
1.069198873628995385e-02
1.048606929428583072e-02
1.035497007121136646e-02
1.133615821257364514e-02
1.066008934616581930e-02
2.702107966710181122e-02
1.807822115397241663e-02
1.559673938515862904e-02
1.393993619852166785e-02
1.299918458685683439e-02
1.238042969621163877e-02
1.193565659463720861e-02
1.312899189288256781e-02
1.278541836214936930e-02
1.188160857843498404e-02
1.182023004597801061e-02
1.164583861083548499e-02
1.137311546151491097e-02
1.100011574812708587e-02
1.093848800718104190e-02
1.070067440398896237e-02
1.067837867544758554e-02
1.050864051428078948e-02
1.039181793885948259e-02
1.045672987708451407e-02
1.028352822670935973e-02
1.018603301546762777e-02
1.011014553707710595e-02
1.056315801428820908e-02
1.019180123211642017e-02
1.005870179279354758e-02
9.972867620232800726e-03
9.906562937918309691e-03
1.037267427717961966e-02
1.012881027225149416e-02
9.958470754272282302e-03
9.861582262034892729e-03
9.792321620062010082e-03
9.736273685257576527e-03
1.012609664219915086e-02
9.822865683869121123e-03
1.019426132874449824e-02
1.028165116037313767e-02
9.923603357484361148e-03
9.775467949247586275e-03
1.063097562254155734e-02
9.963362004904547167e-03
1.018582444003431065e-02
9.942868832184134642e-03
9.827337834479095424e-03
1.002238285223109454e-02
9.717636401325594267e-03
9.610512169801771476e-03
9.539529651314703276e-03
9.487500287064598928e-03
9.442740460817023243e-03
1.038572640200210312e-02
1.019383258856960961e-02
1.004428220350696808e-02
1.085825949017499466e-02
1.052833489887771735e-02
9.787998059743039519e-03
9.676183693535294825e-03
9.538108787679973333e-03
1.008429014770063394e-02
9.657724287893555692e-03
9.509104652974123550e-03
1.234705622761902814e-02
1.061394084486082419e-02
1.033882067459073080e-02
9.838428893546836973e-03
9.838693497382913419e-03
9.604160555032645319e-03
9.488737308307621313e-03
9.410051621250664633e-03
9.649584277112622024e-03
9.347316489765231454e-03
9.259181608197138494e-03
9.201576134750297231e-03
9.711079021694941915e-03
9.258927685819968653e-03
9.408518741753324824e-03
9.507333549578793688e-03
9.227765626176949454e-03
9.500375933462378714e-03
9.216523094921985973e-03
9.128037943327589956e-03
9.267789934697009263e-03
9.118457761354540128e-03
1.003678798738074154e-02
9.446005933405072358e-03
9.814521028998405769e-03
9.846398988924285473e-03
9.499751807605974138e-03
9.299392784198676556e-03
1.002517710426832978e-02
9.552317872305158067e-03
9.375752074909367989e-03
9.207403913361521253e-03
9.484122696124740529e-03
1.391694530379190831e-02
1.021449302478807247e-02
1.041434330739503776e-02
9.701750775390576703e-03
9.450213344665678653e-03
9.432593454361124646e-03
9.323342955064400916e-03
9.194381426118461431e-03
9.242663672094279456e-03
9.106797668052901001e-03
9.040249061114079276e-03
8.991411631619598138e-03
9.047522391437275505e-03
8.966234909370903242e-03
9.039656645149744471e-03
8.931705456259058165e-03
9.267961963766210842e-03
9.030080871458269487e-03
8.924581594188213396e-03
9.051396434733651603e-03
1.668922860622457094e-02
1.313146193110941232e-02
1.220294544478423872e-02
1.104843530205885764e-02
1.085449840110945356e-02
1.029649385700435842e-02
1.000824567036909078e-02
9.805012628665624869e-03
1.057345996379391480e-02
9.851350916433691124e-03
1.026335642720863084e-02
9.795214576583586435e-03
1.053523389375738209e-02
1.099759657512059015e-02
1.029017400977346071e-02
1.408450143796264459e-02
1.531592071300890388e-02
1.164446584004051079e-02
1.330189236707634247e-02
1.239387713399887903e-02
1.089333210105319048e-02
1.046681724152904308e-02
1.020562921363515549e-02
1.018067022655578385e-02
1.013858234257849870e-02
9.887952098726610420e-03
1.722560914418519440e-02
1.221905809159155171e-02
1.127240817984705851e-02
1.414805969867164934e-02
1.202836330830284184e-02
1.114779780231651626e-02
1.093658582882853399e-02
1.048888264366097146e-02
1.022383038825723685e-02
1.003234855295948545e-02
9.884843956406765345e-03
9.933322004114446269e-03
9.748922897588789896e-03
1.275351390854161278e-02
1.060894752895604962e-02
1.018888190322884621e-02
1.104820775762463576e-02
1.008289888357757902e-02
1.007039403143307650e-02
9.944784621644824074e-03
9.707510176876694638e-03
9.566306786489533337e-03
9.465442808712696762e-03
9.385824281205785297e-03
9.317621697137845604e-03
9.261407262775130794e-03
9.380092699802918335e-03
1.010935221768000276e-02
9.408264982106754812e-03
9.486308770852151795e-03
9.262378284726664052e-03
9.169875165807415615e-03
9.108302690692635442e-03
9.060801921972831685e-03
9.272712049607991988e-03
9.235332748709208089e-03
9.259836194641593229e-03
1.009538313768679023e-02
9.578851317457120693e-03
9.329873970702007302e-03
9.909744102715986602e-03
9.366557048310086148e-03
9.198705261276670167e-03
9.366272000668966757e-03
9.113046757409119444e-03
9.233069046512167380e-03
9.032322144803936817e-03
9.155440182803930779e-03
9.146514216189690835e-03
9.154804180049389353e-03
9.344269367056668579e-03
1.104778912473462944e-02
9.498238836539578053e-03
9.608109638945590975e-03
9.255897413430875381e-03
9.100399169975036118e-03
9.347371878699309647e-03
9.379147346561925863e-03
9.353383311184477328e-03
9.038335045922822608e-03
9.173583114396623162e-03
9.279505245045891956e-03
9.046487151386003317e-03
8.940395955281661353e-03
8.873123094588139526e-03
1.137873415305644745e-02
9.736979677927290466e-03
9.876990678960154146e-03
1.246294095202887982e-02
1.035522033876432740e-02
9.821601429679496092e-03
9.495303136413250564e-03
9.299959132511036869e-03
9.710175618082458188e-03
5.866146791930168525e-02
3.494534534302075335e-02
2.610552908591437168e-02
2.134294434637979201e-02
1.854909245382164312e-02
3.188119118677235769e-02
2.208301323295146917e-02
1.836485334069692249e-02
1.759970480433524845e-02
1.547773840780274079e-02
1.603733376019356865e-02
1.521074101163207536e-02
1.374457902103296339e-02
1.309422787431707876e-02
1.332508228585705008e-02
1.261409019512278046e-02
1.218377630297520949e-02
1.357470043563409855e-02
1.198952495976066124e-02
1.159387298388264882e-02
1.132988122722713466e-02
1.112130678357372421e-02
1.108401514324843483e-02
1.084632898641535274e-02
1.069086047258784901e-02
1.062382894115669954e-02
1.069507771756241822e-02
1.049553925204879841e-02
1.033607555669510680e-02
1.022335679852905306e-02
1.012952149607983243e-02
1.043270031716718102e-02
1.007655978668433282e-02
1.011933181793081213e-02
9.964661054584099051e-03
1.077856646944811911e-02
1.067061624839858378e-02
1.011892668629529694e-02
1.001446367356177355e-02
9.853795723379955157e-03
1.024606707587885635e-02
9.945888378164258539e-03
9.743806941104245570e-03
9.777746482781157419e-03
9.807615630415109434e-03
9.790401951068821579e-03
9.586344727669820348e-03
9.498236358470250190e-03
9.435694774485036546e-03
9.487868452916490766e-03
9.587884030368915358e-03
1.086335147696234141e-02
9.946588356637890357e-03
9.535293595684241758e-03
9.399913089360441981e-03
9.810003656836404143e-03
9.604895426316231027e-03
9.420877871698797590e-03
9.553721315848274012e-03
9.473027330378441802e-03
9.316807007316499703e-03
1.197266298403045458e-02
1.063089856435457149e-02
9.923125576674548046e-03
9.696789391320150692e-03
9.702971194769696370e-03
9.426865774479972759e-03
9.401220089401670157e-03
9.278115672963258009e-03
9.200123289576306665e-03
9.312801905374293657e-03
1.111755100465335565e-02
1.079513360155752444e-02
1.006345696259031662e-02
1.012796438007525918e-02
9.843831148351260898e-03
9.599593787101240103e-03
9.424509313380496217e-03
1.152686514330842141e-02
1.000981753488613610e-02
1.009278996880399494e-02
9.657960096459314650e-03
9.456710551836762166e-03
9.327396279391270487e-03
9.761296152445289934e-03
9.373409981414124528e-03
9.234280917569793676e-03
1.017122691247795627e-02
9.629127406028283390e-03
9.360565811654912929e-03
9.656098243803002204e-03
9.304334998543500532e-03
1.025865482823662932e-02
1.289838511728736564e-02
1.034250366640938716e-02
1.131091672618809475e-02
1.071243491100470208e-02
1.031160192753428906e-02
9.914617791857687629e-03
9.629761664564759696e-03
9.457243566711561952e-03
9.334947065705152813e-03
9.532033402338629946e-03
9.351022430290102661e-03
9.639328555236697724e-03
9.708076527686263987e-03
9.230986410757684862e-03
9.106245307776381429e-03
9.123382613953151532e-03
9.459311005138760706e-03
9.106858836460063333e-03
9.213156641510043127e-03
8.993037146456977354e-03
1.004251019843901277e-02
9.362989168162642178e-03
9.140771801011575437e-03
9.358919705963050437e-03
9.218771287322527486e-03
1.007032005780268517e-02
1.009596266922888758e-02
9.452877268037599215e-03
9.509233174498551641e-03
9.195954870251682456e-03
1.102783334733596632e-02
9.461606275620567177e-03
9.179575717912084529e-03
9.038968412232173399e-03
8.947651103610260170e-03
9.335433548733142878e-03
9.416652573946313401e-03
9.116447110136103107e-03
9.453339515410176183e-03
9.061750228621575157e-03
9.978932496250468923e-03
9.260052308228260143e-03
1.089740732482920998e-02
9.864282460437001285e-03
9.447847097528098981e-03
9.318649861489286187e-03
9.291197304678229865e-03
3.753409464036885218e-02
1.424711583818473806e-02
1.181210585916088809e-02
1.151787037417261947e-02
1.081548943877472246e-02
1.023231170381330712e-02
1.001808098373684411e-02
9.711763526987163969e-03
9.943318822778176788e-03
1.002021142566378309e-02
1.057194648196089180e-02
9.713972065871033859e-03
9.981088901846337999e-03
9.483928441777792276e-03
9.421147743419807860e-03
9.230210104612489655e-03
9.391066430743087029e-03
1.001123106606997305e-02
9.374780473583243026e-03
9.366011718206045458e-03
9.364768900199105239e-03
9.208542667430465178e-03
9.289327922320973069e-03
9.025547841885911762e-03
9.188924525586254430e-03
8.916038339070028393e-03
8.840127253586771081e-03
9.089938017616769686e-03
1.363963416560286766e-02
1.090618947804253627e-02
1.005618747290755628e-02
9.755596837527153592e-03
9.795277197822969614e-03
9.631608951481499328e-03
9.499804975449471778e-03
9.222937914489264324e-03
9.082617527701173851e-03
1.015375365134394380e-02
9.038397919071620989e-03
8.984018297193733030e-03
9.015991575903192431e-03
8.979562432143289863e-03
8.827376522967743389e-03
8.747577164100064570e-03
8.692650566953598334e-03
8.649564069050381943e-03
8.614859565910694059e-03
8.584647216169097317e-03
8.558240152944983012e-03
8.535623795099079453e-03
8.849159973477800645e-03
8.698162577311076282e-03
9.006071070655281147e-03
8.725267537237107324e-03
8.622433741147043570e-03
8.913476771482046687e-03
9.284562664714982386e-03
8.829068997738718713e-03
8.686821525459614141e-03
8.606784660231441703e-03
8.552284199977094187e-03
8.512155932716626572e-03
8.479737834253479878e-03
9.444618107680715149e-03
8.896086775168012342e-03
8.794585057935297781e-03
8.648601922391396454e-03
1.000139620231456188e-02
9.089044205481190339e-03
8.827516381127229264e-03
8.692362733739097611e-03
8.608732835813381196e-03
8.985936151163897295e-03
1.438226676925753907e-02
1.261853311632843248e-02
1.078451495635240377e-02
1.073586936118459123e-02
9.970294362839249303e-03
9.655470100058110433e-03
9.366230074960112464e-03
1.117613699412608498e-02
9.412217382917014569e-03
9.224894640793424375e-03
9.942804228896866270e-03
9.497643016076933245e-03
9.102614830699224877e-03
8.925347222169373318e-03
8.808461666436178880e-03
8.721426290943901788e-03
8.760687229913129842e-03
8.637107162283675851e-03
8.573936906205337216e-03
8.524588451164639979e-03
1.528764101583830748e-02
1.027413212830902318e-02
1.037170016509810465e-02
1.217480663055562837e-02
1.087419011488940761e-02
9.967763391545538323e-03
1.025493339555076308e-02
9.847794859942865173e-03
9.401747381215651289e-03
9.676395986698132015e-03
9.213841586451897853e-03
1.208964466207691768e-02
1.121499955524386631e-02
1.011768814744165752e-02
9.800975101357545585e-03
1.050053655895931241e-02
9.661512284436428108e-03
9.265605249228129128e-03
9.477051562423718933e-03
9.127325492201422349e-03
9.048608502084441382e-03
8.898925926431228844e-03
9.084143655343140250e-03
9.257992853714423417e-03
9.032350746690292684e-03
1.157203306436744433e-02
1.154760323675959113e-02
1.011691669923329116e-02
9.340065782010811835e-03
9.352504728268682538e-03
8.966623777170435600e-03
8.823105826149093070e-03
8.725088529266747384e-03
8.846774644367007626e-03
8.662625554836742708e-03
8.781368709072636877e-03
8.594718465770078211e-03
8.521871033953942395e-03
8.470036718421848285e-03
8.725695993108441295e-03
8.660064746624281801e-03
8.523228939367074458e-03
8.561330161811091244e-03
8.441358839198758596e-03
8.388143244562669409e-03
8.350015839612104362e-03
1.026913560772648240e-02
8.885655620523331619e-03
8.613086118182804521e-03
8.548921057226935988e-03
8.442571254157527766e-03
1.107521268003455218e-02
8.958476032285656726e-03
8.715561005837115655e-03
8.745790463312934707e-03
8.893607187788019064e-03
8.812752359193086818e-03
4.825014493991028885e-01
2.438591483513916636e-01
1.621685052012597494e-01
1.228561568014247263e-01
9.932512623142801533e-02
8.301496459317130039e-02
7.210923076113857910e-02
6.506966183797374681e-02
5.894857933281685836e-02
5.299116382491830118e-02
4.766645554956742969e-02
4.441679787655490597e-02
4.052261908180044420e-02
3.766644149504744937e-02
3.530553707678043412e-02
3.329456924234412002e-02
3.213903938487359252e-02
3.011293540366286048e-02
2.891996543293865254e-02
4.088344681297819555e-02
3.254012139876154980e-02
2.935722670775629123e-02
2.770680051920057854e-02
2.640347362903393280e-02
2.519110085950005545e-02
2.435752731890863942e-02
2.332449164871497338e-02
2.251334931434635644e-02
2.180709970354617264e-02
2.155031533166766600e-02
2.072454964194151913e-02
2.016661590153139699e-02
2.030200122291983891e-02
1.939878618527112603e-02
1.890731035188236014e-02
1.849687819307334335e-02
1.812581138993186319e-02
1.778405355684265290e-02
1.746626772927366636e-02
1.744652987295362834e-02
1.879306461016601315e-02
1.772183829214767428e-02
1.700579649522266854e-02
1.667489797168773824e-02
1.656419295197899058e-02
1.606320474405625517e-02
1.614108112123648422e-02
1.643453012600813376e-02
1.587000426129603695e-02
1.548330012942180853e-02
1.520208196447453072e-02
1.496928722327193866e-02
1.476376875419623154e-02
1.471137067173209322e-02
1.445822576298961583e-02
1.427863721133025045e-02
1.411775526139450593e-02
1.482048519608313193e-02
1.411161090424512682e-02
1.403248037012872276e-02
1.400307523591264904e-02
1.382786519352374385e-02
1.356880489785132135e-02
1.369739220600385207e-02
1.342000857381325622e-02
1.324256567205150253e-02
1.310130189000356833e-02
1.297816198488768377e-02
1.286605407728940061e-02
1.276153323989536251e-02
1.401443483031564879e-02
1.294080613719055493e-02
1.269372544131070965e-02
1.254266422899170431e-02
1.262080784671501879e-02
1.240074576979882312e-02
1.234832958085554065e-02
1.221993232224324356e-02
1.231590733207758512e-02
1.209248958481207864e-02
1.198953404859489161e-02
1.271288759505677553e-02
1.263650845105108132e-02
1.230156437448687301e-02
1.886282248719583013e-02
1.351307081393565181e-02
1.269976628005939703e-02
1.247166698481376804e-02
1.214963870149148029e-02
1.195827962902908798e-02
1.181380793550289125e-02
1.169706888489058932e-02
1.159690962604501691e-02
1.238991333535651232e-02
1.197531768346634697e-02
1.202065762618850266e-02
1.178107491593543936e-02
1.162241061164040641e-02
1.144841666117312265e-02
1.219606828438133186e-02
1.143032757606313003e-02
1.126577847552515457e-02
1.116365425879834242e-02
1.108369414946555435e-02
1.101563815794615736e-02
1.095454825387426508e-02
1.089823230228674500e-02
1.233136493965397706e-02
1.128165695756440032e-02
1.179923601545478963e-02
1.127718862272264130e-02
1.111372171917144984e-02
1.103021658360530538e-02
1.103552691156602615e-02
1.106190679100857790e-02
1.135820804113894800e-02
1.079280669698888702e-02
1.665475130957169356e-02
1.279398356583092734e-02
1.192364872899641902e-02
1.177590781936946503e-02
1.215496704941816317e-02
1.172716725182834478e-02
1.152861517886117661e-02
1.123663205959425475e-02
1.124673084002880685e-02
1.089143160243309823e-02
1.155649976041686101e-02
1.107160037368237933e-02
1.117787068711855424e-02
1.076474373372452407e-02
1.060511695065295343e-02
1.111854309509976470e-02
1.071308770578732403e-02
1.064188260668783199e-02
1.045331091872797082e-02
1.102961141465041810e-02
1.050165426831492325e-02
1.035559340886461378e-02
1.026561688356975727e-02
1.066581444115316350e-02
1.072255778542919279e-02
1.027823927783417905e-02
1.029148986816950939e-02
1.021657194406030110e-02
1.010193574237090545e-02
1.024632447929036717e-02
1.003841936596736387e-02
1.021855000582118367e-02
1.003219018146298859e-02
1.038729382996333127e-02
1.038842355773333080e-02
1.025424880186012397e-02
1.000962913084298481e-02
9.914123224875040843e-03
1.011473060596364444e-02
9.886625638287283718e-03
9.813175286527881652e-03
1.053501018651811436e-02
1.006193828764333567e-02
1.126559997497019773e-02
1.041281393867364048e-02
1.113433730075682332e-02
1.061283452207580080e-02
1.109649521093184453e-02
1.036453774721087483e-02
1.026701160766661097e-02
1.112507767393049879e-01
5.466180788275279423e-02
3.911423280017868598e-02
3.048546397339600006e-02
2.569750937113468234e-02
2.458303239530856485e-02
2.101804903489806753e-02
1.936394552605745153e-02
1.827531597227196811e-02
1.703925808118665272e-02
1.646316631173218303e-02
1.633285872411145007e-02
1.516194220580105792e-02
1.458617548282259771e-02
1.533668422718547329e-02
1.464650896593188908e-02
1.482480569654864334e-02
1.377459546744260258e-02
1.341767700426960142e-02
1.324064252238925550e-02
1.282838640684218559e-02
1.355181218244993525e-02
1.325350811413945722e-02
1.250527881045772859e-02
1.238957128895801403e-02
1.205231968311880689e-02
1.185097391057119039e-02
1.176474588860440366e-02
1.158832174581345652e-02
1.153086609065208552e-02
1.137060063424568356e-02
1.160899223158153547e-02
1.169396496829756653e-02
1.214989987427312138e-02
1.254468736499016190e-02
1.764617055026175899e-02
1.298895986361356218e-02
1.210207138984086515e-02
1.293042804926035697e-02
1.195868035303907992e-02
1.151630566650646559e-02
1.251533303537223467e-02
1.219273527208515617e-02
1.210538914701648865e-02
1.145501026376610082e-02
1.116144984089932971e-02
1.105012210928227670e-02
1.091971773285649316e-02
1.107956370782858802e-02
1.126276621517802168e-02
1.148190239082786876e-02
1.197295985607530443e-02
1.101769844177702233e-02
1.095472805193700716e-02
1.083193837975048382e-02
1.060159524245476124e-02
1.251880990016301237e-02
1.115882461945246623e-02
1.159117687646235746e-02
1.075769871093031939e-02
1.053364358692997216e-02
1.039188585576928357e-02
1.088323929705736250e-02
1.043836150134942568e-02
1.027545160149325593e-02
1.027791040566822071e-02
1.041441844731461411e-02
1.136592932644102209e-02
1.069379762864647830e-02
1.082937720902088508e-02
1.037160707302818390e-02
1.032701277782040877e-02
1.206358086145531069e-02
2.172339872390463208e-02
2.321635524910313497e-02
2.333262437393079577e-02
1.806109108835061289e-02
1.686123138545672293e-02
1.573174082222455680e-02
1.497400947190867700e-02
1.562405013821737028e-02
1.647824361485263414e-02
1.488227657444893444e-02
1.502994225276814248e-02
1.322978763569693239e-02
1.441169194477791467e-02
1.266123345121853393e-02
1.217658427176065462e-02
1.406113810348602090e-02
1.395695109979222179e-02
1.320596677393675970e-02
1.262890313887764238e-02
1.189206010600034856e-02
1.188558564573745369e-02
1.147332179878778578e-02
1.140100430693282395e-02
1.107028239495973579e-02
1.151057411222290196e-02
1.089115988747213146e-02
1.071131925814254246e-02
1.058070100686561189e-02
1.054456976756599183e-02
1.472541925675771059e-02
1.211699761559567427e-02
1.247030395090343094e-02
1.172132639774568427e-02
1.140233439211811410e-02
1.095870984964425303e-02
1.421064613590544701e-02
1.193539340756567639e-02
1.162884375181491049e-02
1.096680249263783796e-02
1.238528198765101451e-02
1.184736426973288966e-02
1.112383077735462460e-02
1.076800212410727701e-02
1.067303475033746715e-02
1.151249663183630950e-02
1.082593757881232348e-02
1.050373089653754838e-02
1.032375584718015112e-02
1.051550714161333944e-02
1.203242435799674846e-02
1.111798542360904404e-02
1.062048544961951245e-02
1.037549511051425941e-02
1.021427493787919333e-02
1.057450890289951019e-02
1.306347286826907428e-02
1.060554314667906672e-02
1.058967779319246356e-02
1.021586788330324652e-02
1.023049642606350083e-02
1.455613070048314764e-02
1.325501986191594643e-02
1.193857438713338825e-02
1.116035223964862572e-02
1.093230222524561000e-02
1.050778094062416665e-02
1.072306156400867558e-02
1.021929561136441372e-02
1.005134603448209173e-02
1.128518773618861215e-02
1.243557330774921338e-02
1.104270841348608395e-02
1.072719966373564086e-02
1.031835891589043611e-02
1.064378676979753358e-02
1.026361156138926728e-02
1.399678587829104176e-02
1.131306905020325153e-02
1.422055840692294619e-02
1.196859215351840471e-02
1.116247068136395210e-02
1.107513694060150398e-02
1.057256741706063749e-02
1.072287164674916478e-02
1.275355936975882953e-01
4.509023111340842993e-02
2.873145759861482282e-02
2.320125576845573009e-02
1.947650694434597402e-02
1.741720683778816281e-02
1.596763759870219873e-02
1.519115397808566865e-02
1.426943449118508490e-02
1.362318100911889124e-02
1.333886338942950021e-02
1.314865387338244422e-02
1.279915847349312810e-02
1.229308081393509777e-02
1.197350718227131391e-02
1.188649410818340933e-02
1.156801400351568573e-02
1.574672411571798741e-02
1.347805885116601550e-02
1.319636267201857935e-02
1.231713128658658112e-02
1.185683880617582030e-02
1.154034941216677303e-02
1.169235159270685942e-02
1.149847251945737732e-02
1.139374084242047482e-02
1.111846237335515665e-02
1.127893540501324204e-02
1.078905399926143906e-02
1.153303564062899307e-02
1.111799097233846442e-02
1.087527485232624852e-02
1.063041214700804343e-02
1.047464968547892443e-02
1.159620184593995913e-02
1.088108401181198809e-02
1.052590233374860011e-02
1.032224231771001859e-02
1.021027121445266216e-02
1.023047825396027066e-02
1.008947044572770790e-02
1.091001785811280579e-02
1.036523332274394762e-02
1.015875009269123427e-02
1.003469442636925786e-02
1.010491334092698985e-02
9.940541275318532516e-03
9.853624453279056714e-03
1.031649245716923825e-02
9.996733450302231969e-03
9.858452307369359319e-03
9.770143114460698094e-03
9.703989198631685423e-03
9.933101523334403327e-03
9.667687924749176001e-03
9.863892657783450077e-03
9.685443588575801122e-03
9.778404929642766502e-03
1.181731702174659143e-02
1.040866621560365343e-02
1.002154092439854968e-02
1.079984330735474750e-02
1.014476934392929443e-02
9.896335405201324778e-03
1.068600799568959932e-02
1.000643329531584851e-02
9.959113000988650474e-03
9.734001537130032231e-03
9.622425505810112967e-03
9.544779361628263556e-03
1.506371438572151958e-02
1.112122616062647187e-02
1.037450391219235483e-02
1.003774650730903523e-02
9.840447595872136785e-03
9.855476976122263047e-03
9.683119310522684403e-03
9.580623215412127289e-03
9.588795931971297662e-03
9.486602125680252892e-03
9.421325337253145041e-03
9.833151486081190967e-03
9.529093038621911857e-03
9.404791778801088742e-03
9.335411204573961994e-03
9.286840459293656258e-03
9.246539675121106389e-03
9.466258733137358078e-03
9.274311522286174739e-03
9.307951439241905073e-03
9.478345365987791288e-03
9.715051325630320173e-03
9.676416873947506561e-03
9.378436162809969043e-03
9.264739711949823014e-03
1.131397789708911243e-02
9.793083678327952138e-03
9.633121374216718075e-03
1.076545277379100871e-02
9.826825736031356492e-03
9.547416311947873324e-03
9.536987503306195574e-03
1.020215810622642633e-02
9.569124514743607146e-03
9.379673101105590743e-03
9.275602678420090050e-03
9.690583697060172613e-03
9.218228162313929844e-03
9.290574152574273756e-03
9.320637050780554780e-03
9.172528505591923467e-03
1.036944510679255887e-02
9.442738427903656084e-03
1.039328140255231514e-02
1.101012966370234353e-02
1.029370618485450292e-02
9.808061877246745594e-03
9.573712793021391457e-03
1.157405026408054455e-02
1.034351791698709042e-02
1.034280363380908792e-02
9.824454785876957086e-03
9.966822121156586681e-03
1.005597890506853762e-02
9.637858100320024005e-03
9.986150099977338102e-03
9.585535431038030851e-03
9.893385200846583488e-03
9.653666462753465738e-03
9.423091728194150571e-03
9.584187608795301586e-03
9.342650309053677701e-03
9.204506337434682078e-03
9.133948555049304502e-03
9.246536922515671136e-03
9.195337786380639034e-03
9.216441669781300430e-03
9.833942524363269849e-03
9.290847130890116101e-03
9.317249215634978293e-03
9.138668445931365583e-03
9.058941992462319834e-03
9.005582165185536947e-03
8.963937689339267906e-03
8.928561494619957628e-03
8.900338155231510631e-03
8.873401131630766561e-03
8.851276851814209382e-03
8.829389360383316926e-03
8.810667420250049495e-03
8.792212648801400396e-03
8.775924919673354016e-03
8.954975923804214116e-03
9.267883949014812245e-03
8.889842885665978287e-03
9.500585325617762547e-03
8.973405311652526972e-03
8.862412155073256387e-03
8.805651107727451368e-03
8.768410354746089194e-03
9.455828547270566861e-03
8.935537868285332863e-03
8.823555416491421499e-03
9.249484719832418156e-03
8.987391285264760554e-03
8.882087327879801750e-03
9.239955743639012564e-03
8.833026988844472349e-03
8.773639609013148682e-03
1.332620859920913801e-02
1.121760114275816532e-02
1.050468277223640459e-02
1.041971531634002662e-02
1.005134849513722277e-02
1.070159172338374515e-02
1.192040476082015764e-02
1.025247550165237637e-02
9.772384679483575587e-03
1.112060371019768512e-02
1.007441410072168995e-02
1.312902759345219335e-02
1.117921425537932341e-02
1.113386908091093704e-02
1.020413396919871846e-02
9.880835684743741881e-03
1.063059230252618587e-02
1.010566381307519829e-02
9.687592522349226451e-03
9.608716709864186314e-03
9.427135273967882784e-03
9.310683781178353061e-03
9.223969945800625583e-03
9.161876493590456055e-03
9.465273597369223274e-03
9.169702686542271011e-03
9.230618291585840005e-03
9.955144488797505048e-03
9.915599113201488748e-03
9.873756168785869855e-03
9.569730704262622428e-03
9.430159652288749514e-03
1.095482691933291272e-02
1.005936676974663289e-02
9.707371524476855404e-03
9.376562873521961106e-03
9.229117520174023870e-03
9.703798024250042537e-03
1.030238363129097091e-02
9.500621083903280917e-03
9.268405309070885598e-03
9.142159939028202814e-03
9.055947410960798333e-03
8.990653701137336917e-03
9.332904217147906800e-03
9.077226974782456881e-03
1.013359174960342876e-02
9.195974105258830286e-03
9.027593667283131951e-03
9.088408943989333827e-03
9.108503565380199687e-03
8.954343984745524732e-03
9.063936938093737974e-03
8.820709885870619410e-03
1.096778438249105050e-02
9.926986236371565173e-03
9.601552218062478841e-03
9.302945452530513026e-03
9.333268612269841197e-03
9.111649542150520101e-03
1.501993130282991418e-02
1.155665651175603707e-02
1.198315807372529913e-02
1.057217909272781947e-02
1.083463821653510469e-02
9.990842943538077309e-03
1.006581465445567820e-02
9.654230469099106537e-03
9.716015695621776915e-03
9.327394010190028645e-03
9.561865117225148980e-03
9.182403072351729215e-03
9.675850067165132559e-03
1.062307969963736075e-02
1.181178602217724909e-02
1.026846401132939547e-02
9.734403171499383250e-03
9.665532399685221668e-03
9.361604542153314362e-03
9.298020579215048043e-03
9.505326014729399697e-03
9.210637692924570838e-03
9.092136731797657856e-03
9.275368474192724130e-03
9.058165467599561468e-03
8.970153193495878849e-03
8.910542884831035293e-03
8.864629291141313053e-03
9.047538265969918767e-03
8.848593370122261048e-03
9.362067929456895088e-03
9.237207784329848348e-03
9.085777656841020553e-03
9.060113906331376116e-03
9.648801693619167563e-03
1.040384460946002128e-02
9.131669923507038447e-03
8.951664009333597932e-03
8.859170444558526689e-03
9.088423307468526322e-03
9.146030661506820980e-03
9.203189690888655822e-03
8.987602048924249118e-03
9.307793884437365328e-03
9.199158162160065572e-03
1.085008402403548483e-02
9.495565194265974049e-03
9.456112884816764153e-03
9.246186275465527113e-03
1.091669424363479746e-02
1.019812615140145741e-02
1.069425406506688270e-02
1.003381546979032098e-02
9.438088713165518687e-03
9.227951233593351121e-03
9.102615656407209502e-03
9.007220247868933521e-03
8.950202458916286033e-03
8.897983323501506767e-03
8.855465757493800188e-03
1.063887353918435523e-02
9.439738245233766922e-03
9.151387314420394645e-03
9.012228582845494690e-03
8.925623687318806621e-03
9.167641577575125558e-03
1.110618671399115145e-02
1.042996665420531377e-02
9.865804872823732280e-03
9.441991098428951026e-03
9.247483305019010835e-03
9.122478124639876382e-03
9.248428177858106225e-03
9.016845366645863738e-03
9.224877851482760419e-03
9.022366284840568212e-03
8.932406722212810762e-03
8.873317647376262329e-03
8.828164053039331063e-03
9.485206278922157438e-03
9.104633284743302718e-03
8.906493380703088547e-03
9.463244524752648448e-03
1.080373734509229230e-02
9.988298710815975145e-03
9.400835876687716960e-03
9.164495375724735979e-03
9.232428218157281291e-03
9.104486296418249497e-03
8.965301169680103474e-03
8.952688671174791404e-03
8.862362155684824772e-03
9.483178350077092408e-03
8.885354316208678854e-03
8.783580520717568924e-03
8.971995173397754458e-03
9.881936286754454402e-03
1.002995532897077435e-02
9.361743394695436551e-03
9.050401017732705514e-03
1.061966474351615577e-02
2.189488596145178906e-02
1.322835396270481169e-02
1.279946437929458877e-02
1.396253787145130577e-02
1.285784346254234198e-02
1.765387774034347934e-02
1.571290746360234913e-02
1.312027299283028900e-02
1.194703479161134813e-02
1.326841534204491191e-02
1.365343629320068045e-02
1.168458393970773015e-02
1.099002513239662540e-02
1.353232261059707231e-02
1.332944378517475492e-02
1.166749341348173943e-02
1.136045031536768272e-02
1.099810760295329842e-02
1.054764493533751589e-02
1.021898574841540071e-02
9.995399077846483030e-03
1.054968727895344745e-02
1.027060042349974174e-02
1.049871030597936475e-02
9.839539269263720273e-03
9.736870043162636559e-03
1.007453138987762092e-02
9.815948481621343188e-03
9.540566367170181736e-03
9.399873105469242276e-03
9.407701983722841985e-03
1.091603403416747248e-02
9.793263710431760263e-03
9.611534482154416789e-03
9.392534139970949020e-03
9.264019738284647032e-03
9.172115594966303437e-03
9.101346016998912436e-03
9.041577668418614155e-03
8.992594428246231467e-03
9.406003437787710184e-03
9.083620520433809478e-03
9.240391254592285331e-03
9.041048541227791197e-03
8.949428232476694736e-03
8.890541147987984782e-03
9.176764090149544528e-03
8.971715320921065662e-03
8.883204830519358594e-03
8.825849363598895977e-03
9.447435431522356597e-03
9.261768307219649110e-03
9.254132952134973278e-03
1.018536664555477408e-02
3.597509753258413406e-02
1.432559971631064411e-02
1.175387565130551516e-02
1.090548445140264444e-02
1.252981717125979839e-02
1.089855981202005920e-02
1.042652409115425206e-02
1.106289197130221058e-02
1.508377683570028861e-02
1.259228183520002403e-02
1.137652092215315353e-02
1.089920336747041488e-02
1.035092951205776254e-02
1.002768688772445391e-02
9.967292922198061830e-03
9.784767209908923347e-03
9.753885427047298898e-03
9.500758021518397947e-03
9.344578711251395539e-03
9.229422515128480817e-03
9.136888390543733765e-03
9.058113517963522349e-03
8.990293365389553579e-03
8.930018807048091187e-03
8.877237910849504823e-03
1.015501848000172590e-02
9.399536844487344639e-03
9.312321184882137518e-03
9.074579557764287166e-03
8.949043257052100367e-03
8.863024543567597779e-03
9.003825995376791430e-03
1.006135227222376867e-02
9.258181774786386833e-03
1.103656187262981939e-02
1.091706362594842619e-02
1.032622082805274323e-02
9.781189051743766419e-03
9.625822364739420114e-03
9.275585016234143623e-03
9.093381613792363496e-03
9.120974941516590828e-03
8.947873420274029405e-03
8.930419117700174464e-03
9.102990010988076808e-03
9.115906758710160679e-03
8.880958549847653080e-03
8.775870473524275198e-03
8.705289432615524736e-03
8.828704002061859082e-03
9.213196853090879074e-03
8.850353220179976721e-03
9.448414826395194061e-03
8.950788972287203327e-03
8.781553552059170181e-03
8.885305810417432407e-03
8.808234064233899305e-03
8.774884439721674159e-03
8.652449455755625504e-03
8.860803650514385843e-03
8.601829841746269981e-03
8.534202891228186150e-03
8.975351498538992542e-03
8.670869355837907202e-03
8.545530037776499777e-03
9.066498121306972371e-03
8.936386148175755675e-03
8.578431207819963572e-03
8.863769504026994261e-03
8.560460728795146398e-03
8.475763555110661304e-03
8.425519230167748813e-03
8.389698063470190162e-03
8.461899533892196235e-03
8.496294508139367110e-03
8.400013428764209478e-03
8.354724612345196255e-03
8.324047646896481911e-03
8.300208020858249047e-03
9.527928598521162931e-03
8.574787760527793901e-03
8.419699587882516212e-03
8.678437122075227314e-03
8.458576955232255043e-03
8.373726374979871545e-03
8.323845628980825612e-03
8.793273396518412610e-03
8.886927609834506872e-03
9.689613033750326884e-03
8.851731841945677942e-03
8.694203121731722966e-03
9.776151977895639750e-03
8.750927916912665944e-03
8.564114682287767358e-03
8.465529364102808083e-03
8.400179391642075347e-03
8.352786021673821656e-03
8.315781777126758298e-03
8.684343704695405078e-03
8.420612561603950039e-03
8.339471003318778622e-03
1.672497423163765706e-02
1.012832856901225639e-02
9.539036503465225109e-03
9.046074380046313299e-03
9.279216408202298205e-03
9.609374753153876458e-03
9.624593658153348524e-03
8.879640442327904615e-03
8.925207428580139365e-03
8.666554248054760684e-03
8.548545486888952175e-03
8.472906378283436360e-03
8.416922151694596413e-03
8.372591426244264251e-03
2.315223644809930384e-02
1.512214934075092193e-02
1.253576232382304194e-02
1.133404479654175935e-02
1.132367550842175788e-02
1.042049440947268556e-02
1.045827784908766496e-02
9.982112287567299416e-03
9.621380467976545225e-03
9.462991454007248920e-03
9.354545373939307171e-03
1.158709572701608834e-02
9.784990641865307787e-03
9.324728896019186808e-03
9.123319381932892824e-03
8.992077658701136400e-03
8.894071191616515978e-03
8.816396925791714773e-03
8.751390158426812851e-03
8.695792924689194070e-03
8.646420645250582279e-03
9.295409355807290885e-03
8.804098282142546958e-03
8.672200861452778603e-03
8.598037075866593604e-03
8.546269817657239226e-03
8.504434452290772495e-03
2.959705562533437515e-02
1.202441572383083045e-02
1.075368267703222594e-02
9.787279737502855084e-03
9.528640352367294744e-03
9.509555575628896376e-03
9.091379995892111959e-03
8.935439062401276736e-03
8.826166620168097304e-03
8.742032476751341805e-03
8.936618040586284673e-03
1.009374132413638422e-02
1.545363337071187747e-02
1.046145960438941806e-02
2.722971543252691862e-02
1.245866135076956899e-02
1.125230667440687421e-02
1.022365221380238179e-02
9.774168836064810878e-03
9.488046561503548498e-03
9.286997138694071813e-03
9.461300114042657874e-03
9.105903650524454010e-03
9.541616147152381586e-03
1.072595126415146725e-02
1.001822111415843347e-02
1.058363372463605283e-02
9.600497608525212362e-03
1.668668006935174544e-02
1.289710088757652431e-02
1.179964556762158612e-02
1.080386793262301179e-02
1.027324566614039314e-02
1.016054163648413659e-02
1.887955812976267744e-02
1.417398838429302643e-02
1.265614066912332074e-02
1.290918082858487186e-02
1.165941032505372725e-02
1.191828034234619291e-02
1.183962082196159983e-02
1.061467506873854660e-02
1.045491198932858509e-02
1.007606846574206870e-02
1.031815722824635552e-02
1.090325604153519201e-02
9.857319679885160127e-03
9.681283444961120629e-03
9.474020453611039019e-03
9.340278187399133139e-03
9.236192767133456424e-03
9.149674043015143532e-03
9.075520320035262295e-03
9.010594783575544969e-03
9.271834786272969975e-03
9.131697966440911057e-03
9.099910735202892606e-03
9.110263980248629184e-03
9.137607814249692692e-03
9.524061162734246549e-03
9.234898095362056858e-03
9.069548378243036044e-03
8.959330251964835873e-03
9.002462275074066961e-03
8.877793883069088482e-03
8.888559767103431861e-03
8.783393888648998588e-03
9.037186050721592728e-03
9.224607467993238899e-03
8.870869649587232939e-03
8.672611197752541981e-03
8.744090393208598863e-03
8.801126827421434581e-03
9.040314678772845905e-03
8.745561318667827155e-03
9.050587717179214148e-03
8.715153859028042932e-03
8.616047107028301094e-03
8.556550354215125553e-03
8.751104592174742403e-03
8.730659214504672694e-03
1.276731383176945081e-02
1.329520438646631698e-02
1.216183877720931721e-02
1.107766839593232917e-02
1.018291123458377537e-02
1.053851991034443492e-02
1.003796875413889497e-02
9.495025442478408767e-03
9.273696563754403946e-03
9.758515860558978836e-03
9.239356682256019693e-03
9.054821604692196713e-03
1.073002031041216282e-02
9.256237871517853169e-03
9.013445117905416470e-03
8.883172645779919066e-03
8.793420296084380680e-03
8.724742854130261918e-03
8.667494032120946074e-03
8.620646880781714094e-03
8.714747726324238719e-03
8.582197836707250102e-03
9.463267831077388365e-03
8.700888445884751368e-03
8.763388160781100666e-03
8.594302932820825636e-03
8.520721403530877314e-03
8.470893823718824225e-03
8.563257500549063470e-03
8.472180972522960762e-03
8.423106129309779547e-03
9.394233359010446469e-03
8.846516950960406356e-03
8.650462824202509449e-03
8.808050432284201051e-03
9.821741030264442146e-03
8.996292769710832748e-03
8.745063440088086601e-03
9.324443576909363998e-03
8.817245781663709051e-03
8.645676537489419000e-03
9.790487424343371700e-03
8.984168821588730050e-03
8.738970387788261990e-03
8.859054885350945222e-03
8.658678642452202062e-03
8.797345114543988695e-03
8.578965268138071670e-03
8.489064946699440353e-03
8.485030290276538226e-03
8.708404569259708267e-03
8.473883040364988892e-03
8.397450425440653940e-03
8.349937297969968128e-03
8.314145172533135564e-03
8.285808257272981106e-03
8.341592337498617699e-03
8.276443259812074280e-03
8.410202809169504273e-03
8.298849694947459457e-03
8.251299459387004265e-03
8.410896546134949067e-03
8.410947675396742221e-03
8.286601175688221993e-03
8.300094586990328788e-03
8.235774299649495714e-03
8.200161802569192609e-03
8.389189902645819222e-03
8.279056552152110407e-03
8.886925710142302981e-03
1.227952016677225609e-02
9.655449276979428952e-03
9.230549684277203695e-03
8.820919791932323520e-03
8.633753874017059335e-03
8.514715655699335931e-03
8.431791254490497364e-03
8.366313098126474182e-03
8.691477722906602171e-03
2.450198926355267454e-02
1.457553562651416751e-02
1.201069099430803616e-02
1.089110647317334535e-02
1.020184359704551062e-02
9.976330806031968867e-03
9.812184067466627607e-03
9.660836854261136558e-03
9.229874666501974162e-03
9.052663081563912598e-03
9.079059132632488760e-03
8.882949117192203217e-03
8.776417894733830327e-03
8.883774461287111471e-03
1.160996281326206608e-01
5.761382179288317140e-02
2.138737288869475492e-02
1.818082155506790462e-02
1.531610389895348215e-02
1.299014029974086999e-02
1.255723997516514090e-02
1.222963799775915461e-02
1.193886204058397169e-02
1.186232194717948274e-02
1.218701904644397746e-02
1.171322914466427917e-02
1.115730847652822433e-02
1.120845818263407033e-02
1.123723011472438534e-02
1.088977569851571660e-02
1.068424874255862432e-02
1.052715005906166255e-02
1.174399083352929696e-02
1.068191288380634582e-02
1.040669855031826213e-02
1.024014349862906355e-02
1.025550657907263290e-02
1.007831720731159654e-02
9.961256500953549406e-03
1.050952284862929735e-02
1.001145255121407319e-02
1.000734063280572968e-02
1.004195030506354301e-02
9.927801987184299570e-03
9.853608987733970814e-03
9.660181871752335572e-03
9.811631345578983310e-03
9.740450856433038526e-03
9.549737911011687078e-03
9.445106296894880196e-03
9.368018858746347127e-03
9.493574173605860006e-03
9.663974979187271719e-03
9.317612976729635829e-03
9.166741155292970275e-03
9.114986914857996919e-03
1.068086821750765907e-02
9.668944308477287614e-03
9.541217399289455073e-03
9.325835441887725397e-03
9.203137838279798130e-03
1.007250912922954926e-02
9.364125064451498878e-03
9.263720096826385045e-03
9.929171571322580048e-03
1.077654424524627889e-02
9.522907828247235279e-03
9.248652120557221759e-03
9.170182111938833883e-03
1.098911822517682074e-02
9.679740566323090031e-03
1.006109668851028899e-02
9.371591627054169302e-03
9.155671922405860669e-03
9.030735599119477791e-03
8.942553311476492822e-03
9.273897317218360650e-03
9.866221980205461609e-03
9.215891675437064279e-03
9.613571203993483139e-03
1.006608813171695413e-02
9.874226823052409049e-03
9.150232182500323344e-03
8.966890707456418030e-03
8.952260612263885503e-03
1.160230241246640488e-02
9.930881182870091375e-03
9.275693960165153767e-03
9.044589564528278738e-03
9.299638709349283133e-03
9.233058989951622997e-03
9.081477969399811417e-03
9.132540898898464099e-03
8.959946019399377820e-03
9.913047370969287758e-03
9.423105767267909993e-03
9.068921002287231789e-03
8.898566711795303369e-03
8.789911535325701381e-03
8.712365510166823410e-03
8.916521135140910784e-03
8.745217171842381912e-03
8.853455973618088587e-03
8.683439345683023267e-03
8.601700842035125971e-03
8.749177374635649235e-03
8.603599768650303098e-03
9.435807118029587021e-03
8.970525155952598084e-03
8.982303192059904948e-03
8.684623337753253139e-03
9.668097498511102686e-03
8.793191322043456687e-03
8.617667231775144945e-03
8.681711876604367162e-03
8.526328762477363918e-03
8.685725231711191943e-03
9.195935738288510755e-03
8.860058738944787821e-03
8.772560168115882753e-03
8.557738005249617211e-03
9.061631757244673763e-03
8.525442152115357899e-03
9.136192462012032375e-03
1.006807927819444899e-02
9.123595095800508120e-03
8.901084774940181549e-03
8.999526403131081348e-03
8.686578426362907140e-03
8.560455980807369150e-03
9.529674779470495224e-03
8.806636208709013244e-03
8.951749246816569083e-03
8.572418813344282601e-03
8.469923402617051539e-03
8.405192742849385001e-03
8.357023208898311725e-03
8.432590317527554821e-03
8.329953084116327802e-03
8.918414320046801069e-03
8.597341587335253013e-03
9.291686934686172600e-03
8.764955596559624237e-03
8.560319082247981257e-03
8.446656944004645590e-03
8.371527270287525135e-03
8.501715341140617457e-03
8.370345241016837953e-03
8.302996250101455158e-03
9.499234549582990725e-03
8.679493508957200967e-03
8.466750185851912303e-03
8.359663378755108690e-03
8.827715814915837803e-03
8.607737740090951051e-03
8.401620796965400192e-03
8.507175916982124414e-03
8.405512013403048169e-03
8.288075001409453066e-03
8.492418324374625960e-03
8.328935879058793623e-03
1.000865649186937802e-02
9.020604959254623426e-03
8.968039706126983840e-03
8.749518250473915446e-03
8.510269915832240767e-03
8.737141258443393774e-03
8.449555513177088584e-03
8.334584958449704067e-03
8.262960609275187343e-03
8.211581182517323219e-03
8.516682850349616488e-03
8.283383610597359198e-03
8.464066503918997800e-03
8.257806041575079664e-03
8.180392309046441088e-03
8.313312826723359694e-03
8.153086563860862876e-03
8.101833220748861156e-03
1.053365346706184626e-02
9.026948793516842429e-03
8.510660449528867008e-03
1.040096300737486379e-02
9.167455240018182114e-03
8.758708900789191967e-03
9.166651474765809618e-03
8.592884462965832623e-03
8.425078484063560844e-03
8.324756536639551369e-03
8.502316448427598219e-03
8.307318975764123314e-03
8.223939587642163651e-03
8.168543899112501797e-03
8.126775477839826012e-03
8.760672622666816275e-03
9.026329632181294763e-03
8.596292446043244176e-03
8.385390338218751127e-03
8.271455689067414713e-03
8.197490747055726293e-03
8.143044230866617814e-03
8.400394246316812696e-03
9.667011395434131280e-03
8.898386131426004944e-03
8.514271547656491676e-03
8.345971268652387434e-03
8.244492932364105159e-03
8.175581808239219817e-03
8.122791104570706994e-03
8.167447274163014762e-03
9.330211516546730449e-03
8.532375279996375073e-03
8.471969908432965338e-03
1.832678806390337228e-02
1.317931432158834723e-02
1.139319153615274936e-02
1.048459397492070878e-02
9.932094262924406891e-03
1.030768616255600158e-02
9.470447617374441393e-03
9.589565446287993955e-03
9.107070912807034915e-03
9.069461399142742311e-03
8.852048284844515544e-03
9.364179081885132608e-03
9.037727964000472070e-03
8.719376035729755128e-03
1.002496769902748441e-02
9.229608299874446711e-03
9.517959374933925368e-03
9.003298482271146486e-03
8.777868602261663586e-03
8.797270857938693442e-03
8.596938141179694820e-03
8.493495192840091329e-03
8.416813107882597372e-03
8.357482696140360046e-03
1.065582996589233694e-02
8.947803807530387010e-03
9.166311146419145808e-03
8.654074524599866466e-03
8.480911680517750489e-03
8.881189266974294505e-03
8.447847761491083379e-03
8.330839827114805071e-03
8.260163806331370651e-03
8.645199711002641424e-03
8.434677115649222637e-03
8.436782264842443424e-03
8.241375064303051168e-03
8.171293767493354940e-03
8.123714106715702876e-03
8.087981647117232359e-03
8.057540602520953457e-03
8.031608266500367757e-03
8.008716841816183526e-03
7.988115463613157038e-03
7.969368531060458741e-03
7.952563904023608743e-03
9.203344917144513568e-03
8.479509098092358546e-03
8.547275006456162005e-03
8.522705272703882257e-03
8.248205222519169530e-03
8.131333092945029414e-03
9.379955964362847107e-03
9.336577239606447948e-03
8.879996734847435749e-03
1.128976383558056608e-02
8.760549467766012843e-03
8.433346368247789451e-03
8.534759168254678688e-03
8.470008471151110538e-03
8.253324628793889603e-03
8.152759815098624754e-03
8.255053908109879005e-03
8.121375675589624296e-03
8.054379098323915381e-03
8.150274929541399468e-03
8.023676524863023254e-03
7.974167399858872463e-03
7.940100612559376769e-03
7.914283023273595979e-03
7.891953682032852233e-03
8.091532565081480111e-03
8.042457592416714027e-03
9.029605411510200491e-03
8.389987453013073027e-03
8.191707519148791125e-03
1.056440943861474378e-02
8.459254300030045332e-03
8.316524789884809088e-03
8.134546292844808610e-03
8.166092671063758177e-03
8.290631357169429144e-03
8.683850924540248081e-03
8.255675989429849329e-03
8.296835286716172306e-03
8.083041354592191557e-03
8.002960825277367213e-03
8.580795941508383845e-03
8.213036855279109635e-03
1.468986135720260107e-02
9.597484006683696875e-03
8.848417222609204422e-03
8.783343116441169954e-03
8.411299541076003999e-03
8.259723862602583178e-03
8.160753882798264802e-03
8.509267942733987275e-03
9.072316525798512776e-03
8.319765379064871305e-03
8.162263210958461968e-03
8.073229694450930263e-03
8.011963828690816039e-03
8.044159975169842824e-03
8.177627820697454253e-03
8.332935713892597462e-03
8.107868601085241322e-03
8.010124469111265869e-03
1.486588981715964396e-02
9.906584722708824606e-03
9.915024362701346100e-03
9.311028249272327445e-03
8.267106689336183381e-03
8.559983439665134336e-03
8.169104160496350533e-03
8.088473111898884793e-03
8.033026973065586843e-03
7.988753140069634190e-03
7.951699100893418193e-03
7.920095875070382735e-03
7.892061031806330701e-03
8.442908275094794870e-03
8.011643714367433847e-03
7.922837142145981032e-03
8.039463222058352773e-03
7.921094647398513322e-03
7.867218341025945805e-03
7.888977441977463451e-03
7.836647339271161916e-03
9.243075848496457025e-03
1.177410212781740580e-02
9.936909523182716614e-03
8.847879012487807129e-03
8.616813281029905153e-03
8.362819649209152217e-03
8.284787723816534541e-03
9.480917681038281489e-03
9.477783673478890752e-03
8.796965173976843688e-03
8.505515335571763036e-03
8.329765984245373830e-03
8.317135861229495511e-03
8.312285324060933456e-03
8.158729324305155628e-03
8.073549409597665857e-03
8.012286007096551185e-03
8.079415555885559319e-03
8.075698082823521556e-03
7.976216363285338826e-03
8.622279081225547176e-03
8.577278973045771374e-03
8.720026367957515664e-03
8.733399662132981453e-03
9.364821790063143983e-03
8.559590484666446467e-03
8.396725058726125374e-03
8.121950968827867934e-03
1.042119259475247223e-02
8.962726369524880166e-03
8.514326735502076790e-03
1.437271000746309473e-02
1.006136347871737849e-02
9.171184235109122035e-03
8.756014635985878009e-03
8.594019223919422551e-03
8.388383262123426387e-03
8.554279230836943013e-03
9.270341359434858264e-03
8.439324934678870543e-03
8.476885564976759796e-03
8.181286956048132442e-03
9.575660610682419291e-03
8.734150513390721848e-03
8.418834552298365068e-03
8.243194049706754900e-03
8.236224904532773658e-03
8.642737056350718525e-03
8.446530472835216130e-03
9.032108849203808465e-03
8.426381326057521409e-03
8.352604303425456220e-03
8.139118518954829504e-03
8.030510578986599368e-03
8.186067048757898756e-03
8.060035218821912095e-03
8.081521832119620968e-03
7.919405081929106749e-03
7.853035242840738367e-03
7.807395272810642960e-03
8.008250678112456555e-03
7.855685274930379949e-03
7.789513211614780032e-03
7.746714523350745583e-03
7.714175291511299673e-03
7.797134295167154443e-03
8.208050395365889054e-03
7.907058189245221719e-03
7.798966570705304253e-03
7.737178248640765900e-03
8.038848845477879895e-03
7.824483330790697050e-03
7.740915703457310754e-03
7.691392384722727654e-03
7.738939387090719955e-03
7.666705043134268080e-03
7.630142101539565298e-03
7.604326909914817766e-03
8.948362034132297319e-03
8.673619734747421359e-03
7.959789097669745656e-03
8.564106824679151506e-03
7.950628306917015622e-03
7.799254476545456130e-03
8.007845964130554453e-03
7.947369721895138420e-03
7.769723999268948918e-03
7.694962015947079230e-03
7.647537638976886418e-03
7.829322469074796037e-03
8.445456008381580643e-03
8.004065872315200419e-03
1.009517333684641083e-02
9.161852709563392261e-03
9.249164799704582759e-03
8.471987905039307654e-03
8.197144297168485957e-03
8.038365370220436346e-03
7.930922278494467043e-03
7.939603799513765894e-03
7.982109006258878217e-03
7.819683566550361328e-03
7.752346580674523459e-03
7.705538239229535111e-03
7.668592876231965574e-03
1.156630296269673709e-02
1.214148045337433424e-02
1.002514707541572216e-02
9.435821215245721039e-03
8.860900813251528299e-03
8.559403388622148501e-03
8.358922685282722462e-03
8.214794270257962799e-03
8.105551906356625938e-03
8.143971969458109125e-03
7.996687979181097902e-03
8.076787733421644799e-03
7.942681274284950702e-03
7.867425232919915065e-03
4.483764261220350711e-02
1.853413150534640591e-02
1.440565356206357887e-02
1.220030414851616674e-02
1.133377339949501877e-02
1.059540592897930539e-02
9.993661963879411220e-03
9.596975761130353832e-03
1.005811907855772361e-02
9.377112721095034326e-03
9.081227733098995447e-03
1.063261274508296717e-02
9.336505355519891455e-03
8.962533569060293637e-03
8.749843089888230743e-03
8.665381630824059433e-03
8.516131419985502674e-03
9.036125558276075428e-03
9.023288965819898852e-03
8.645250938009814076e-03
8.669457773144888593e-03
8.968998526033980859e-03
8.587206129363672558e-03
8.403927233201668318e-03
8.346943848751512546e-03
8.434299628797518530e-03
8.633137317250278928e-03
8.310451682699702275e-03
8.179855957352450552e-03
8.317924098471171299e-03
8.092644848701589441e-03
8.224686319765105169e-03
2.027742446340680127e-02
1.302408317206858041e-02
1.026936414314479594e-02
1.052088838795489645e-02
9.534937784089852347e-03
9.066967977414245455e-03
1.026247577962213775e-02
9.309358393764257528e-03
9.101248932697396030e-03
9.252558236689058246e-03
8.701430736845604946e-03
8.506157659175861765e-03
9.050615699438378445e-03
8.472487710671057493e-03
8.308969876238301785e-03
8.207028252116744041e-03
8.204235634547458675e-03
8.104939265449155952e-03
8.040146338222996236e-03
8.381493263028562749e-03
8.019267561098317176e-03
7.948378057618617210e-03
8.023787006962169663e-03
9.425060732611793141e-03
8.288534449458533071e-03
8.072875541616455000e-03
7.967705046232967381e-03
7.992134057086156679e-03
8.031070967815849559e-03
7.892614677575241627e-03
7.830584019650348865e-03
7.788031706547647592e-03
9.080877061398855837e-03
8.125652019648441429e-03
7.933676751672868663e-03
7.840669138641499086e-03
7.782407543127926181e-03
7.739160094399066825e-03
7.705936982056940145e-03
7.678276095846920182e-03
7.653684688020610111e-03
8.334277819745532917e-03
7.832647373351587367e-03
7.724857919183722964e-03
8.042483865518104680e-03
7.921720518115963477e-03
7.908991616086290255e-03
7.847608658720008068e-03
7.810587354850021674e-03
7.712435954254379632e-03
7.659199517732972161e-03
7.622462251744833300e-03
8.269160827677632386e-03
7.670481383332316237e-03
