1.139343531360000050e-01
1.139228359830000009e-01
1.139367300729999949e-01
1.139256322159999946e-01
1.139144248539999960e-01
1.139028506140000035e-01
1.138917856670000062e-01
1.138804143730000051e-01
1.139018059709999975e-01
1.138906617860000053e-01
1.138794686930000022e-01
1.138681887630000056e-01
1.138571639050000028e-01
1.138457642100000056e-01
1.138404501179999945e-01
1.138293858550000065e-01
1.179230588959999937e-01
1.179112126430000018e-01
1.179003066949999984e-01
1.178969377049999961e-01
1.178852550819999984e-01
1.180789519270000060e-01
1.180674720930000032e-01
1.180560906060000026e-01
1.180440722390000002e-01
1.180324755149999988e-01
1.180208479340000005e-01
1.180095202280000005e-01
1.179976454620000059e-01
1.179861700200000030e-01
1.179744422450000052e-01
1.179629617040000022e-01
1.179513544259999935e-01
1.179396303859999995e-01
1.179280017349999959e-01
1.179165536990000041e-01
1.179050831790000031e-01
1.178936274120000044e-01
1.178818726860000055e-01
1.178698076529999944e-01
1.178583235820000047e-01
1.178468855380000041e-01
1.178354773510000009e-01
1.178239849080000012e-01
1.178123233989999963e-01
1.178005651880000004e-01
1.177891259359999943e-01
1.177774639940000062e-01
1.177658393710000057e-01
1.177544216939999944e-01
1.177427586189999931e-01
1.177310618599999997e-01
1.177198023850000025e-01
1.177085354190000044e-01
1.176965886119999971e-01
1.176850614369999992e-01
1.176735091399999933e-01
1.176620152889999993e-01
1.176500331010000011e-01
1.176387471539999952e-01
1.176273397609999966e-01
1.176159514039999965e-01
1.176042559449999997e-01
1.175926709929999980e-01
1.176115467430000061e-01
1.175698497460000019e-01
1.175582669509999956e-01
1.175464079169999954e-01
1.175351797849999991e-01
1.175341218590000014e-01
1.175225729519999984e-01
1.175110998860000033e-01
1.174998046780000027e-01
1.174879165859999963e-01
1.174764688659999945e-01
1.174651443840000059e-01
1.174536443009999986e-01
1.174419956579999952e-01
1.174304620820000034e-01
1.174189173580000023e-01
1.174075404240000065e-01
1.173957611830000053e-01
1.173847098060000066e-01
1.173830820400000030e-01
1.173713078819999950e-01
1.173596353320000008e-01
1.173478848569999983e-01
1.173364142549999933e-01
1.173252162959999984e-01
1.173138314439999969e-01
1.173024385349999976e-01
1.172910193730000022e-01
1.172794256509999966e-01
1.172677478400000056e-01
1.172562675400000004e-01
1.172448619450000007e-01
1.172334541129999991e-01
1.172219557279999963e-01
1.172108055920000058e-01
1.171991730300000062e-01
1.171878510169999943e-01
1.171763334450000027e-01
1.171647851150000030e-01
1.171533272259999980e-01
1.171415772080000028e-01
1.171388444720000005e-01
1.171274346630000046e-01
1.171163584160000021e-01
1.171047329279999993e-01
1.170931753140000003e-01
1.170816376950000043e-01
1.170704543870000058e-01
1.170590796159999974e-01
1.170475780720000025e-01
1.170360687780000047e-01
1.170248151149999999e-01
1.170299352290000011e-01
1.170185334620000017e-01
1.170073632619999943e-01
1.169955632729999945e-01
1.169841966029999958e-01
1.169730887699999972e-01
1.169616000019999963e-01
1.169502309580000010e-01
1.169387553120000006e-01
1.169271419819999935e-01
1.169157772189999972e-01
1.169047611760000022e-01
1.168932684400000033e-01
1.168818458589999942e-01
1.168704572700000055e-01
1.168589086470000066e-01
1.168476008989999954e-01
1.168361690150000048e-01
1.168248763420000058e-01
1.168134978409999941e-01
1.169593532340000019e-01
1.169479988989999969e-01
1.169368431830000027e-01
1.169253428289999952e-01
1.169138823630000018e-01
1.169024541950000051e-01
1.168910592290000050e-01
1.168796266049999949e-01
1.168684182470000055e-01
1.168569641459999975e-01
1.168467820970000015e-01
1.168354912799999951e-01
1.170066675169999931e-01
1.169953824350000032e-01
1.169838554960000027e-01
1.170474669739999946e-01
1.170624458990000005e-01
1.170513882569999969e-01
1.170701358370000028e-01
1.170594633559999959e-01
1.170477822819999958e-01
1.170362983599999990e-01
1.170246508359999993e-01
1.170136686369999957e-01
1.170022020369999999e-01
1.169642887350000049e-01
1.170573990499999967e-01
1.170459787380000033e-01
1.170344890020000028e-01
1.171003377139999968e-01
1.170888347989999939e-01
1.170777824519999982e-01
1.170665602969999941e-01
1.170551897370000066e-01
1.170438574159999995e-01
1.170323692940000021e-01
1.170209994029999950e-01
1.170094734950000021e-01
1.169981342340000036e-01
1.170304228629999999e-01
1.170193165239999944e-01
1.170077352869999948e-01
1.169965305770000047e-01
1.169853574620000058e-01
1.169737468859999990e-01
1.169620673670000027e-01
1.169510433429999940e-01
1.169397857070000046e-01
1.169283834500000063e-01
1.169170087520000068e-01
1.169069986880000023e-01
1.168956220969999960e-01
1.168842201830000010e-01
1.168725620709999968e-01
1.168612385760000039e-01
1.168502521610000067e-01
1.168391177760000066e-01
1.168278501120000035e-01
1.168162534300000027e-01
1.168048982530000002e-01
1.167749492129999955e-01
1.167637012450000039e-01
1.167521132260000011e-01
1.167577597309999993e-01
1.167464878159999997e-01
1.167348382600000012e-01
1.167237193209999940e-01
1.167124581890000012e-01
1.167010785389999972e-01
1.166900600809999966e-01
1.166787527080000025e-01
1.166673771169999957e-01
1.166559731980000014e-01
1.166447735649999984e-01
1.166337148260000040e-01
1.166223053849999997e-01
1.166108637090000066e-01
1.165995764139999974e-01
1.165884032839999973e-01
1.165773975929999956e-01
1.165659976709999962e-01
1.165547373919999935e-01
1.165434126919999980e-01
1.165321023719999988e-01
1.165206563500000014e-01
1.165092448750000009e-01
1.164452166850000053e-01
1.164341351109999950e-01
1.164232099279999960e-01
1.164115613919999986e-01
1.164002929630000016e-01
1.164073508229999943e-01
1.163957776840000014e-01
1.163846778579999963e-01
1.164162621200000025e-01
1.164051951550000019e-01
1.163937527910000047e-01
1.163826375010000025e-01
1.163714926489999996e-01
1.163603633470000065e-01
1.168751646539999967e-01
1.168639026979999967e-01
1.168526204769999993e-01
1.168412484239999966e-01
1.168302092020000044e-01
1.170665846469999966e-01
1.170554181690000028e-01
1.170441425300000060e-01
1.170327945249999974e-01
1.170212045139999990e-01
1.170103033510000029e-01
1.169989996479999933e-01
1.169875391339999932e-01
1.169767221940000018e-01
1.169652751720000050e-01
1.169540563400000011e-01
1.169427024200000026e-01
1.169309968899999996e-01
1.169201679199999983e-01
1.169089476229999980e-01
1.168979519420000057e-01
1.168866621299999992e-01
1.168751323399999931e-01
1.168641593140000018e-01
1.168526570820000027e-01
1.168411437060000030e-01
1.168298904360000057e-01
1.168191137910000038e-01
1.168080015449999981e-01
1.167967497310000019e-01
1.167855713540000007e-01
1.167740234060000021e-01
1.167628690479999981e-01
1.167513813750000046e-01
1.167403654670000068e-01
1.167292473209999987e-01
1.167181902509999980e-01
1.167102343070000048e-01
1.166990152059999980e-01
1.166877944699999947e-01
1.166766883800000043e-01
1.166650695419999967e-01
1.166540648950000064e-01
1.166431433740000023e-01
1.166319456519999964e-01
1.166206647620000036e-01
1.166094904039999963e-01
1.165980167180000054e-01
1.165870457009999944e-01
1.165757436629999977e-01
1.165646131270000052e-01
1.165533240280000049e-01
1.165422536980000034e-01
1.165312174319999977e-01
1.165197965919999995e-01
1.165088340490000041e-01
1.164976384009999977e-01
1.164864319819999966e-01
1.164752890980000066e-01
1.164640694390000064e-01
1.164528675640000011e-01
1.164968283020000051e-01
1.164855525209999992e-01
1.164748934790000023e-01
1.165017004440000031e-01
1.164903933739999953e-01
1.164793176519999945e-01
1.164682939610000023e-01
1.164534173169999992e-01
1.164423366280000066e-01
1.164309667999999937e-01
1.164882469369999951e-01
1.164768774160000048e-01
1.164656213070000002e-01
1.164548569459999960e-01
1.164437907780000031e-01
1.164327064159999953e-01
1.164213839240000048e-01
1.164103416780000039e-01
1.163989886799999957e-01
1.163875628739999973e-01
1.163768186749999933e-01
1.163657459889999995e-01
1.163543716340000034e-01
1.163435682519999986e-01
1.163322070320000068e-01
1.163212023680000040e-01
1.163103320100000032e-01
1.162988964300000067e-01
1.162873849319999986e-01
1.162767348829999992e-01
1.162656712699999956e-01
1.162686787829999985e-01
1.162986865519999996e-01
1.162874401439999983e-01
1.162878005580000040e-01
1.162769972669999985e-01
1.162658414820000041e-01
1.162544524639999993e-01
1.162433688850000035e-01
1.162325121949999984e-01
1.162214541449999999e-01
1.162100569149999985e-01
1.161989925150000019e-01
1.161881189589999974e-01
1.161768744250000068e-01
1.161654644920000062e-01
1.161545213179999980e-01
1.161459531669999934e-01
1.161343662780000008e-01
1.161235018670000035e-01
1.161124906240000032e-01
1.161015291000000033e-01
1.161091007330000008e-01
1.160981648990000031e-01
1.160869591569999998e-01
1.160760749120000046e-01
1.160647063879999968e-01
1.160537892569999951e-01
1.160426606069999977e-01
1.160317189119999953e-01
1.160204406299999991e-01
1.160094673030000051e-01
1.159986584659999931e-01
1.159873150980000045e-01
1.159764675779999948e-01
1.159654101770000029e-01
1.159542589719999989e-01
1.159433492399999932e-01
1.159323663579999997e-01
1.159126903180000001e-01
1.159014869640000028e-01
1.158906583629999987e-01
1.158794723619999967e-01
1.158686992290000051e-01
1.159047461319999972e-01
1.158940533530000011e-01
1.158828459059999955e-01
1.158715025829999967e-01
1.158604506900000053e-01
1.159976449170000007e-01
1.159865149170000026e-01
1.159754977679999938e-01
1.159646116540000021e-01
1.159536253150000029e-01
1.159424734199999973e-01
1.159316436399999983e-01
1.159203343080000004e-01
1.159096802079999933e-01
1.158983099909999953e-01
1.158873565510000064e-01
1.158763477179999973e-01
1.158652202449999974e-01
1.158544086929999967e-01
1.158435965260000006e-01
1.158323571079999947e-01
1.158214910419999993e-01
1.158104760839999969e-01
1.157993051150000008e-01
1.157885917139999943e-01
1.157774236380000044e-01
1.157662461180000019e-01
1.157551421999999941e-01
1.157443330359999994e-01
1.157332034800000048e-01
1.157223587829999956e-01
1.157115512729999934e-01
1.157005781390000043e-01
1.157848812360000035e-01
1.157737298089999978e-01
1.157626801339999983e-01
1.157518327289999982e-01
1.157406126609999975e-01
1.157298496200000054e-01
1.157188033329999977e-01
1.157079709310000065e-01
1.156967784349999945e-01
1.156860975770000050e-01
1.156423532660000031e-01
1.156310321300000055e-01
1.156200506280000012e-01
1.156087862669999966e-01
1.155978991110000048e-01
1.155873616040000024e-01
1.155760135780000003e-01
1.155653265800000024e-01
1.155544192410000032e-01
1.155436051910000012e-01
1.155326494279999977e-01
1.155215866039999983e-01
1.155106074159999996e-01
1.154993963890000030e-01
1.154884860500000054e-01
1.154776337269999981e-01
1.154668284439999970e-01
1.154560698999999996e-01
1.154451754969999938e-01
1.154341888499999941e-01
1.154231511930000065e-01
1.154122981599999959e-01
1.154012114430000013e-01
1.153903768289999965e-01
1.153793968009999976e-01
1.153869823560000063e-01
1.153760695689999977e-01
1.153653660600000019e-01
1.153548609689999949e-01
1.153645525519999965e-01
1.153536409260000062e-01
1.153423330120000034e-01
1.153495835610000020e-01
1.153390619639999976e-01
1.152567929389999996e-01
1.148959635980000005e-01
1.149340750510000064e-01
1.149227619690000035e-01
1.149293421870000026e-01
1.149187908799999963e-01
1.149080036020000001e-01
1.148972008500000058e-01
1.148865046390000061e-01
1.148755597409999996e-01
1.148646065760000057e-01
1.148636460870000042e-01
1.148527231970000034e-01
1.148415001780000028e-01
1.148267744030000009e-01
1.148159721639999964e-01
1.148053410359999998e-01
1.147944799260000037e-01
1.147836882480000043e-01
1.147731395180000002e-01
1.147619531499999984e-01
1.148426691670000055e-01
1.148326882590000042e-01
1.148216736610000038e-01
1.148804381819999998e-01
1.148699608479999967e-01
1.148591565620000060e-01
1.148482827759999964e-01
1.148377940989999957e-01
1.148266838689999958e-01
1.148157457940000015e-01
1.148049810529999937e-01
1.148640058180000062e-01
1.148531237919999948e-01
1.148421541380000022e-01
1.148317342110000000e-01
1.148210021339999970e-01
1.148101272130000045e-01
1.147994332900000025e-01
1.147884210189999976e-01
1.147777078479999963e-01
1.147667267949999959e-01
1.147585732810000037e-01
1.147476098800000038e-01
1.147366805070000051e-01
1.147260505480000026e-01
1.147393125330000013e-01
1.148750209729999944e-01
1.148642606459999993e-01
1.148535317269999967e-01
1.148427091090000046e-01
1.148320186559999984e-01
1.148212226229999994e-01
1.148099577719999959e-01
1.147992369610000007e-01
1.147888123409999961e-01
1.147782144599999998e-01
1.147670243680000007e-01
1.147565733219999967e-01
1.147454146639999978e-01
1.147344661799999943e-01
1.147238161109999932e-01
1.147132802760000014e-01
1.147025706069999956e-01
1.146918516599999965e-01
1.146811693430000029e-01
1.146700084190000052e-01
1.146734707810000004e-01
1.146627848890000023e-01
1.146520029769999977e-01
1.146415021720000038e-01
1.146305831039999973e-01
1.146197926760000041e-01
1.146091423689999944e-01
1.145984459909999975e-01
1.145876741099999957e-01
1.145769328960000027e-01
1.145662737069999965e-01
1.148273920640000001e-01
1.148166147829999956e-01
1.148059817620000062e-01
1.148623840580000055e-01
1.148975693590000013e-01
1.148438105209999976e-01
1.148272412359999939e-01
1.148762069250000017e-01
1.149121291060000022e-01
1.149013374419999983e-01
1.148905677059999936e-01
1.148800170890000028e-01
1.148690219730000017e-01
1.148584593549999977e-01
1.148476545530000004e-01
1.148371369970000028e-01
1.148262988529999973e-01
1.148153585040000008e-01
1.148046150970000040e-01
1.149753746870000037e-01
1.149648607699999964e-01
1.149536935989999981e-01
1.149434395219999933e-01
1.149323981750000057e-01
1.149218624150000062e-01
1.149111335160000053e-01
1.149002852710000050e-01
1.148892514150000044e-01
1.148785492110000056e-01
1.148678522619999975e-01
1.148572309719999990e-01
1.148466042079999971e-01
1.148358900719999992e-01
1.148054410210000015e-01
1.147952406679999954e-01
1.147841815339999960e-01
1.147731110720000003e-01
1.147625042409999990e-01
1.147522320489999942e-01
1.147413139649999941e-01
1.147707669590000007e-01
1.147598837689999957e-01
1.147493199810000059e-01
1.147384575920000066e-01
1.147277024680000007e-01
1.147169101809999980e-01
1.147061268030000053e-01
1.146958480120000012e-01
1.146848093980000066e-01
1.146740805929999940e-01
1.146633556139999982e-01
1.146524744859999945e-01
1.146416801670000069e-01
1.146311265169999982e-01
1.146203474710000003e-01
1.146094586840000068e-01
1.145988263310000060e-01
1.145884281629999946e-01
1.145776157330000017e-01
1.145669517159999956e-01
1.145560817419999933e-01
1.145456613910000032e-01
1.145348247019999932e-01
1.145241916889999934e-01
1.145133814779999981e-01
1.145026306720000053e-01
1.144923190280000003e-01
1.144817508079999935e-01
1.144707402740000046e-01
1.144600082229999954e-01
1.144492298909999956e-01
1.144388494270000001e-01
1.144283288449999963e-01
1.144174814360000014e-01
1.144070045220000054e-01
1.143961643510000015e-01
1.143856078119999953e-01
1.143778451940000024e-01
1.143670793160000004e-01
1.143565375760000058e-01
1.143460046909999944e-01
1.143407839810000048e-01
1.143300012340000005e-01
1.143191467010000045e-01
1.143638830530000067e-01
1.143534364639999940e-01
1.143425640639999935e-01
1.143318115359999998e-01
1.143209160290000054e-01
1.143105995990000012e-01
1.142998911750000013e-01
1.142895993329999943e-01
1.142789518110000069e-01
1.142737978210000005e-01
1.142629599189999984e-01
1.142524010179999938e-01
1.142417508790000008e-01
1.142312407979999972e-01
1.142205413969999972e-01
1.142098717889999948e-01
1.141991985150000027e-01
1.141884924800000006e-01
1.141781174489999995e-01
1.141673560789999986e-01
1.141570325159999982e-01
1.141466166779999958e-01
1.141357143410000052e-01
1.141250043430000055e-01
1.141141329480000050e-01
1.141037416740000032e-01
1.140934202449999935e-01
1.140828016070000034e-01
1.140720497809999956e-01
1.140616938229999933e-01
1.140508664299999947e-01
1.139421905200000001e-01
1.140298451809999974e-01
1.141096363450000012e-01
1.140986500280000010e-01
1.140882668849999976e-01
1.140774486429999984e-01
1.140668811980000003e-01
1.140565364619999938e-01
1.140458428740000058e-01
1.140354429399999953e-01
1.140249084100000004e-01
1.140143619659999968e-01
1.140038709149999996e-01
1.139928814439999938e-01
1.139822739940000024e-01
1.139717362719999960e-01
1.139613192950000020e-01
1.139509053180000064e-01
1.139402903289999935e-01
1.139296020549999955e-01
1.139193947859999945e-01
1.139085487979999978e-01
1.138982492639999955e-01
1.138874578310000024e-01
1.138771187239999982e-01
1.138666233110000037e-01
1.138556724709999940e-01
1.138451369100000055e-01
1.138347152499999959e-01
1.138243607250000039e-01
1.138136179630000050e-01
1.138031518969999933e-01
1.137928574390000003e-01
1.137823548280000041e-01
1.137716489170000067e-01
1.137609251099999941e-01
1.137504650939999973e-01
1.137398607999999950e-01
1.137294915220000008e-01
1.137192100579999948e-01
1.137083090020000048e-01
1.136978566160000009e-01
1.136873268999999964e-01
1.136772328230000045e-01
1.136665918319999941e-01
1.136560277600000002e-01
1.136454450280000028e-01
1.136349327019999939e-01
1.136241856580000043e-01
1.136137565739999966e-01
1.136034743490000054e-01
1.135928358400000032e-01
1.139584251770000001e-01
1.139482383039999991e-01
1.139378153900000024e-01
1.139267679179999937e-01
1.139161506540000007e-01
1.139054586399999985e-01
1.138952111420000052e-01
1.138847952629999938e-01
1.138743311930000002e-01
1.138640191090000003e-01
1.138536144809999956e-01
1.138428218029999966e-01
1.138322237250000007e-01
1.138218058839999963e-01
1.138205657109999935e-01
1.138099633720000003e-01
1.137995452440000027e-01
1.137891435049999955e-01
1.137785061160000027e-01
1.137678480100000056e-01
1.137578557220000064e-01
1.137472679669999931e-01
1.137367677640000047e-01
1.137259587529999977e-01
1.137153655500000027e-01
1.137054005350000008e-01
1.136371624370000055e-01
1.136265862840000057e-01
1.136157670090000016e-01
1.136056295420000001e-01
1.135950164319999983e-01
1.135846354419999954e-01
1.135742545770000028e-01
1.135651482830000031e-01
1.135547152640000029e-01
1.136094530979999961e-01
1.135991919569999953e-01
1.135884659109999972e-01
1.135780029520000040e-01
1.135674373930000008e-01
1.135490215659999969e-01
1.135413334130000035e-01
1.135306761510000012e-01
1.135204486769999938e-01
1.135099113640000018e-01
1.134997353389999991e-01
1.134890144349999935e-01
1.134794641880000066e-01
1.134349204670000028e-01
1.134246483899999935e-01
1.133702758479999961e-01
1.133596606759999931e-01
1.133494745309999996e-01
1.133387657099999973e-01
1.133283736719999935e-01
1.133180715349999951e-01
1.133431852239999982e-01
1.133328227929999987e-01
1.133224326730000037e-01
1.133122040209999931e-01
1.133017812839999944e-01
1.132912676569999971e-01
1.132805396199999953e-01
1.132704480129999997e-01
1.132601575010000056e-01
1.132493368340000001e-01
1.132392231410000033e-01
1.132288378939999979e-01
1.132186725259999999e-01
1.131686608579999948e-01
1.131584988510000028e-01
1.131483694020000014e-01
1.131565053259999953e-01
1.132225179160000067e-01
1.133073515799999931e-01
1.133967494780000057e-01
1.133864982790000059e-01
1.133590847999999957e-01
1.133594238559999939e-01
1.133119708959999944e-01
1.133229391780000012e-01
1.133829877329999986e-01
1.133727916129999985e-01
1.133254529559999946e-01
1.133165477980000030e-01
1.133312947829999973e-01
1.133207569689999999e-01
1.133106778090000044e-01
1.133430815080000015e-01
1.133217558789999940e-01
1.133118357300000045e-01
1.133060284789999955e-01
1.132952914920000026e-01
1.132850155209999959e-01
1.132747238190000005e-01
1.132643532620000032e-01
1.132542901929999984e-01
1.132438909449999948e-01
1.132332551480000060e-01
1.132227915729999979e-01
1.132125977979999976e-01
1.132026529020000033e-01
1.132507138309999939e-01
1.132400509069999978e-01
1.132297220359999995e-01
1.132195133749999971e-01
1.132088960279999945e-01
1.131988484600000011e-01
1.131946373419999985e-01
1.131845690970000040e-01
1.131498063749999949e-01
1.131393693230000053e-01
1.131213435729999939e-01
1.131231899579999978e-01
1.131114946169999996e-01
1.131012367650000017e-01
1.130551677899999941e-01
1.130407669889999939e-01
1.130310845579999973e-01
1.130208167480000053e-01
1.129868992259999982e-01
1.129765169220000032e-01
1.130000220719999948e-01
1.129898301379999997e-01
1.129797422319999967e-01
1.129692130089999941e-01
1.129588926729999943e-01
1.129485671240000044e-01
1.129385192579999975e-01
1.129278550619999960e-01
1.129507275539999994e-01
1.129404540900000031e-01
1.129303059130000036e-01
1.129824435999999960e-01
1.129720288920000038e-01
1.129617019020000002e-01
1.129510695779999963e-01
1.129406166130000055e-01
1.129306089660000040e-01
1.129204768270000020e-01
1.129102159350000023e-01
1.129010710799999984e-01
1.128971633869999963e-01
1.129322893940000044e-01
1.129223249930000061e-01
1.129119732659999986e-01
1.129014099309999936e-01
1.128910461660000003e-01
1.128856362970000055e-01
1.129386340339999933e-01
1.129285837479999943e-01
1.129842745900000028e-01
1.129714529760000030e-01
1.129614868349999995e-01
1.129512823069999949e-01
1.129406776970000026e-01
1.129301519080000010e-01
1.131520919450000051e-01
1.132226684819999940e-01
1.132125262739999971e-01
1.132026089579999950e-01
1.131922527029999986e-01
1.131817936669999997e-01
1.131715990889999995e-01
1.131611842990000033e-01
1.131509351899999960e-01
1.131406542140000054e-01
1.131302386579999958e-01
1.131199348709999997e-01
1.131461136400000039e-01
1.131357419869999936e-01
1.131256244550000040e-01
1.131152759919999973e-01
1.131049151349999976e-01
1.132053795480000014e-01
1.131951624960000069e-01
1.131848840639999992e-01
1.131745431069999946e-01
1.131641905189999936e-01
1.131539819730000007e-01
1.131437236499999999e-01
1.131333759820000034e-01
1.131233904430000020e-01
1.131129844490000036e-01
1.131026678809999991e-01
1.130921723339999990e-01
1.130819089750000062e-01
1.130718308029999980e-01
1.130614769260000069e-01
1.130515518700000027e-01
1.130413016960000044e-01
1.130306314110000043e-01
1.130204762700000032e-01
1.130102593820000029e-01
1.130289165860000056e-01
1.130184719650000058e-01
1.130083936939999950e-01
1.129980872689999999e-01
1.129879047609999992e-01
1.129777110469999957e-01
1.129674593290000001e-01
1.129572044110000034e-01
1.129470968240000039e-01
1.129366738659999952e-01
1.129263486769999936e-01
1.129162859680000047e-01
1.129060946860000053e-01
1.128957294410000006e-01
1.128854367079999976e-01
1.128753174060000003e-01
1.128651388920000054e-01
1.130731862099999957e-01
1.130630426260000043e-01
1.130524389110000028e-01
1.130506698829999990e-01
1.130646849949999977e-01
1.130657457069999955e-01
1.131373494699999954e-01
1.131391983590000067e-01
1.131290459440000007e-01
1.131186482499999951e-01
1.131082356980000064e-01
1.130982116210000055e-01
1.130882222989999936e-01
1.130776811319999936e-01
1.130675860330000032e-01
1.130573660769999961e-01
1.130981738129999969e-01
1.130879305109999955e-01
1.130775540369999971e-01
1.130674960499999937e-01
1.130572901010000048e-01
1.130469480549999989e-01
1.130365626489999997e-01
1.130264836009999968e-01
1.130164289549999979e-01
1.130061672160000003e-01
1.129961455680000004e-01
1.129856498940000065e-01
1.129752953309999947e-01
1.129652503259999941e-01
1.129551324980000021e-01
1.129449233629999938e-01
1.129346282239999943e-01
1.129242790159999954e-01
1.129140803040000057e-01
1.129039614300000050e-01
1.128939217219999958e-01
1.128838296959999987e-01
1.128734033750000004e-01
1.128633598789999942e-01
1.128530088379999935e-01
1.128430917839999964e-01
1.128325634720000054e-01
1.128226411449999994e-01
1.128121584389999987e-01
1.128020854320000016e-01
1.127918670629999981e-01
1.127817490679999951e-01
1.127716684519999985e-01
1.127617308659999984e-01
1.127513630340000045e-01
1.127412575180000015e-01
1.127306338780000028e-01
1.127206691139999994e-01
1.127106788420000061e-01
1.127006223460000067e-01
1.126904703430000043e-01
1.126802245449999990e-01
1.126697684169999936e-01
1.126789352820000006e-01
1.126872567359999966e-01
1.126772890350000028e-01
1.126671594750000005e-01
1.126567517439999999e-01
1.127005669020000045e-01
1.126900464919999983e-01
1.126801009839999979e-01
1.126696266200000046e-01
1.126598114220000030e-01
1.126495698050000022e-01
1.126397311550000058e-01
1.126296540800000023e-01
1.126191841830000012e-01
1.126088904249999967e-01
1.125988464020000052e-01
1.125888663260000006e-01
1.125787009260000027e-01
1.125685938410000003e-01
1.138147153780000032e-01
1.137755366840000060e-01
1.137992615550000031e-01
1.138874242840000051e-01
1.127618455580000068e-01
1.127518541799999996e-01
1.127416875980000038e-01
1.127315611180000066e-01
1.127212246420000036e-01
1.127110444910000009e-01
1.127009082329999967e-01
1.126908547369999958e-01
1.126807509609999980e-01
1.126708808509999937e-01
1.126606991929999940e-01
1.126505356860000029e-01
1.126405287100000069e-01
1.126299724010000058e-01
1.126199926029999993e-01
1.126100175699999983e-01
1.126001038109999963e-01
1.125897016240000048e-01
1.125796810139999965e-01
1.125696576859999964e-01
1.125595403199999983e-01
1.125495831300000055e-01
1.125390358379999983e-01
1.125291106240000061e-01
1.125189680639999967e-01
1.125089579609999946e-01
1.124988793819999972e-01
1.123489911189999996e-01
1.123672617289999953e-01
1.123238740490000026e-01
1.122151719639999934e-01
1.122054248260000026e-01
1.121951764389999967e-01
1.122492793599999955e-01
1.122376414429999969e-01
1.122276619680000059e-01
1.122230742249999969e-01
1.122133704879999944e-01
1.122076008400000047e-01
1.121976188859999946e-01
1.121872755080000061e-01
1.121772825940000051e-01
1.121973750840000034e-01
1.121871130279999962e-01
1.122609021829999998e-01
1.122506891280000002e-01
1.122410084650000001e-01
1.122311050839999991e-01
1.122206510440000027e-01
1.122108955050000051e-01
1.122005612989999956e-01
1.121907809819999990e-01
1.121807370409999977e-01
1.121706721699999992e-01
1.121603897679999962e-01
1.121506422489999960e-01
1.122556278760000054e-01
1.122452654910000014e-01
1.122352712670000030e-01
1.122249626259999994e-01
1.122152139160000062e-01
1.122051882870000045e-01
1.121952110370000033e-01
1.121851782409999942e-01
1.121948595919999986e-01
1.121724334980000043e-01
1.121825397289999970e-01
1.121723984480000047e-01
1.121425772029999990e-01
1.121326348199999934e-01
1.121227678909999942e-01
1.121125246850000062e-01
1.121223543599999956e-01
1.121124055199999997e-01
1.121021806209999971e-01
1.120923260259999998e-01
1.120822590089999987e-01
1.120725120030000022e-01
1.120621839879999970e-01
1.120522558990000028e-01
1.120242229469999989e-01
1.120139722259999998e-01
1.120040843520000023e-01
1.119944561080000039e-01
1.119841977410000050e-01
1.120611115980000017e-01
1.121458081660000050e-01
1.123584797850000067e-01
1.123486133410000060e-01
1.123385978020000064e-01
1.123285225579999935e-01
1.123183668689999998e-01
1.123086330560000012e-01
1.123867118469999982e-01
1.117408390700000004e-01
1.118080534819999999e-01
1.117702680329999976e-01
1.117807767300000032e-01
1.117817505119999971e-01
1.117855995139999947e-01
1.117946650189999974e-01
1.116262930180000057e-01
1.116770755709999979e-01
1.116305827160000014e-01
1.116206165279999968e-01
1.116107172500000050e-01
1.116413429399999990e-01
1.116206559370000045e-01
1.116106817199999934e-01
1.115859368319999934e-01
1.115762823460000053e-01
1.115664837639999962e-01
1.115564061799999979e-01
1.115463266850000024e-01
1.115365117240000037e-01
1.115265764569999957e-01
1.115166052710000050e-01
1.115062937739999954e-01
1.114964791930000004e-01
1.114867275669999963e-01
1.114769817190000012e-01
1.114689348749999948e-01
1.114587622799999983e-01
1.114488309829999996e-01
1.114391308079999976e-01
1.114290147970000006e-01
1.114285201149999988e-01
1.114185971200000042e-01
1.114086064689999989e-01
1.113988203009999983e-01
1.113891078430000042e-01
1.113791867610000041e-01
1.113376450739999995e-01
1.113279338280000058e-01
1.113178718939999978e-01
1.113078937160000004e-01
1.112981789479999956e-01
1.112879054759999958e-01
1.112780066429999992e-01
1.112683958200000045e-01
1.112583586149999970e-01
1.112487209550000050e-01
1.112644567820000041e-01
1.112545532419999955e-01
1.112445286869999939e-01
1.112347928210000031e-01
1.112248399480000038e-01
1.112149714550000057e-01
1.112051076379999975e-01
1.111952151310000025e-01
1.111853300280000040e-01
1.111753469829999952e-01
1.111656683730000011e-01
1.111601307920000031e-01
1.111502141440000035e-01
1.111406055490000017e-01
1.111305459039999971e-01
1.111207454069999961e-01
1.111108184930000020e-01
1.111350707200000065e-01
1.111251472800000029e-01
1.111154095419999988e-01
1.111053958819999965e-01
1.110958167209999958e-01
1.110860267240000032e-01
1.110761872709999931e-01
1.110662598140000068e-01
1.110623925020000069e-01
1.110526522529999977e-01
1.110425849340000021e-01
1.110327767270000016e-01
1.110227566769999979e-01
1.110131310820000050e-01
1.110035230719999960e-01
1.109936603740000055e-01
1.109837298160000069e-01
1.110147311480000065e-01
1.110054826959999963e-01
1.109952539379999992e-01
1.109857431079999956e-01
1.109757843349999940e-01
1.109659582590000054e-01
1.109558941099999946e-01
1.109459728479999935e-01
1.109363955619999953e-01
1.109266854250000045e-01
1.108759952210000010e-01
1.108662177070000032e-01
1.108563879989999945e-01
1.108464416700000038e-01
1.108365095840000009e-01
1.108266841810000014e-01
1.108165861229999938e-01
1.108558446000000031e-01
1.109390599620000001e-01
1.109290916749999939e-01
1.109191868139999954e-01
1.109553619980000044e-01
1.109542799939999963e-01
1.110292231590000039e-01
1.110812981879999994e-01
1.110714377489999960e-01
1.110616433359999933e-01
1.111119027350000038e-01
1.111022520550000031e-01
1.110922603129999992e-01
1.110825254029999959e-01
1.111319145879999942e-01
1.111657793879999995e-01
1.111558992849999983e-01
1.111463322980000001e-01
1.111364737529999952e-01
1.111266565710000015e-01
1.111168137750000035e-01
1.111070077800000028e-01
1.110972577850000004e-01
1.110875287839999948e-01
1.110777615650000022e-01
1.110676920349999985e-01
1.110578678870000058e-01
1.110219442899999936e-01
1.110124274509999981e-01
1.110027437729999983e-01
1.109929374999999996e-01
1.109830218739999985e-01
1.109939732600000034e-01
1.109841351719999952e-01
1.109738420409999982e-01
1.109638691239999975e-01
1.109543626340000061e-01
1.109446615339999970e-01
1.109352004810000014e-01
1.109255281350000066e-01
1.109157770179999974e-01
1.109054750179999937e-01
1.108959012460000032e-01
1.108857340949999937e-01
1.108761906090000027e-01
1.108666303159999977e-01
1.108568591709999940e-01
1.108471190369999942e-01
1.108375257869999991e-01
1.108279203619999959e-01
1.108177199659999973e-01
1.108079610839999979e-01
1.107980245669999975e-01
1.107885199499999973e-01
1.107787572919999991e-01
1.109190354229999953e-01
1.109037268849999980e-01
1.108939840720000042e-01
1.108843291360000066e-01
1.109222438450000042e-01
1.109079039340000045e-01
1.108980452549999940e-01
1.114970703050000012e-01
1.116101829079999969e-01
1.116006078159999942e-01
1.115908414960000011e-01
1.115810715200000053e-01
1.115711720769999998e-01
1.115611989610000021e-01
1.115515415420000045e-01
1.115418952370000050e-01
1.115318644380000057e-01
1.115221257019999995e-01
1.115121971779999971e-01
1.115025641749999991e-01
1.114925880540000025e-01
1.114829526129999943e-01
1.114732449070000020e-01
1.114634904810000021e-01
1.114535906620000016e-01
1.114684066570000021e-01
1.114584589699999934e-01
1.114485454000000014e-01
1.114389306600000046e-01
1.114291502120000055e-01
1.114192459610000019e-01
1.114094255680000006e-01
1.113997722330000023e-01
1.113902339880000064e-01
1.114181740989999975e-01
1.114256616449999931e-01
1.114157725069999938e-01
1.114063610719999986e-01
1.113962373969999975e-01
1.113863152749999946e-01
1.113766842740000068e-01
1.113667849109999941e-01
1.113572862579999961e-01
1.113476894020000024e-01
1.113376735730000067e-01
1.113279998839999951e-01
1.113180918520000062e-01
1.113086026690000008e-01
1.112988166760000008e-01
1.112886829390000026e-01
1.112791617229999946e-01
1.112693929579999935e-01
1.112596075920000011e-01
1.112501097239999986e-01
1.112403626459999989e-01
1.112305771410000005e-01
1.112207170750000029e-01
1.112111117159999968e-01
1.112013364120000014e-01
1.111915333109999987e-01
1.111817319410000060e-01
1.111719132239999963e-01
1.111625580599999996e-01
1.111527786649999933e-01
1.111428865700000018e-01
1.111333365350000019e-01
1.111235790019999975e-01
1.111137253839999950e-01
1.111040880570000056e-01
1.110943697069999986e-01
1.110846968129999973e-01
1.110748311369999936e-01
1.110651542289999988e-01
1.110556630759999969e-01
1.110457564250000029e-01
1.110359543170000018e-01
1.110265272990000052e-01
1.110168770570000019e-01
1.110070570179999966e-01
1.109973403460000063e-01
1.109878459040000015e-01
1.109778940649999990e-01
1.109680340170000057e-01
1.109583566300000046e-01
1.109486235110000024e-01
1.109393478629999985e-01
1.109297509280000038e-01
1.109199238180000047e-01
1.109103800860000016e-01
1.109003137170000014e-01
1.108908576370000038e-01
1.108809126560000025e-01
1.108712797079999951e-01
1.108617092919999964e-01
1.108520691329999974e-01
1.108425112429999998e-01
1.108326891499999967e-01
1.108229009320000069e-01
1.108132758420000002e-01
1.108038823949999974e-01
1.107940554329999994e-01
1.108278637550000056e-01
1.108181982099999963e-01
1.108082620810000030e-01
1.107987221049999971e-01
1.107891754730000039e-01
1.107795698499999953e-01
1.107698172619999977e-01
1.107602735710000036e-01
1.107506117420000019e-01
1.107410380019999974e-01
1.107313991450000062e-01
1.107214132639999932e-01
1.107117985289999967e-01
1.107022355110000023e-01
1.108440537999999947e-01
1.108344346229999944e-01
1.108248643529999994e-01
1.108153325000000022e-01
1.108057646859999940e-01
1.107959708529999976e-01
1.107864451150000068e-01
1.107767451819999943e-01
1.107672340839999936e-01
1.107573065850000066e-01
1.107479456560000047e-01
1.107379831190000025e-01
1.107286630699999969e-01
1.107190242300000044e-01
1.107091606939999973e-01
1.106997030360000051e-01
1.106900731490000067e-01
1.106804359689999989e-01
1.106709126520000058e-01
1.106611310389999936e-01
1.106515798700000025e-01
1.106421728059999998e-01
1.106323241419999992e-01
1.106226193799999952e-01
1.106129292009999932e-01
1.106032949399999993e-01
1.105937446280000069e-01
1.107053719030000050e-01
1.106958816059999962e-01
1.106861721460000031e-01
1.106768858180000037e-01
1.106669948089999966e-01
1.106576288399999941e-01
1.106475658060000061e-01
1.106382382690000027e-01
1.106284022179999937e-01
1.106187668059999962e-01
1.106093622299999940e-01
1.105996348060000051e-01
1.106246615720000021e-01
1.106149107999999937e-01
1.107041464589999941e-01
1.106946343839999986e-01
1.106846036380000065e-01
1.106745292970000016e-01
1.106652003509999982e-01
1.106558726079999999e-01
1.106464002789999956e-01
1.106366343110000011e-01
1.106270927520000003e-01
1.106172834940000044e-01
1.106176595220000058e-01
1.106080022450000033e-01
1.106216943420000043e-01
1.106122222089999940e-01
1.107777300579999985e-01
1.107682770289999952e-01
1.107588434150000023e-01
1.107489760700000048e-01
1.107392963019999954e-01
1.107296227870000066e-01
1.108616844299999959e-01
1.108520191960000040e-01
1.108426312820000037e-01
1.108330598029999975e-01
1.108236010120000059e-01
1.108139380330000062e-01
1.108043668260000059e-01
1.107949319660000015e-01
1.107852059999999972e-01
1.107752879190000012e-01
1.107656665859999973e-01
1.107559973000000059e-01
1.107469644390000063e-01
1.107374837959999997e-01
1.107304433210000022e-01
1.107212747469999981e-01
1.107112821879999986e-01
1.107017207440000039e-01
1.106920870730000034e-01
1.106824649380000053e-01
1.106729018019999983e-01
1.106635141430000052e-01
1.106538412849999986e-01
1.106444121640000056e-01
1.107036425479999975e-01
1.106990928160000026e-01
1.106895619489999955e-01
1.106798766390000022e-01
1.106700541389999959e-01
1.106605336740000001e-01
1.106510701509999944e-01
1.106416578389999988e-01
1.106320339199999975e-01
1.106224643590000001e-01
1.106129666820000051e-01
1.106033129670000031e-01
1.105611787990000011e-01
1.105845003189999953e-01
1.105748268010000035e-01
1.105652660340000065e-01
1.105558526120000024e-01
1.105466357519999943e-01
1.105371557589999998e-01
1.105275802170000016e-01
1.105180240680000009e-01
1.105082588229999996e-01
1.105651024100000046e-01
1.105553743809999934e-01
1.105458524499999956e-01
1.105362008189999939e-01
1.105268228540000064e-01
1.105169054150000052e-01
1.105072670360000009e-01
1.104980125789999934e-01
1.104886824430000025e-01
1.104792176870000031e-01
1.104694958659999948e-01
1.104599190150000049e-01
1.104503741409999934e-01
1.104409537689999971e-01
1.104312983860000069e-01
1.104219876340000045e-01
1.104125140059999954e-01
1.104501400059999944e-01
1.104405314650000053e-01
1.104309346139999981e-01
1.104213430889999931e-01
1.104118036709999945e-01
1.104189515670000038e-01
1.104095622479999983e-01
1.103999570749999992e-01
1.103905134409999961e-01
1.103810451719999947e-01
1.103925589079999964e-01
1.103830170370000002e-01
1.103733888750000058e-01
1.103473370949999977e-01
1.103380225040000023e-01
1.103283647849999938e-01
1.103188861369999996e-01
1.103092816259999970e-01
1.102999312140000021e-01
1.102906426300000048e-01
1.102941227099999977e-01
1.102846214899999983e-01
1.102754379260000028e-01
1.102658903229999932e-01
1.102567147070000059e-01
1.102470261590000056e-01
1.102374637160000032e-01
1.102280197010000046e-01
1.102184889750000008e-01
1.102090319509999999e-01
1.101994950110000010e-01
1.101901647639999954e-01
1.101805690000000060e-01
1.101712607839999969e-01
1.101616691630000061e-01
1.101523858590000016e-01
1.101430891199999956e-01
1.101334558259999957e-01
1.101239044250000021e-01
1.101146897070000019e-01
1.101050043640000031e-01
1.100953837460000029e-01
1.100860055309999946e-01
1.100766651839999999e-01
1.100671738920000059e-01
1.100580432609999937e-01
1.100483958200000056e-01
1.100391019930000019e-01
1.100297166719999969e-01
1.100724861740000060e-01
1.100628630519999984e-01
1.100533402220000012e-01
1.100436575270000022e-01
1.100344265320000042e-01
1.100249083280000068e-01
1.100158934539999939e-01
1.100063299570000069e-01
1.099970539350000054e-01
1.101310566650000045e-01
1.101215172340000020e-01
1.101120661649999943e-01
1.101024627740000011e-01
1.100930846829999976e-01
1.100836209670000010e-01
1.100741091569999996e-01
1.100648050749999940e-01
1.100555927669999989e-01
1.100463685159999982e-01
1.100367081549999959e-01
1.100272395099999995e-01
1.100176421630000012e-01
1.100084436379999975e-01
0.000000000000000000e+00
1.103406280069999940e-01
1.105897701099999991e-01
1.105800979549999979e-01
1.105710050729999949e-01
1.105615938770000001e-01
1.105519165539999987e-01
1.105425299159999986e-01
1.105332573519999945e-01
1.105239414320000058e-01
1.105143541540000024e-01
1.105045168070000056e-01
1.104951499599999970e-01
1.104858536499999933e-01
1.102183576889999989e-01
1.102090068380000010e-01
1.104575382709999942e-01
1.104481556970000056e-01
1.104387539969999971e-01
1.104292422450000033e-01
1.104198376879999971e-01
1.104100730010000031e-01
1.104002503969999938e-01
1.101336453250000014e-01
1.103815653360000065e-01
1.103721695849999990e-01
1.101054105439999986e-01
1.100960544510000000e-01
1.100864847799999935e-01
1.100772803920000015e-01
1.100680136239999968e-01
1.100583305240000059e-01
1.100489316650000021e-01
1.100396706679999947e-01
1.100304378869999961e-01
1.100208262690000049e-01
1.100112099629999979e-01
1.100018091110000068e-01
1.099927133749999952e-01
1.099834656589999959e-01
1.099739540400000021e-01
1.099645657279999938e-01
1.099552218849999957e-01
1.099456703529999996e-01
1.099365886269999953e-01
1.099273714640000010e-01
1.099175204639999959e-01
1.099079954060000058e-01
1.098987646039999988e-01
1.098897451249999935e-01
1.098803245239999976e-01
1.098707023099999985e-01
1.098616823999999936e-01
1.098523259120000040e-01
1.098427806410000040e-01
1.098589459329999962e-01
1.098494935930000027e-01
1.098404677600000046e-01
1.098310076890000042e-01
1.098213172429999968e-01
1.098121641839999996e-01
1.098029855370000057e-01
1.097935517140000011e-01
1.097841733650000012e-01
1.097749753950000018e-01
1.097654775389999976e-01
1.097562160159999967e-01
1.097468458549999970e-01
1.097483364850000004e-01
1.097388891999999949e-01
1.097298469030000001e-01
1.097204249189999981e-01
1.097110454160000054e-01
1.097019781579999936e-01
1.096925934959999960e-01
1.096829152079999981e-01
1.096736459000000052e-01
1.096645375209999995e-01
1.096551015599999956e-01
1.096458038850000039e-01
1.096365641559999965e-01
1.096271407899999939e-01
1.096176990450000027e-01
1.096084787700000035e-01
1.096038696920000055e-01
1.095944709459999999e-01
1.095852433299999984e-01
1.095759573210000060e-01
1.095662018389999964e-01
1.095570634329999932e-01
1.095478495740000030e-01
1.095383713519999941e-01
1.095292760650000002e-01
1.095271556119999934e-01
1.095175773220000010e-01
1.095082486180000009e-01
1.094989033179999960e-01
1.094895020969999938e-01
1.094805780460000044e-01
1.094707569860000063e-01
1.094616774110000051e-01
1.094526170420000027e-01
1.094431497710000034e-01
1.094338095839999941e-01
1.094248750190000008e-01
1.094155128020000006e-01
1.094061420929999945e-01
1.093965833740000032e-01
1.093873932870000065e-01
1.093782057380000006e-01
1.093690823479999963e-01
1.093594748489999935e-01
1.093505193760000022e-01
1.093410636180000006e-01
1.093318438869999992e-01
1.093227265480000016e-01
1.093134500939999948e-01
1.093038358450000025e-01
1.092948360009999981e-01
1.092857109010000050e-01
1.092763391260000022e-01
1.092672700280000048e-01
1.092574472319999962e-01
1.092524587520000007e-01
1.092433077770000038e-01
1.092341063129999984e-01
1.092247660200000026e-01
1.092155851580000059e-01
1.092064317889999969e-01
1.091971400879999943e-01
1.091877423089999966e-01
1.091784469059999957e-01
1.091692824900000053e-01
1.091601006899999976e-01
1.091508322560000022e-01
1.091416836260000051e-01
1.091323907659999953e-01
1.091234014949999942e-01
1.091139961790000001e-01
1.091044809750000011e-01
1.091090325170000069e-01
1.091001165269999962e-01
1.090908779469999951e-01
1.090816523040000069e-01
1.090727605390000021e-01
1.090636544590000007e-01
1.090543272730000041e-01
1.090449189920000006e-01
1.090354718629999997e-01
1.090261644359999949e-01
1.090172686079999981e-01
1.090079727859999958e-01
1.089990144510000064e-01
1.089899989669999986e-01
1.089807174639999959e-01
1.089713868339999975e-01
1.089620568950000062e-01
1.089527164809999948e-01
1.089432899079999933e-01
1.089343751649999997e-01
1.089253854799999977e-01
1.089160919739999983e-01
1.089069209830000051e-01
1.088978337649999933e-01
1.088883743900000006e-01
1.088794002109999964e-01
1.088701729410000013e-01
1.088608692220000007e-01
1.088517122579999996e-01
1.088423788929999969e-01
1.088334722879999994e-01
1.088241701199999939e-01
1.088149375600000052e-01
1.088056996019999972e-01
1.087964491180000021e-01
1.087877572840000029e-01
1.087785313369999951e-01
1.087690111769999968e-01
1.087695826410000066e-01
1.087606542529999942e-01
1.087512107179999937e-01
1.087615309350000031e-01
1.087521387359999953e-01
1.087431373159999937e-01
1.087341500230000063e-01
1.087249102970000020e-01
1.087159396410000006e-01
1.087068182600000044e-01
1.086974774170000047e-01
1.086883624019999994e-01
1.086791340510000065e-01
1.086700810570000036e-01
1.086607612650000027e-01
1.086517004880000054e-01
1.086426299510000054e-01
1.086334856909999952e-01
1.086244861030000036e-01
1.086152126789999978e-01
1.086060167440000002e-01
1.085967992489999950e-01
1.085878713089999947e-01
1.085958935409999937e-01
1.085868984780000018e-01
1.085776382109999993e-01
1.085683455330000019e-01
1.085595629030000064e-01
1.085503633040000027e-01
1.085411962989999979e-01
1.085319427730000036e-01
1.085230686410000034e-01
1.085135512520000040e-01
1.085047599909999966e-01
1.084956489359999998e-01
1.086730760120000056e-01
1.086636777159999956e-01
1.086543818810000034e-01
1.086454610720000019e-01
1.086363779299999999e-01
1.086271603680000059e-01
1.086181202559999975e-01
1.086090688080000033e-01
1.085998116219999976e-01
1.085905794809999964e-01
1.085815695840000039e-01
1.085725767919999973e-01
1.085633824470000064e-01
1.085541277039999974e-01
1.085854288160000014e-01
1.085761435729999946e-01
1.085667657289999949e-01
1.085576431429999961e-01
1.085485987570000005e-01
1.085396228030000021e-01
1.085306851950000040e-01
1.085216222779999962e-01
1.085126120279999995e-01
1.085032420979999968e-01
1.085091595499999978e-01
1.084997956760000021e-01
1.084904619159999944e-01
1.084815116230000015e-01
1.084726260180000068e-01
1.084635151949999987e-01
1.084545324060000038e-01
1.084413500209999992e-01
1.084322025349999941e-01
1.084230562799999992e-01
1.084138785930000015e-01
1.084048601060000061e-01
1.083957756449999976e-01
1.083867798990000020e-01
1.083776674550000069e-01
1.083682681879999943e-01
1.083593002989999970e-01
1.083505462179999990e-01
1.083412399180000013e-01
1.083323406220000062e-01
1.083231013289999989e-01
1.083140789790000003e-01
1.083050519930000011e-01
1.082959694069999951e-01
1.082869471929999994e-01
1.082778843159999949e-01
1.082687129390000058e-01
1.082595038899999973e-01
1.082507884410000010e-01
1.082416745589999951e-01
1.082325427120000017e-01
1.082234287180000032e-01
1.082145294850000022e-01
1.082053450120000065e-01
1.081964150089999993e-01
1.081873781869999995e-01
1.081780635009999963e-01
1.081691723420000056e-01
1.081601253780000021e-01
1.081511171289999962e-01
1.081421153739999946e-01
1.081330697539999997e-01
1.081238410369999986e-01
1.081149005259999935e-01
1.081061206719999973e-01
1.080968516990000045e-01
1.080878104530000050e-01
1.080789364510000017e-01
1.080697443360000010e-01
1.080787327100000000e-01
1.080697324910000062e-01
1.080604091370000047e-01
1.080516789340000006e-01
1.080427170850000035e-01
1.080336496549999942e-01
1.080246113899999971e-01
1.080154598939999933e-01
1.080066487979999962e-01
1.079977220710000019e-01
1.079887797280000006e-01
1.079793696750000059e-01
1.079704864660000069e-01
1.079613972810000017e-01
1.079524108739999960e-01
1.079434445520000008e-01
1.079828111340000035e-01
1.079739452969999958e-01
1.079648760809999997e-01
1.079557731559999956e-01
1.079467773660000018e-01
1.079378021819999978e-01
1.079288426830000008e-01
1.079198281320000036e-01
1.079107388020000002e-01
1.079018825429999967e-01
1.078926492180000002e-01
1.078835792780000052e-01
1.078748094429999999e-01
1.078660817710000025e-01
1.078570142259999975e-01
1.078479649889999975e-01
1.078388696600000030e-01
1.078298817780000002e-01
1.078976478979999931e-01
1.078883647949999969e-01
1.078792867410000023e-01
1.078703180360000013e-01
1.078616087959999997e-01
1.078524123390000033e-01
1.078435287560000067e-01
1.078346110299999994e-01
1.078257023410000015e-01
1.078165262489999970e-01
1.078077730759999936e-01
1.077985671270000056e-01
1.077896388810000022e-01
1.077807207770000025e-01
1.077714420639999948e-01
1.077625491560000037e-01
1.077537213340000050e-01
1.077449242129999984e-01
1.077359664220000068e-01
1.077273031869999953e-01
1.077180222659999964e-01
1.077090334820000050e-01
1.077090334820000050e-01
1.077000583979999954e-01
1.076911323479999988e-01
1.076833053029999931e-01
1.076745940530000056e-01
1.076654228560000037e-01
1.076567061210000065e-01
1.076476152760000027e-01
1.076387847079999932e-01
1.076299707580000015e-01
1.076588511009999999e-01
1.076498647629999944e-01
1.076407020409999998e-01
1.076317740570000014e-01
1.076227672880000069e-01
1.076139627700000018e-01
1.076049479909999967e-01
1.075957680390000060e-01
1.075870664200000021e-01
1.075782509919999963e-01
1.075696105310000039e-01
1.075603971399999997e-01
1.075514396569999948e-01
1.075423099190000037e-01
1.075334873029999971e-01
1.075244811890000013e-01
1.075156252899999998e-01
1.075068531639999936e-01
1.074977648619999948e-01
1.074889525929999951e-01
1.074801696060000006e-01
1.075269828499999941e-01
1.075179367900000044e-01
1.075091822959999971e-01
1.075525811869999931e-01
1.075437705900000041e-01
1.075349777839999937e-01
1.075258591900000033e-01
1.075170915630000029e-01
1.075082993160000056e-01
1.074993674960000034e-01
1.074906057050000058e-01
1.074816095379999975e-01
1.074724317650000011e-01
1.074634901220000022e-01
1.074989177280000069e-01
1.074899317330000048e-01
1.074812337419999986e-01
1.074722737580000032e-01
1.074632864299999990e-01
1.074543079560000003e-01
1.074455869759999987e-01
1.074390405620000016e-01
1.074300686839999991e-01
1.074212131349999988e-01
1.074123466459999954e-01
1.074034482960000009e-01
1.073945232649999998e-01
1.073859533159999963e-01
1.073770440499999951e-01
1.073681077099999936e-01
1.073751914520000017e-01
1.073664494880000042e-01
1.073576023310000016e-01
1.073485668009999949e-01
1.073395471320000016e-01
1.073305038640000042e-01
1.073216445110000000e-01
1.073130700870000009e-01
1.073042493489999999e-01
1.072954332069999961e-01
1.072866893000000016e-01
1.072779243850000008e-01
1.072688292039999935e-01
1.072598960889999953e-01
1.072509450110000068e-01
1.072419845809999966e-01
1.072329527349999978e-01
1.072241803300000018e-01
1.072153619030000032e-01
1.072066061749999966e-01
1.071981100180000035e-01
1.071893389280000053e-01
1.071803206610000003e-01
1.071715476550000046e-01
1.071624851230000008e-01
1.071532989180000034e-01
1.071441991579999975e-01
1.071357818099999970e-01
1.071268051339999972e-01
1.071182330129999971e-01
1.071096016690000069e-01
1.071005716759999976e-01
1.070917658470000033e-01
1.070828971100000054e-01
1.071346814990000035e-01
1.071256390970000000e-01
1.071165883880000058e-01
1.071078333900000040e-01
1.070993080880000003e-01
1.070901923589999971e-01
1.070816654199999995e-01
1.070725392049999974e-01
1.070636953119999957e-01
1.070550213469999984e-01
1.070461815969999952e-01
1.070372344280000054e-01
1.070283513540000037e-01
1.070796676759999955e-01
1.071504355109999945e-01
1.071418356759999968e-01
1.071327495859999979e-01
1.071236856449999941e-01
1.071150189189999935e-01
1.071060973190000043e-01
1.070975388200000045e-01
1.070884608109999997e-01
1.070798584649999968e-01
1.070711073260000035e-01
1.070533539499999992e-01
1.070445478659999977e-01
1.071873566449999954e-01
1.071784130139999958e-01
1.071696441579999964e-01
1.071609954119999986e-01
1.071520104410000063e-01
1.071431016389999963e-01
1.071343700299999951e-01
1.071255009779999989e-01
1.071165775790000052e-01
1.071080673339999956e-01
1.070994044509999965e-01
1.070903355219999936e-01
1.070812627110000054e-01
1.070727206179999946e-01
1.070640762559999931e-01
1.070549688800000038e-01
1.070462823350000064e-01
1.070374334819999967e-01
1.070288094900000014e-01
1.070198531699999983e-01
1.070108869000000046e-01
1.070023066579999932e-01
1.069933789899999987e-01
1.069849963280000010e-01
1.069759990810000005e-01
1.069669664629999961e-01
1.069585045930000061e-01
1.069494752529999981e-01
1.069406351370000008e-01
1.069317217099999967e-01
1.069231913900000053e-01
1.069143716150000034e-01
1.069540426199999950e-01
1.070210838080000032e-01
1.070120459479999980e-01
1.070322779959999998e-01
1.070232963809999993e-01
1.070147103880000061e-01
1.070061338400000034e-01
1.069971581960000029e-01
1.069882378719999999e-01
1.069796789859999986e-01
1.069709876219999967e-01
1.069621112779999966e-01
1.069532472359999986e-01
1.069445529879999995e-01
1.069361402740000022e-01
1.069266087589999942e-01
1.069180911119999994e-01
1.069095393469999961e-01
1.069007960020000036e-01
1.068919309840000026e-01
1.068831913650000048e-01
1.068744705289999958e-01
1.068657462359999949e-01
1.068567770400000033e-01
1.068480279300000058e-01
1.068392381040000061e-01
1.068305509729999964e-01
1.068220299120000022e-01
1.068133400279999978e-01
1.068043377740000022e-01
1.067956102389999995e-01
1.067869464629999932e-01
1.067780281349999943e-01
1.067694992810000049e-01
1.067606050380000005e-01
1.067519898370000025e-01
1.067430672750000059e-01
1.067345936469999979e-01
1.067257487060000037e-01
1.067170962570000020e-01
1.067082076190000034e-01
1.066991760939999950e-01
1.066906528419999944e-01
1.066822674720000058e-01
1.066735383689999955e-01
1.066647739280000007e-01
1.066558455169999975e-01
1.066469809850000006e-01
1.066381679630000051e-01
1.066297076119999965e-01
1.066210533470000055e-01
1.066121856519999939e-01
1.066034408560000007e-01
1.065948285120000005e-01
