4.830935358569992388e+01
3.837339875540003931e+01
3.048107280075002024e+01
2.421197968453999749e+01
1.923226223793998813e+01
1.527680457770997613e+01
1.213472875059999900e+01
9.638962405109994691e+00
7.656500859190000341e+00
6.081776165069988416e+00
4.830947373159998115e+00
3.837340220430001114e+00
3.048106935527002737e+00
2.421197976390000672e+00
1.923227098060000362e+00
1.527680014933000097e+00
1.213472961736003830e+00
9.638965025499991457e-01
7.656499446150013544e-01
6.081776630220010471e-01
4.830947373309987247e-01
3.837340237220006611e-01
3.048107131239002343e-01
2.421198416409995335e-01
1.923226116838998856e-01
1.527680018995997702e-01
1.213473603769997661e-01
9.638960764819994032e-02
7.656498857129996616e-02
6.081778824240010456e-02
4.830947114009992438e-02
3.837340218099999367e-02
3.048106874363006730e-02
2.421197999948002111e-02
1.923226945055998491e-02
1.527680018372999139e-02
1.213472862912999203e-02
9.638964042300007112e-03
7.656501733440007097e-03
6.081774979749995404e-03
4.830947760389990922e-03
3.837324226600001813e-03
3.048123371952999889e-03
2.421208415089002013e-03
1.923216561700999677e-03
1.527679762186001048e-03
1.213468107943999758e-03
9.639013881170006414e-04
7.656531326679995612e-04
6.081745752779998872e-04
2.162278967507000414e-03
