-1.139343531356222378e-01
-1.217502682125447144e+01
-1.139367300734578370e-01
-1.139256322161771445e-01
-1.139144248544761984e-01
-1.139028506143364705e-01
-1.138917856668929390e-01
-1.293207204633415408e+01
-1.139018059711567749e-01
-1.138906617858791576e-01
-1.138794686930995753e-01
-1.138681887633514050e-01
-1.138571639054344470e-01
-1.082520702975319793e+01
-1.138404501177495282e-01
-1.138293858547614890e-01
-1.179230588955405001e-01
-1.179112126434362917e-01
-9.369744140445801506e+00
-1.178969377050353012e-01
-1.610846752915519531e+01
-1.180789519272772287e-01
-1.180674720928286126e-01
-1.180560906064142268e-01
-1.180440722388198527e-01
-1.180324755146628518e-01
-1.180208479344687644e-01
-1.180095202278127475e-01
-1.179976454618135301e-01
-1.179861700202213537e-01
-1.179744422454954561e-01
-1.179629617043278234e-01
-1.179513544259885721e-01
-1.179396303860639622e-01
-1.179280017350487070e-01
-1.179165536986023083e-01
-1.179050831785797698e-01
-1.178936274122291405e-01
-1.178818726858224947e-01
-1.178698076531094624e-01
-1.178583235819615077e-01
-1.178468855381440833e-01
-1.178354773512992199e-01
-1.178239849080487123e-01
-1.178123233989742946e-01
-1.178005651875334431e-01
-1.177891259358487958e-01
-1.177774639941561452e-01
-1.177658393711435436e-01
-1.177544216941064925e-01
-1.177427586185709335e-01
-1.177310618604955339e-01
-1.177198023845983377e-01
-1.177085354189530420e-01
-1.176965886119165361e-01
-1.176850614372423331e-01
-1.176735091398258132e-01
-1.176620152887857818e-01
-1.176500331011812728e-01
-1.176387471542225810e-01
-1.176273397614126109e-01
-1.176159514039263054e-01
-1.176042559445792113e-01
-1.175926709926649327e-01
-1.176115467426029487e-01
-1.175698497455730102e-01
-1.175582669505677580e-01
-1.175464079170464027e-01
-1.175351797854483488e-01
-1.175341218585795877e-01
-1.175225729522446638e-01
-1.175110998863362760e-01
-1.174998046783359285e-01
-1.174879165855638175e-01
-1.174764688660376727e-01
-1.174651443844450804e-01
-1.174536443013664139e-01
-1.174419956579547675e-01
-1.174304620816213895e-01
-1.174189173578598228e-01
-1.174075404236029213e-01
-1.173957611833573861e-01
-1.243260056109595091e+01
-1.173830820395542623e-01
-1.173713078816287086e-01
-1.173596353320177088e-01
-1.173478848570502636e-01
-1.173364142551976130e-01
-1.173252162958928202e-01
-1.173138314444261976e-01
-1.173024385351826571e-01
-1.172910193731161316e-01
-1.172794256505233085e-01
-1.172677478401815826e-01
-1.172562675402249316e-01
-1.172448619448663437e-01
-1.172334541134607555e-01
-1.172219557280247126e-01
-1.172108055920262765e-01
-1.171991730300944168e-01
-1.171878510171328047e-01
-1.171763334449835992e-01
-1.171647851146895014e-01
-1.171533272261425784e-01
-1.096685403297330730e+01
-1.171388444718893390e-01
-1.171274346628728008e-01
-1.171163584158262938e-01
-1.171047329279019944e-01
-1.170931753136785214e-01
-1.170816376948261711e-01
-1.170704543869436759e-01
-1.170590796157150587e-01
-1.170475780715092007e-01
-1.170360687777930175e-01
-1.276098084649883724e+01
-1.170299352288882849e-01
-1.170185334622956125e-01
-1.170073632615570847e-01
-1.169955632732067041e-01
-1.169841966030252256e-01
-1.169730887702817718e-01
-1.169616000020693436e-01
-1.169502309578560745e-01
-1.169387553122592099e-01
-1.169271419815883228e-01
-1.169157772190299732e-01
-1.169047611764806038e-01
-1.168932684403320432e-01
-1.168818458588343351e-01
-1.168704572704115235e-01
-1.168589086472506672e-01
-1.168476008989534215e-01
-1.168361690145480469e-01
-1.168248763418764519e-01
-1.549201977143405884e+01
-1.169593532340542363e-01
-1.169479988992723485e-01
-1.169368431832468330e-01
-1.169253428293719477e-01
-1.169138823631333673e-01
-1.169024541950590690e-01
-1.168910592286748623e-01
-1.168796266047962967e-01
-1.168684182471044497e-01
-1.319663885051070729e+01
-1.168467820973386612e-01
-1.168354912804661500e-01
-1.170066675169730980e-01
-1.169953824348675675e-01
-1.083917078654499555e+01
-1.378759167670326313e+01
-1.170624458993030220e-01
-9.934150520019342068e+00
-1.170701358370124651e-01
-1.170594633562166559e-01
-1.170477822817587721e-01
-1.170362983597687256e-01
-1.170246508360659327e-01
-1.170136686365494810e-01
-1.170022020372344929e-01
-1.304581770643608607e+01
-1.170573990498884054e-01
-1.170459787380099398e-01
-2.210759165003171489e+01
-1.171003377144962387e-01
-1.170888347989354622e-01
-1.170777824518057925e-01
-1.170665602966020347e-01
-1.170551897366592792e-01
-1.170438574161832418e-01
-1.170323692937345339e-01
-1.170209994029207529e-01
-1.170094734948227688e-01
-1.251422922021576412e+01
-1.170304228625212301e-01
-1.170193165244358680e-01
-1.170077352872683218e-01
-1.169965305771030611e-01
-1.169853574618398007e-01
-1.157825071369730274e+01
-1.169620673668025218e-01
-1.169510433432733726e-01
-1.169397857065916091e-01
-1.169283834498888730e-01
-1.169170087516309964e-01
-1.169069986879531647e-01
-1.168956220970140403e-01
-1.168842201828740324e-01
-1.168725620708303548e-01
-1.168612385755640054e-01
-1.168502521608223987e-01
-1.168391177763561661e-01
-1.168278501115352641e-01
-1.168162534297161742e-01
-1.168048982532450542e-01
-1.167749492129017824e-01
-1.167637012454283418e-01
-9.366721246970254100e+00
-1.167577597309191750e-01
-1.167464878155037855e-01
-1.167348382603166645e-01
-1.167237193209241519e-01
-1.167124581888089457e-01
-1.167010785387116029e-01
-1.166900600811377614e-01
-1.166787527077958325e-01
-1.166673771173912244e-01
-1.166559731979140702e-01
-1.166447735645927269e-01
-1.166337148255702783e-01
-1.166223053848112479e-01
-1.166108637085331440e-01
-1.165995764136718155e-01
-1.165884032837418011e-01
-1.165773975931521655e-01
-1.165659976712485196e-01
-1.165547373920787916e-01
-1.165434126920360247e-01
-1.165321023720833626e-01
-1.165206563496188480e-01
-1.165092448749076859e-01
-1.164452166850856590e-01
-1.164341351109089706e-01
-1.164232099279609578e-01
-1.164115613919216030e-01
-1.336319286576106258e+01
-1.164073508230075854e-01
-1.163957776843386888e-01
-1.053168336945345196e+01
-1.164162621197209757e-01
-1.164051951554089942e-01
-1.163937527911697162e-01
-1.163826375009390651e-01
-1.163714926485547030e-01
-6.237251351069961913e+01
-1.168751646543384065e-01
-1.168639026981447837e-01
-1.168526204766633797e-01
-1.168412484238728205e-01
-1.536656554273426067e+01
-1.170665846466592830e-01
-1.170554181694859891e-01
-1.170441425300072225e-01
-1.170327945246092127e-01
-1.170212045139368273e-01
-1.170103033505288936e-01
-1.169989996477848043e-01
-1.169875391338987963e-01
-1.169767221939337909e-01
-1.169652751720422212e-01
-1.169540563403609901e-01
-1.169427024202003562e-01
-1.169309968895899943e-01
-1.169201679195075450e-01
-1.169089476231587599e-01
-1.168979519416577934e-01
-1.168866621297426078e-01
-1.168751323403750125e-01
-1.168641593137302315e-01
-1.168526570824494071e-01
-1.168411437056788432e-01
-1.168298904360549201e-01
-1.168191137911089583e-01
-1.168080015454365655e-01
-1.167967497314040676e-01
-1.167855713537644113e-01
-1.167740234061940136e-01
-1.167628690477904713e-01
-1.167513813746081791e-01
-1.167403654665649382e-01
-1.167292473207016540e-01
-1.167181902511062741e-01
-1.167102343074054305e-01
-1.166990152064588809e-01
-1.166877944696117636e-01
-1.166766883797235727e-01
-1.166650695423682160e-01
-1.166540648949971615e-01
-1.166431433736429824e-01
-1.166319456520263642e-01
-1.166206647617418907e-01
-1.166094904036495961e-01
-1.165980167179574561e-01
-1.165870457008195971e-01
-1.165757436633810540e-01
-1.165646131269141433e-01
-1.165533240283458255e-01
-1.165422536980311036e-01
-1.165312174317040123e-01
-1.165197965920386214e-01
-1.165088340485779250e-01
-1.164976384007529869e-01
-1.164864319816316940e-01
-1.164752890977043820e-01
-1.164640694394642878e-01
-1.383847253345524031e+01
-1.164968283023390394e-01
-1.164855525211274251e-01
-1.164748934794094387e-01
-1.165017004438547443e-01
-1.164903933736709390e-01
-1.164793176519840490e-01
-1.164682939609925222e-01
-1.164534173168889075e-01
-1.164423366275901400e-01
-1.280571252705014729e+01
-1.164882469368850870e-01
-1.164768774158227577e-01
-1.164656213074967694e-01
-1.164548569462161426e-01
-1.164437907782885639e-01
-1.164327064158985209e-01
-1.164213839242617538e-01
-1.164103416780756933e-01
-1.163989886801861107e-01
-1.163875628736026346e-01
-1.163768186749290778e-01
-1.163657459889127221e-01
-1.163543716337039208e-01
-1.163435682515249203e-01
-1.163322070324735724e-01
-1.163212023677428070e-01
-1.163103320104048322e-01
-1.162988964301255590e-01
-1.162873849318077496e-01
-1.162767348833463332e-01
-1.467916818782263277e+01
-1.269863433912484219e+01
-1.162986865524654329e-01
-1.442037270613577071e+01
-1.162878005577338142e-01
-1.162769972665497337e-01
-1.162658414817344665e-01
-1.162544524636639764e-01
-1.162433688852385211e-01
-1.162325121951902490e-01
-1.162214541451515731e-01
-1.162100569149030344e-01
-1.161989925149238545e-01
-1.161881189594625857e-01
-1.161768744250489538e-01
-1.161654644920436935e-01
-1.161545213181435637e-01
-1.161459531674409740e-01
-1.161343662784392744e-01
-1.161235018672946290e-01
-1.161124906241540189e-01
-1.022487235475227507e+01
-1.161091007330876529e-01
-1.160981648990338511e-01
-1.160869591566323494e-01
-1.160760749123513486e-01
-1.160647063882701974e-01
-1.160537892566740059e-01
-1.160426606072344630e-01
-1.160317189119280390e-01
-1.160204406303659008e-01
-1.160094673034101631e-01
-1.159986584661989728e-01
-1.159873150976604844e-01
-1.159764675778159615e-01
-1.159654101772109869e-01
-1.159542589716157923e-01
-1.159433492402377475e-01
-1.159323663582078195e-01
-1.159126903181888490e-01
-1.159014869642583795e-01
-1.158906583633902004e-01
-1.158794723620397843e-01
-1.130380938699456728e+01
-1.159047461318822719e-01
-1.158940533534805195e-01
-1.158828459062597599e-01
-1.158715025829020334e-01
-1.437531678275693636e+01
-1.159976449174407176e-01
-1.159865149170366122e-01
-1.159754977675783172e-01
-1.159646116535495014e-01
-1.159536253145221768e-01
-1.159424734201481982e-01
-1.159316436395859823e-01
-1.159203343078785836e-01
-1.159096802081897165e-01
-1.158983099907392039e-01
-1.158873565505539327e-01
-1.158763477183639701e-01
-1.158652202449370200e-01
-1.158544086931645178e-01
-1.158435965263504008e-01
-1.158323571076625841e-01
-1.158214910415765464e-01
-1.158104760839113595e-01
-1.157993051147748892e-01
-1.157885917139817311e-01
-1.157774236375453403e-01
-1.157662461184393310e-01
-1.157551422001756591e-01
-1.157443330359980010e-01
-1.157332034795071907e-01
-1.157223587825105815e-01
-1.157115512729868789e-01
-1.491604822387543550e+01
-1.157848812358138885e-01
-1.157737298087786054e-01
-1.157626801338156597e-01
-1.157518327290054383e-01
-1.157406126609216990e-01
-1.157298496203206656e-01
-1.157188033334034388e-01
-1.157079709312732740e-01
-1.156967784350828587e-01
-1.156860975772965455e-01
-1.156423532658618220e-01
-1.156310321299676563e-01
-1.156200506278288742e-01
-1.156087862672262739e-01
-1.155978991112762283e-01
-1.155873616043794766e-01
-1.155760135781883080e-01
-1.155653265797823154e-01
-1.155544192409492105e-01
-1.155436051911509499e-01
-1.155326494284297928e-01
-1.155215866043849959e-01
-1.155106074162295798e-01
-1.154993963890418585e-01
-1.154884860496047660e-01
-1.154776337271248010e-01
-1.154668284435874936e-01
-1.154560699002405710e-01
-1.154451754967657784e-01
-1.154341888495329649e-01
-1.154231511929634940e-01
-1.154122981600564785e-01
-1.154012114434512654e-01
-1.153903768293572107e-01
-1.373861746113709081e+01
-1.153869823555252472e-01
-1.153760695690729254e-01
-1.153653660602604047e-01
-1.202428691026899799e+01
-1.153645525515234888e-01
-1.153536409260620815e-01
-1.153423330120035423e-01
-1.153495835612130122e-01
-1.153390619643207549e-01
-1.289084264409515690e+01
-1.211688249454357269e+01
-1.149340750513850734e-01
-1.298535950013964424e+01
-1.149293421870189180e-01
-1.149187908803868952e-01
-1.149080036023535090e-01
-1.148972008502703174e-01
-1.148865046387686217e-01
-1.148755597409886198e-01
-9.814727821885304238e+00
-1.148636460872832776e-01
-1.148527231969344448e-01
-1.148415001781880745e-01
-1.148267744030288112e-01
-1.148159721640057973e-01
-1.148053410358850779e-01
-1.147944799260929016e-01
-1.147836882478038001e-01
-1.147731395181926795e-01
-1.170824231297564921e+01
-1.148426691665126453e-01
-1.148326882594972453e-01
-1.228842454656102667e+01
-1.148804381819100023e-01
-1.148699608484551049e-01
-1.148591565624701161e-01
-1.148482827761157926e-01
-1.148377940988780793e-01
-1.148266838685901292e-01
-1.148157457938069337e-01
-1.178508198479456404e+01
-1.148640058181237683e-01
-1.148531237923604426e-01
-1.148421541375683752e-01
-1.148317342110404121e-01
-1.148210021345000553e-01
-1.148101272130991196e-01
-1.147994332902525089e-01
-1.147884210193162724e-01
-1.147777078479071400e-01
-1.147667267952013903e-01
-1.147585732808762277e-01
-1.147476098800496724e-01
-1.147366805065758444e-01
-1.324663385028927642e+01
-1.147393125327119540e-01
-1.148750209726958071e-01
-1.148642606464832933e-01
-1.148535317268360584e-01
-1.148427091089880420e-01
-1.148320186557252459e-01
-1.148212226226275751e-01
-1.148099577723127040e-01
-1.147992369610918162e-01
-1.147888123413628447e-01
-1.147782144604536370e-01
-1.147670243682249736e-01
-1.147565733224391177e-01
-1.147454146644266565e-01
-1.147344661801896759e-01
-1.147238161113955102e-01
-1.147132802762955428e-01
-1.147025706074172313e-01
-1.146918516605027888e-01
-1.146811693427438883e-01
-1.336089648951882047e+01
-1.146734707813624188e-01
-1.146627848894930940e-01
-1.146520029767655324e-01
-1.146415021715539162e-01
-1.146305831039169526e-01
-1.146197926758755481e-01
-1.146091423692683076e-01
-1.145984459910022457e-01
-1.145876741102999780e-01
-1.145769328958285010e-01
-5.427908288160140415e+01
-1.148273920639503315e-01
-1.148166147827385242e-01
-1.247449397195708798e+01
-9.485211538878401072e+00
-1.148975693587850622e-01
-1.147247055107729707e+01
-1.227707179522311343e+01
-1.184185756796811440e+01
-9.294671745603102053e+00
-1.149013374421010147e-01
-1.148905677062385250e-01
-1.148800170890772465e-01
-1.148690219729045225e-01
-1.148584593553717698e-01
-1.148476545528101522e-01
-1.148371369966486866e-01
-1.148262988533582385e-01
-1.148153585035061736e-01
-2.636331943528392330e+01
-1.149753746868537319e-01
-1.149648607699326613e-01
-1.149536935994196485e-01
-1.149434395215899046e-01
-1.149323981748608114e-01
-1.149218624154930701e-01
-1.149111335160266784e-01
-1.149002852707913247e-01
-1.148892514149608968e-01
-1.148785492108477663e-01
-1.148678522617610775e-01
-1.148572309724518042e-01
-1.148466042078904181e-01
-1.148358900721352521e-01
-1.148054410212629023e-01
-1.147952406680289028e-01
-1.147841815343521588e-01
-1.147731110723570203e-01
-1.147625042412454971e-01
-1.147522320494737402e-01
-1.309213776510263649e+01
-1.147707669593240332e-01
-1.147598837686183426e-01
-1.147493199810582232e-01
-1.147384575917571314e-01
-1.147277024683042573e-01
-1.147169101809020764e-01
-1.147061268025377223e-01
-1.146958480116709173e-01
-1.146848093976029076e-01
-1.146740805933395002e-01
-1.146633556140673332e-01
-1.146524744860577399e-01
-1.146416801668213581e-01
-1.146311265169179805e-01
-1.146203474707606224e-01
-1.146094586844951940e-01
-1.145988263311522315e-01
-1.145884281629069856e-01
-1.145776157328963901e-01
-1.145669517164638052e-01
-1.145560817417793364e-01
-1.145456613907529647e-01
-1.145348247020531868e-01
-1.145241916889139094e-01
-1.145133814780543574e-01
-1.145026306719903880e-01
-1.144923190280503211e-01
-1.144817508075300361e-01
-1.144707402743729008e-01
-1.144600082228197230e-01
-1.144492298908710015e-01
-1.144388494269693163e-01
-1.144283288448993130e-01
-1.144174814361161724e-01
-1.144070045222266990e-01
-1.143961643509135290e-01
-1.143856078119051822e-01
-1.143778451939458096e-01
-1.143670793157764709e-01
-1.143565375758410496e-01
-1.169897766320620036e+01
-1.143407839808269072e-01
-1.143300012344105471e-01
-2.206129568706573352e+01
-1.143638830532327649e-01
-1.143534364644944595e-01
-1.143425640642585367e-01
-1.143318115361136450e-01
-1.143209160293845172e-01
-1.143105995987460655e-01
-1.142998911751016838e-01
-1.142895993331031063e-01
-1.142789518112427571e-01
-1.142737978213651806e-01
-1.142629599194047857e-01
-1.142524010180487326e-01
-1.142417508792843289e-01
-1.142312407975860644e-01
-1.142205413972060823e-01
-1.142098717894688698e-01
-1.141991985154357514e-01
-1.141884924800546097e-01
-1.141781174492053075e-01
-1.141673560787471453e-01
-1.141570325159431826e-01
-1.141466166784765729e-01
-1.141357143407360220e-01
-1.141250043434322708e-01
-1.141141329477068089e-01
-1.141037416738364535e-01
-1.140934202453393470e-01
-1.140828016069777157e-01
-1.140720497808310058e-01
-1.140616938230266803e-01
-1.140508664300095565e-01
-1.139421905195530105e-01
-1.273289271970257630e+01
-1.141096363445802536e-01
-1.140986500284139338e-01
-1.140882668845220327e-01
-1.140774486432599294e-01
-1.140668811981912500e-01
-1.140565364617325134e-01
-1.140458428744279412e-01
-1.140354429403984265e-01
-1.140249084097718635e-01
-1.140143619659578222e-01
-1.140038709147828538e-01
-1.139928814437098786e-01
-1.139822739935513057e-01
-1.139717362715286786e-01
-1.139613192948820686e-01
-1.139509053175161574e-01
-1.139402903293147140e-01
-1.139296020547249655e-01
-1.139193947864525353e-01
-1.139085487979110412e-01
-1.138982492642948846e-01
-1.138874578312912000e-01
-1.138771187243726862e-01
-1.138666233112175658e-01
-1.138556724710770435e-01
-1.138451369102559535e-01
-1.138347152503282889e-01
-1.138243607248059786e-01
-1.138136179634665762e-01
-1.138031518965747640e-01
-1.137928574389708153e-01
-1.137823548280999519e-01
-1.137716489170630535e-01
-1.137609251095520191e-01
-1.137504650939842321e-01
-1.137398607997510691e-01
-1.137294915223583253e-01
-1.137192100575308146e-01
-1.137083090024177956e-01
-1.136978566164569548e-01
-1.136873268996942687e-01
-1.136772328226248185e-01
-1.136665918323528923e-01
-1.136560277595829865e-01
-1.136454450284608009e-01
-1.136349327018997268e-01
-1.136241856577389769e-01
-1.136137565735600152e-01
-1.136034743492897597e-01
-1.826960427108381069e+01
-1.139584251768669676e-01
-1.139482383041116736e-01
-1.139378153896107582e-01
-1.139267679179781223e-01
-1.139161506535477791e-01
-1.139054586401392344e-01
-1.138952111417409346e-01
-1.138847952633085941e-01
-1.138743311932052943e-01
-1.138640191094438675e-01
-1.138536144813889067e-01
-1.138428218034366612e-01
-1.138322237252280961e-01
-1.321100385923806719e+01
-1.138205657108127405e-01
-1.138099633715945191e-01
-1.137995452440204308e-01
-1.137891435045498556e-01
-1.137785061156901117e-01
-1.137678480097852468e-01
-1.137578557219661446e-01
-1.137472679666487047e-01
-1.137367677636499236e-01
-1.137259587532116478e-01
-1.137153655499928001e-01
-1.137054005348188263e-01
-1.136371624370823979e-01
-1.136265862836145640e-01
-1.136157670087530047e-01
-1.136056295423146373e-01
-1.135950164323314693e-01
-1.135846354424848992e-01
-1.135742545773028578e-01
-1.135651482831964709e-01
-1.401114292362284885e+01
-1.136094530976240469e-01
-1.135991919565853270e-01
-1.135884659107654626e-01
-1.135780029517864942e-01
-1.135674373930664061e-01
-1.135490215655877988e-01
-1.135413334131079588e-01
-1.135306761507038076e-01
-1.135204486769831184e-01
-1.135099113635161111e-01
-1.134997353388457891e-01
-1.134890144351023561e-01
-1.134794641882758415e-01
-1.134349204673819611e-01
-1.134246483900140240e-01
-1.133702758476573813e-01
-1.133596606757156372e-01
-1.133494745310053425e-01
-1.133387657100711488e-01
-1.133283736717080326e-01
-1.022750640531760880e+01
-1.133431852244792815e-01
-1.133328227930110871e-01
-1.133224326727910458e-01
-1.133122040206260006e-01
-1.133017812839264837e-01
-1.132912676569194921e-01
-1.132805396199240699e-01
-1.132704480132059877e-01
-1.132601575005124095e-01
-1.132493368343289175e-01
-1.368188906320482978e+01
-1.132288378938865470e-01
-1.132186725257579296e-01
-1.131686608580854542e-01
-1.131584988506449951e-01
-1.465453569055416416e+01
-2.899527520203027109e+01
-2.593985729840864352e+01
-2.570053595151918202e+01
-1.133967494784853675e-01
-1.133864982794787479e-01
-1.133590847996596290e-01
-1.133594238560972772e-01
-1.174186832545504089e+01
-1.306678659610314064e+01
-1.133829877330465724e-01
-1.133727916128040303e-01
-1.133254529563922641e-01
-1.117770958518874025e+01
-1.133312947831505851e-01
-1.133207569692325362e-01
-1.155577231412138950e+01
-1.127490059235264752e+01
-1.133217558793431501e-01
-1.133118357297064477e-01
-1.133060284793244582e-01
-1.132952914920165172e-01
-1.132850155209802895e-01
-1.132747238193579919e-01
-1.132643532615608267e-01
-1.132542901927295759e-01
-1.132438909452049003e-01
-1.132332551475783294e-01
-1.132227915732240686e-01
-1.132125977981460335e-01
-2.323356218835719034e+01
-1.132507138311069361e-01
-1.132400509065332739e-01
-1.132297220357910139e-01
-1.132195133748617050e-01
-1.132088960279940132e-01
-1.141504716833919453e+01
-1.131946373419492335e-01
-1.131845690974924851e-01
-1.131498063747975735e-01
-1.131393693230231395e-01
-1.131213435726865779e-01
-1.131231899578629407e-01
-1.131114946165405755e-01
-1.131012367651837991e-01
-1.130551677895304946e-01
-1.130407669885343663e-01
-1.130310845579381857e-01
-1.130208167484246934e-01
-1.129868992259064481e-01
-1.068042800268860226e+01
-1.130000220718876958e-01
-1.129898301375008435e-01
-1.129797422317107836e-01
-1.129692130089009205e-01
-1.129588926728953974e-01
-1.129485671244544187e-01
-1.129385192579309138e-01
-1.129278550623005195e-01
-1.129507275541165590e-01
-1.129404540900407067e-01
-2.462270232621775889e+01
-1.129824435999113308e-01
-1.129720288920593729e-01
-1.129617019015771995e-01
-1.129510695779081531e-01
-1.129406166127680938e-01
-1.129306089663836415e-01
-1.129204768267101922e-01
-1.129102159352527862e-01
-1.129010710800849027e-01
-1.019572974981785052e+01
-1.129322893936912792e-01
-1.129223249934707823e-01
-1.129119732656711228e-01
-1.129014099307112801e-01
-1.128910461659081432e-01
-1.380352664575400290e+01
-1.129386340339659928e-01
-1.219554259684363196e+01
-1.129842745898237549e-01
-1.129714529756686292e-01
-1.129614868348931406e-01
-1.129512823069446781e-01
-1.129406776970003634e-01
-1.338611555902623884e+01
-2.114395974362841812e+01
-1.132226684818955081e-01
-1.132125262741570104e-01
-1.132026089581010808e-01
-1.131922527025132907e-01
-1.131817936670713454e-01
-1.131715990887933315e-01
-1.131611842993029693e-01
-1.131509351904846639e-01
-1.131406542139362786e-01
-1.131302386583081382e-01
-1.131199348711501296e-01
-1.131461136401695072e-01
-1.131357419869141734e-01
-1.131256244545590234e-01
-1.131152759919340223e-01
-1.499980699491166192e+01
-1.132053795478899366e-01
-1.131951624962548586e-01
-1.131848840638135650e-01
-1.131745431068646585e-01
-1.131641905186109437e-01
-1.131539819732777230e-01
-1.131437236502449706e-01
-1.131333759821666757e-01
-1.131233904430122422e-01
-1.131129844492026887e-01
-1.131026678807208613e-01
-1.130921723339129714e-01
-1.130819089751750744e-01
-1.130718308032790109e-01
-1.130614769256870350e-01
-1.130515518703084504e-01
-1.130413016962409783e-01
-1.130306314107555471e-01
-1.130204762701434718e-01
-1.130102593818955448e-01
-1.130289165860696443e-01
-1.130184719647329417e-01
-1.130083936941470302e-01
-1.129980872685446280e-01
-1.129879047607590115e-01
-1.129777110466473194e-01
-1.129674593288938350e-01
-1.129572044109776463e-01
-1.129470968238204809e-01
-1.129366738660683295e-01
-1.129263486769532948e-01
-1.129162859680028635e-01
-1.129060946860189207e-01
-1.128957294412396006e-01
-1.128854367075562137e-01
-1.128753174063934495e-01
-1.128651388916707132e-01
-1.130731862096330670e-01
-1.130630426262623500e-01
-1.130524389105721506e-01
-1.247788247479434176e+01
-1.130646849951098820e-01
-1.130657457071082839e-01
-1.059821673279815357e+01
-1.131391983587736877e-01
-1.131290459437988560e-01
-1.131186482495019213e-01
-1.131082356979513925e-01
-1.130982116212853883e-01
-1.130882222992102143e-01
-1.130776811323761372e-01
-1.130675860327082227e-01
-1.970177713349545101e+01
-1.130981738134077264e-01
-1.130879305107952426e-01
-1.130775540365391713e-01
-1.130674960496133724e-01
-1.130572901011421549e-01
-1.130469480553348977e-01
-1.130365626489690106e-01
-1.130264836008823687e-01
-1.130164289554664164e-01
-1.130061672161489505e-01
-1.129961455676890547e-01
-1.129856498935406933e-01
-1.129752953309204888e-01
-1.129652503264115954e-01
-1.129551324979789634e-01
-1.129449233628263133e-01
-1.129346282238386373e-01
-1.129242790156727988e-01
-1.129140803041785018e-01
-1.129039614302368849e-01
-1.128939217223314390e-01
-1.128838296964081861e-01
-1.128734033748439031e-01
-1.128633598791540793e-01
-1.128530088375258450e-01
-1.128430917838084691e-01
-1.128325634722497778e-01
-1.128226411445555910e-01
-1.128121584390675003e-01
-1.128020854322091815e-01
-1.127918670632678533e-01
-1.127817490678962864e-01
-1.127716684521649221e-01
-1.127617308662568207e-01
-1.127513630336375305e-01
-1.127412575176732351e-01
-1.127306338778100991e-01
-1.127206691140433537e-01
-1.127106788417799321e-01
-1.127006223456937239e-01
-1.126904703428596999e-01
-1.126802245448547124e-01
-1.028192828192754504e+01
-1.374337045473460428e+01
-1.126872567358451899e-01
-1.126772890348875511e-01
-1.126671594754592026e-01
-1.155232637496713899e+01
-1.127005669016483969e-01
-1.126900464917743039e-01
-1.126801009840917162e-01
-1.126696266199055524e-01
-1.126598114220891816e-01
-1.126495698045685556e-01
-1.126397311547066987e-01
-1.126296540802772944e-01
-1.126191841831777063e-01
-1.126088904251773687e-01
-1.125988464019142959e-01
-1.125888663259107386e-01
-1.125787009261512844e-01
-1.125685938410756481e-01
-1.138147153779586751e-01
-1.137755366844001165e-01
-1.137992615549940079e-01
-1.138874242842229378e-01
-1.127618455580562534e-01
-1.127518541799030494e-01
-1.127416875978954763e-01
-1.127315611183651728e-01
-1.127212246418434344e-01
-1.127110444907800935e-01
-1.127009082327553313e-01
-1.126908547369527974e-01
-1.126807509611380820e-01
-1.126708808509760823e-01
-1.126606991929863244e-01
-1.126505356857262635e-01
-1.126405287098551783e-01
-1.126299724008876652e-01
-1.126199926031257043e-01
-1.126100175697313521e-01
-1.126001038106025226e-01
-1.125897016238665838e-01
-1.125796810144350790e-01
-1.125696576863454701e-01
-1.125595403195427252e-01
-1.125495831302948113e-01
-1.125390358384843470e-01
-1.125291106242872069e-01
-1.125189680643454287e-01
-1.125089579611354973e-01
-1.124988793822912225e-01
-1.123489911186200951e-01
-1.123672617286946285e-01
-1.123238740488525789e-01
-1.122151719637484307e-01
-1.122054248258756437e-01
-2.304962532070614145e+01
-1.122492793596410465e-01
-1.122376414433732678e-01
-1.122276619678917592e-01
-1.122230742252565833e-01
-1.294639346639924327e+01
-1.058413572994255958e+01
-1.121976188863572088e-01
-1.121872755081816803e-01
-1.121772825935821449e-01
-1.121973750842063522e-01
-1.173592793759994990e+01
-1.122609021826815046e-01
-1.122506891278285679e-01
-1.122410084652874923e-01
-1.122311050844908703e-01
-1.122206510441489669e-01
-1.122108955050581114e-01
-1.122005612987833634e-01
-1.121907809816162227e-01
-1.121807370414181909e-01
-1.121706721701148241e-01
-1.121603897676843875e-01
-1.121506422494824851e-01
-1.122556278759878762e-01
-1.122452654906119368e-01
-1.122352712668982927e-01
-1.122249626257861288e-01
-1.087796835500154380e+01
-1.122051882867274863e-01
-1.121952110370823125e-01
-1.121851782408024301e-01
-1.271101215281518826e+01
-1.121724334984691707e-01
-1.121825397290402704e-01
-1.121723984477527719e-01
-1.121425772026397871e-01
-1.121326348195455375e-01
-1.121227678909761799e-01
-1.121125246848812818e-01
-1.121223543603877409e-01
-1.121124055204326814e-01
-1.121021806212677829e-01
-1.120923260259237553e-01
-1.120822590089523840e-01
-1.120725120029648775e-01
-1.120621839880838189e-01
-1.120522558989458933e-01
-1.120242229474703033e-01
-1.120139722262612769e-01
-1.120040843519508889e-01
-1.119944561083904278e-01
-1.119841977407727424e-01
-1.120611115980104239e-01
-1.439478382114243082e+01
-1.123584797853777045e-01
-1.123486133408435617e-01
-1.123385978018982961e-01
-1.123285225575365032e-01
-1.123183668687459946e-01
-1.199325546265872688e+01
-1.123867118471652965e-01
-9.787902089005376283e+00
-1.118080534818709365e-01
-1.117702680331884996e-01
-1.117807767296163379e-01
-1.117817505124737293e-01
-1.117855995136922964e-01
-1.117946650193507446e-01
-1.116262930178787832e-01
-1.116770755708737517e-01
-1.116305827157300368e-01
-1.116206165283698398e-01
-1.070344437358491163e+01
-1.116413429397866558e-01
-1.065527032423656095e+01
-1.116106817197558831e-01
-1.115859368324738088e-01
-1.115762823457593922e-01
-1.115664837635518131e-01
-1.115564061797694878e-01
-1.115463266850625496e-01
-1.115365117238725085e-01
-1.115265764573492580e-01
-1.115166052707875222e-01
-1.115062937744162458e-01
-1.114964791927624960e-01
-1.114867275668466606e-01
-1.114769817185911199e-01
-1.114689348745619285e-01
-1.114587622804503325e-01
-1.114488309831001139e-01
-1.114391308075596276e-01
-1.114290147966240513e-01
-1.114285201152856869e-01
-1.114185971199833092e-01
-1.114086064688072086e-01
-1.113988203014180250e-01
-1.113891078433681681e-01
-1.113791867608525943e-01
-1.113376450740037604e-01
-1.113279338283356124e-01
-1.113178718942427620e-01
-1.113078937158931692e-01
-1.112981789475215311e-01
-1.112879054756698155e-01
-1.112780066427009329e-01
-1.112683958199974787e-01
-1.112583586149261256e-01
-1.148440649353987553e+01
-1.112644567821729352e-01
-1.112545532421637118e-01
-1.112445286874870209e-01
-1.112347928210157960e-01
-1.112248399479089794e-01
-1.112149714554035163e-01
-1.112051076377788966e-01
-1.111952151307639414e-01
-1.111853300279620205e-01
-1.111753469825991214e-01
-1.319960979308584648e+01
-1.111601307923791304e-01
-1.111502141438001912e-01
-1.111406055492492467e-01
-1.111305459041943972e-01
-1.111207454068381534e-01
-2.074695330148848171e+01
-1.111350707196394477e-01
-1.111251472804925672e-01
-1.111154095416642118e-01
-1.111053958820063109e-01
-1.110958167206633346e-01
-1.110860267240553062e-01
-1.110761872708524861e-01
-1.110662598141910623e-01
-1.110623925016299002e-01
-1.110526522533677868e-01
-1.110425849337280807e-01
-1.110327767266204996e-01
-1.110227566768522273e-01
-1.110131310822092543e-01
-1.110035230718664639e-01
-1.109936603741183969e-01
-1.038175661431556129e+01
-1.110147311483479782e-01
-1.110054826959793045e-01
-1.109952539378261382e-01
-1.109857431083138002e-01
-1.109757843351844714e-01
-1.109659582585497128e-01
-1.109558941102780499e-01
-1.109459728483431218e-01
-1.109363955616040898e-01
-1.109266854245757050e-01
-1.108759952211728073e-01
-1.108662177071311206e-01
-1.108563879989484385e-01
-1.108464416704702388e-01
-1.108365095844430631e-01
-1.108266841812318299e-01
-1.456403935355488422e+01
-1.241299668787894639e+01
-1.109390599619045625e-01
-1.109290916745495348e-01
-1.368191552924148269e+01
-1.109553619982663192e-01
-1.392756494393549538e+01
-1.198176964677338319e+01
-1.110812981882228490e-01
-1.110714377488703219e-01
-1.028476527465898194e+01
-1.033066277718903869e+01
-1.111022520545884434e-01
-1.110922603125091140e-01
-1.247638326450845447e+01
-1.046120312354682902e+01
-1.111657793879351902e-01
-1.111558992852558631e-01
-1.111463322980558444e-01
-1.111364737529216135e-01
-1.111266565709399384e-01
-1.111168137754921514e-01
-1.111070077799664879e-01
-1.110972577848999693e-01
-1.110875287839591385e-01
-1.110777615647041000e-01
-1.110676920354058128e-01
-1.110578678869569152e-01
-1.110219442900621523e-01
-1.110124274511300052e-01
-1.110027437725057270e-01
-1.109929374995913542e-01
-1.002692340581861430e+01
-1.109939732599928564e-01
-1.109841351715254582e-01
-1.109738420411219562e-01
-1.109638691243195335e-01
-1.109543626336899208e-01
-1.109446615343319398e-01
-1.109352004808467629e-01
-1.109255281354639688e-01
-1.109157770184384800e-01
-1.109054750176093201e-01
-1.108959012459897892e-01
-1.108857340953735976e-01
-1.108761906087755572e-01
-1.108666303156640998e-01
-1.108568591712130458e-01
-1.108471190366342174e-01
-1.108375257870315017e-01
-1.108279203624882164e-01
-1.108177199656351641e-01
-1.108079610838575285e-01
-1.107980245671465747e-01
-1.107885199502749302e-01
-2.710110045950390401e+01
-1.109190354233632742e-01
-1.109037268847314628e-01
-1.108939840718564107e-01
-1.144231592305481904e+01
-1.109222438445671283e-01
-1.109079039336600819e-01
-1.001796718328043845e+01
-1.581615936816802659e+01
-1.116101829077804919e-01
-1.116006078159747505e-01
-1.115908414955135847e-01
-1.115810715197736169e-01
-1.115711720773762405e-01
-1.115611989609265609e-01
-1.115515415419703199e-01
-1.115418952366306754e-01
-1.115318644376443319e-01
-1.115221257018684103e-01
-1.115121971778959414e-01
-1.115025641746781870e-01
-1.114925880542517039e-01
-1.114829526125136611e-01
-1.114732449066588721e-01
-1.114634904809530397e-01
-1.330477512548428365e+01
-1.114684066567046133e-01
-1.114584589697684425e-01
-1.114485453997234865e-01
-1.114389306596406393e-01
-1.114291502118763127e-01
-1.114192459605467950e-01
-1.114094255676134765e-01
-1.113997722331179774e-01
-1.223901874919980060e+01
-1.297758885416286034e+01
-1.114256616447275722e-01
-1.114157725074319122e-01
-1.114063610717590247e-01
-1.113962373965178831e-01
-1.113863152748823249e-01
-1.113766842737229784e-01
-1.113667849107581181e-01
-1.113572862583595974e-01
-1.113476894020413305e-01
-1.113376735728991290e-01
-1.113279998838979101e-01
-1.113180918521991941e-01
-1.113086026694087571e-01
-1.112988166757030301e-01
-1.112886829388376603e-01
-1.112791617234078351e-01
-1.112693929579061936e-01
-1.112596075920105204e-01
-1.112501097243309284e-01
-1.112403626458798173e-01
-1.112305771408609451e-01
-1.112207170750439539e-01
-1.112111117163780416e-01
-1.112013364123890652e-01
-1.111915333114754378e-01
-1.111817319413779676e-01
-1.111719132241690972e-01
-1.111625580602939173e-01
-1.111527786647126120e-01
-1.111428865695730239e-01
-1.111333365350846286e-01
-1.111235790024455161e-01
-1.111137253837340688e-01
-1.111040880566744882e-01
-1.110943697068295238e-01
-1.110846968128137852e-01
-1.110748311372058150e-01
-1.110651542293800698e-01
-1.110556630756355662e-01
-1.110457564245696804e-01
-1.110359543168729646e-01
-1.110265272985201807e-01
-1.110168770565933410e-01
-1.110070570182361133e-01
-1.109973403464327851e-01
-1.109878459039920356e-01
-1.109778940646988371e-01
-1.109680340172114060e-01
-1.109583566303472268e-01
-1.109486235109710395e-01
-1.109393478631346686e-01
-1.109297509283805189e-01
-1.109199238176371144e-01
-1.109103800862472761e-01
-1.109003137168445841e-01
-1.108908576373738436e-01
-1.108809126563066183e-01
-1.108712797084333984e-01
-1.108617092918153246e-01
-1.108520691326099483e-01
-1.108425112433716608e-01
-1.108326891495348271e-01
-1.108229009318734415e-01
-1.108132758418972630e-01
-1.108038823954768798e-01
-1.189159514054771982e+01
-1.108278637552373574e-01
-1.108181982101922591e-01
-1.108082620809750229e-01
-1.107987221047126991e-01
-1.107891754729261741e-01
-1.107795698504496912e-01
-1.107698172615181886e-01
-1.107602735710306319e-01
-1.107506117424302827e-01
-1.107410380019180213e-01
-1.107313991447117230e-01
-1.107214132638766058e-01
-1.107117985288910145e-01
-1.325479912658514969e+01
-1.108440537999885733e-01
-1.108344346227265603e-01
-1.108248643530578698e-01
-1.108153324995915789e-01
-1.108057646863614548e-01
-1.107959708532683801e-01
-1.107864451147986262e-01
-1.107767451820851345e-01
-1.107672340835635372e-01
-1.107573065845379040e-01
-1.107479456559811726e-01
-1.107379831188576441e-01
-1.107286630699131635e-01
-1.107190242296730159e-01
-1.107091606942263579e-01
-1.106997030359635065e-01
-1.106900731491517881e-01
-1.106804359685203409e-01
-1.106709126523649639e-01
-1.106611310386244190e-01
-1.106515798704677672e-01
-1.106421728057889048e-01
-1.106323241424077425e-01
-1.106226193803189484e-01
-1.106129292007288212e-01
-1.106032949404094079e-01
-2.663699883616102326e+01
-1.107053719032116135e-01
-1.106958816058447037e-01
-1.106861721459550807e-01
-1.106768858175044695e-01
-1.106669948092167399e-01
-1.106576288403604558e-01
-1.106475658058905520e-01
-1.106382382691272898e-01
-1.106284022179588739e-01
-1.106187668058388474e-01
-1.106093622296558249e-01
-1.179336066006185568e+01
-1.106246615719075621e-01
-1.403371023044637234e+01
-1.107041464592477265e-01
-1.106946343835342322e-01
-1.106846036382548859e-01
-1.106745292973424777e-01
-1.106652003514048965e-01
-1.106558726081804389e-01
-1.106464002789923073e-01
-1.106366343109139311e-01
-1.106270927518300112e-01
-1.091402004879831544e+01
-1.106176595216979835e-01
-1.106080022445538880e-01
-1.106216943417571014e-01
-2.751386772746527853e+01
-1.107777300579222690e-01
-1.107682770292721525e-01
-1.107588434153605333e-01
-1.107489760704533921e-01
-1.107392963021972820e-01
-1.605319264566329807e+01
-1.108616844301533039e-01
-1.108520191959232459e-01
-1.108426312820308401e-01
-1.108330598034194120e-01
-1.108236010121316922e-01
-1.108139380325228324e-01
-1.108043668262902598e-01
-1.107949319663885379e-01
-1.107852060004880790e-01
-1.107752879194008194e-01
-1.107656665859386297e-01
-1.107559973003689607e-01
-1.107469644388445612e-01
-1.107374837964155839e-01
-1.107304433208494560e-01
-1.107212747468973996e-01
-1.107112821879252390e-01
-1.473791757329322039e+01
-1.106920870734256490e-01
-1.106824649378533171e-01
-1.106729018016814337e-01
-1.106635141426661056e-01
-1.106538412847748454e-01
-1.106444121640265399e-01
-1.107036425476910918e-01
-1.106990928158544940e-01
-1.106895619485010474e-01
-1.106798766391317579e-01
-1.106700541385093189e-01
-1.106605336744582446e-01
-1.106510701511740913e-01
-1.106416578385703009e-01
-1.106320339198326036e-01
-1.106224643594466983e-01
-1.106129666819994778e-01
-1.106033129668596710e-01
-1.105611787994846412e-01
-1.105845003185866593e-01
-1.105748268008222984e-01
-1.105652660337426846e-01
-1.105558526119919810e-01
-1.105466357517780329e-01
-1.105371557590819204e-01
-1.105275802167665772e-01
-1.105180240684120740e-01
-1.105082588231115770e-01
-1.105651024101857727e-01
-1.105553743806520356e-01
-1.105458524499223216e-01
-1.105362008194940987e-01
-1.105268228541995829e-01
-1.105169054147124852e-01
-1.105072670356529591e-01
-1.104980125792723311e-01
-1.104886824431730169e-01
-1.104792176865879438e-01
-1.104694958659661469e-01
-1.104599190150095667e-01
-1.104503741408269929e-01
-1.104409537692088300e-01
-1.104312983857697050e-01
-1.104219876343285056e-01
-1.104125140060481652e-01
-1.104501400061477095e-01
-1.104405314654195308e-01
-1.104309346135837894e-01
-1.104213430893195291e-01
-1.104118036711830009e-01
-1.104189515665658095e-01
-1.104095622480862765e-01
-1.103999570752125792e-01
-1.103905134411421046e-01
-9.518399885839437857e+00
-1.103925589084626679e-01
-1.103830170370570934e-01
-1.103733888753735543e-01
-1.103473370950460303e-01
-1.103380225037127738e-01
-1.103283647848656707e-01
-1.103188861374524987e-01
-1.103092816257447983e-01
-1.102999312139183452e-01
-1.407047977932221272e+01
-1.102941227102343796e-01
-1.102846214904873029e-01
-1.102754379264909712e-01
-1.102658903226154813e-01
-1.102567147067809589e-01
-1.102470261588037043e-01
-1.102374637157560872e-01
-1.102280197006313134e-01
-1.102184889754286856e-01
-1.102090319513461814e-01
-1.101994950110962851e-01
-1.101901647636133047e-01
-1.101805690002119892e-01
-1.101712607840716202e-01
-1.101616691633515582e-01
-1.101523858593034949e-01
-1.101430891202642981e-01
-1.101334558263238617e-01
-1.101239044249204130e-01
-1.101146897071072078e-01
-1.101050043636881554e-01
-1.100953837457098877e-01
-1.100860055314375474e-01
-1.100766651843701621e-01
-1.100671738915939835e-01
-1.100580432607691089e-01
-1.100483958196476625e-01
-1.100391019928196185e-01
-1.067786978331327852e+01
-1.100724861736701726e-01
-1.100628630522819534e-01
-1.100533402220068152e-01
-1.100436575265610756e-01
-1.100344265316989673e-01
-1.100249083276298584e-01
-1.100158934535541561e-01
-1.100063299568019293e-01
-3.450995708964341446e+01
-1.101310566649597866e-01
-1.101215172339168741e-01
-1.101120661654475807e-01
-1.101024627742449163e-01
-1.100930846828065135e-01
-1.100836209666979787e-01
-1.100741091565413249e-01
-1.100648050752462970e-01
-1.100555927669702866e-01
-1.100463685161817279e-01
-1.100367081552319909e-01
-1.100272395104692769e-01
-1.100176421631515883e-01
-3.237283401261013438e+01
0.000000000000000000e+00
-1.103406280074063772e-01
-1.105897701102260822e-01
-1.105800979546648216e-01
-1.105710050727484184e-01
-1.105615938766976031e-01
-1.105519165536275189e-01
-1.105425299158625668e-01
-1.105332573516710909e-01
-1.105239414323078567e-01
-1.105143541538303464e-01
-1.105045168068917727e-01
-1.104951499597099790e-01
-1.104858536497384386e-01
-1.102183576889917416e-01
-1.102090068380807975e-01
-1.104575382706586423e-01
-1.104481556972172207e-01
-1.104387539974815841e-01
-1.104292422454333650e-01
-1.104198376880301258e-01
-1.104100730005675296e-01
-1.104002503968983112e-01
-1.101336453245898572e-01
-1.103815653356972903e-01
-1.103721695851559853e-01
-1.101054105441029857e-01
-1.100960544508618466e-01
-1.100864847796812623e-01
-1.100772803920345710e-01
-1.100680136244691493e-01
-1.100583305235358356e-01
-1.100489316647895177e-01
-1.100396706676486508e-01
-1.100304378865602645e-01
-1.100208262687068228e-01
-1.100112099628081652e-01
-1.100018091113808688e-01
-1.099927133751834457e-01
-1.099834656587339726e-01
-1.099739540395816145e-01
-1.099645657277499022e-01
-1.099552218852595104e-01
-1.099456703528362556e-01
-1.099365886272717502e-01
-1.099273714635514293e-01
-1.099175204635709086e-01
-1.099079954059658942e-01
-1.098987646043322053e-01
-1.098897451250486074e-01
-1.098803245239246690e-01
-1.098707023098234314e-01
-1.098616824000211156e-01
-1.098523259120944146e-01
-1.087654379909509572e+01
-1.098589459331337226e-01
-1.098494935934487826e-01
-1.098404677600567231e-01
-1.098310076892451137e-01
-1.098213172427002504e-01
-1.098121641836410783e-01
-1.098029855367418789e-01
-1.097935517136659350e-01
-1.097841733647329093e-01
-1.097749753953314450e-01
-1.097654775394041882e-01
-1.097562160162517120e-01
-1.043055320902204386e+01
-1.097483364846725262e-01
-1.097388891995107474e-01
-1.097298469030050516e-01
-1.097204249187776065e-01
-1.097110454164694632e-01
-1.097019781578604941e-01
-1.096925934957078269e-01
-1.096829152080459474e-01
-1.096736458999865577e-01
-1.096645375209137213e-01
-1.096551015595534362e-01
-1.096458038849240368e-01
-1.096365641564381460e-01
-1.096271407904401973e-01
-1.096176990448113342e-01
-9.299115261128429566e+00
-1.096038696920314803e-01
-1.095944709463072264e-01
-1.095852433304187190e-01
-1.095759573206866178e-01
-1.095662018392152687e-01
-1.095570634327748122e-01
-1.095478495738940045e-01
-1.095383713517765201e-01
-1.075913107892631970e+01
-1.095271556117790729e-01
-1.095175773224539573e-01
-1.095082486180953135e-01
-1.094989033184803617e-01
-1.094895020968811999e-01
-1.094805780463400380e-01
-1.094707569856694790e-01
-1.094616774113688629e-01
-1.094526170416403876e-01
-1.094431497707419321e-01
-1.094338095840305253e-01
-1.094248750190222053e-01
-1.094155128020529721e-01
-1.094061420932472689e-01
-1.093965833739535404e-01
-1.093873932872522770e-01
-1.093782057377839789e-01
-1.093690823484153168e-01
-1.093594748490218788e-01
-1.093505193760348632e-01
-1.093410636181602752e-01
-1.093318438872637327e-01
-1.093227265483155825e-01
-1.093134500935976361e-01
-1.093038358451788594e-01
-1.092948360010453646e-01
-1.092857109007051436e-01
-1.092763391256983962e-01
-1.092672700283964377e-01
-1.039369555622594099e+01
-1.092524587519992652e-01
-1.092433077767220456e-01
-1.092341063129401713e-01
-1.092247660201394743e-01
-1.092155851581176895e-01
-1.092064317893095687e-01
-1.091971400876679682e-01
-1.091877423089442911e-01
-1.091784469057063556e-01
-1.091692824901557973e-01
-1.091601006901569831e-01
-1.091508322557809690e-01
-1.091416836262174145e-01
-1.091323907657438114e-01
-1.091234014945424713e-01
-1.091139961789728274e-01
-1.313116903157870752e+01
-1.091090325173587061e-01
-1.091001165273585288e-01
-1.090908779469201006e-01
-1.090816523044363939e-01
-1.090727605392183691e-01
-1.090636544589433515e-01
-1.090543272732227148e-01
-1.090449189923234086e-01
-1.090354718626991432e-01
-1.090261644362121862e-01
-1.090172686083022840e-01
-1.090079727859286779e-01
-1.089990144512609227e-01
-1.089899989668199481e-01
-1.089807174637449916e-01
-1.089713868339190067e-01
-1.089620568953026669e-01
-1.089527164811591314e-01
-1.089432899079409989e-01
-1.089343751653347042e-01
-1.089253854801476296e-01
-1.089160919740228134e-01
-1.089069209829631318e-01
-1.088978337652890954e-01
-1.088883743900547346e-01
-1.088794002107792425e-01
-1.088701729406547775e-01
-1.088608692219785179e-01
-1.088517122580280189e-01
-1.088423788929286790e-01
-1.088334722880168609e-01
-1.088241701200390321e-01
-1.088149375600964835e-01
-1.088056996017817274e-01
-1.087964491175427012e-01
-1.087877572835797835e-01
-1.087785313370225881e-01
-1.003693478625358182e+01
-1.087695826414449840e-01
-1.087606542527056741e-01
-1.336179203425595929e+01
-1.087615309352152893e-01
-1.087521387363363096e-01
-1.087431373161262399e-01
-1.087341500226236130e-01
-1.087249102969876924e-01
-1.087159396408073631e-01
-1.087068182596272886e-01
-1.086974774171966529e-01
-1.086883624019530370e-01
-1.086791340514013798e-01
-1.086700810567598624e-01
-1.086607612649352905e-01
-1.086517004880336035e-01
-1.086426299512317784e-01
-1.086334856910316921e-01
-1.086244861034715709e-01
-1.086152126785259603e-01
-1.086060167435461826e-01
-1.085967992488280770e-01
-1.310387703067340759e+01
-1.085958935411923953e-01
-1.085868984783958380e-01
-1.085776382108856464e-01
-1.085683455330875430e-01
-1.085595629032305026e-01
-1.085503633039097554e-01
-1.085411962986885109e-01
-1.085319427725092295e-01
-1.085230686413018591e-01
-1.085135512517560741e-01
-1.085047599913888106e-01
-2.564943420256462403e+01
-1.086730760123418155e-01
-1.086636777155702976e-01
-1.086543818813122952e-01
-1.086454610718002312e-01
-1.086363779302614574e-01
-1.086271603682459896e-01
-1.086181202563573783e-01
-1.086090688077424038e-01
-1.085998116216181364e-01
-1.085905794809593899e-01
-1.085815695835749967e-01
-1.085725767920199120e-01
-1.085633824467538144e-01
-1.270500455193380240e+01
-1.085854288164781606e-01
-1.085761435729495072e-01
-1.085667657289051402e-01
-1.085576431426898136e-01
-1.085485987573796968e-01
-1.085396228030963139e-01
-1.085306851949329326e-01
-1.085216222781084372e-01
-1.085126120280110740e-01
-1.379210815863414830e+01
-1.085091595503177714e-01
-1.084997956763961990e-01
-1.084904619163777617e-01
-1.084815116226382631e-01
-1.084726260182862639e-01
-1.084635151949368409e-01
-1.084545324064319360e-01
-1.084413500213484011e-01
-1.084322025346469570e-01
-1.084230562796288655e-01
-1.084138785934640054e-01
-1.084048601059715566e-01
-1.083957756448782200e-01
-1.083867798986522663e-01
-1.083776674548438818e-01
-1.083682681881815157e-01
-1.083593002991948689e-01
-1.083505462182764445e-01
-1.083412399183754093e-01
-1.083323406222576335e-01
-1.083231013285547578e-01
-1.083140789790289077e-01
-1.083050519928320798e-01
-1.082959694074981938e-01
-1.082869471928055716e-01
-1.082778843159325488e-01
-1.082687129386809971e-01
-1.082595038898481188e-01
-1.082507884408967780e-01
-1.082416745585288859e-01
-1.082325427117459271e-01
-1.082234287179475868e-01
-1.082145294847202122e-01
-1.082053450120960270e-01
-1.081964150094183036e-01
-1.081873781866962425e-01
-1.081780635007960484e-01
-1.081691723416915579e-01
-1.081601253782234068e-01
-1.081511171285590017e-01
-1.081421153740505930e-01
-1.081330697537034036e-01
-1.081238410370973929e-01
-1.081149005261096696e-01
-1.081061206716157214e-01
-1.080968516992082129e-01
-1.080878104533668504e-01
-1.080789364505857220e-01
-1.134259957875745251e+01
-1.080787327095012740e-01
-1.080697324914051960e-01
-1.080604091367130953e-01
-1.080516789343790307e-01
-1.080427170850888630e-01
-1.080336496548935932e-01
-1.080246113897449650e-01
-1.080154598940958888e-01
-1.080066487984152473e-01
-1.079977220711227370e-01
-1.079887797279199674e-01
-1.079793696746863541e-01
-1.079704864660322589e-01
-1.079613972813020933e-01
-1.079524108744473188e-01
-1.493515473727960874e+01
-1.079828111343178881e-01
-1.079739452973801639e-01
-1.079648760805620583e-01
-1.079557731560600864e-01
-1.079467773656926782e-01
-1.079378021824616840e-01
-1.079288426833197589e-01
-1.079198281319427161e-01
-1.079107388023084757e-01
-1.079018825433556705e-01
-1.078926492184860697e-01
-1.078835792777272928e-01
-1.078748094425188570e-01
-1.078660817711434572e-01
-1.078570142256698727e-01
-1.078479649886790737e-01
-1.078388696603845426e-01
-1.207126693690035246e+01
-1.078976478982009157e-01
-1.078883647946290297e-01
-1.078792867410390682e-01
-1.078703180361580138e-01
-1.078616087963081421e-01
-1.078524123386959688e-01
-1.078435287557743122e-01
-1.078346110297146304e-01
-1.078257023413801557e-01
-1.078165262488137016e-01
-1.078077730760166886e-01
-1.077985671270843410e-01
-1.077896388809821693e-01
-1.077807207770520026e-01
-1.077714420635748072e-01
-1.077625491560235127e-01
-1.077537213337369792e-01
-1.077449242134402158e-01
-1.077359664215060964e-01
-1.077273031872526265e-01
-1.077180222658152553e-01
-1.077090334815422601e-01
-1.077090334815422601e-01
-1.077000583982346965e-01
-1.276789247045860343e+01
-1.076833053030510218e-01
-1.076745940530956930e-01
-1.076654228559836279e-01
-1.076567061214796645e-01
-1.076476152762052413e-01
-1.076387847076632903e-01
-1.403250861759601165e+01
-1.076588511013325394e-01
-1.076498647629820365e-01
-1.076407020407733200e-01
-1.076317740566210962e-01
-1.076227672876973740e-01
-1.076139627699138346e-01
-1.076049479911755508e-01
-1.075957680386773474e-01
-1.075870664202987492e-01
-1.075782509923062097e-01
-1.075696105306318123e-01
-1.075603971401338094e-01
-1.075514396573499648e-01
-1.075423099189573573e-01
-1.075334873028142013e-01
-1.075244811888371732e-01
-1.075156252902928489e-01
-1.075068531644229886e-01
-1.074977648617273657e-01
-1.074889525931984890e-01
-1.358651779091457890e+01
-1.075269828497346092e-01
-1.075179367897092508e-01
-1.180087379453926744e+01
-1.075525811874025461e-01
-1.075437705898733276e-01
-1.075349777842035254e-01
-1.075258591896011140e-01
-1.075170915631057100e-01
-1.075082993164931111e-01
-1.074993674957313572e-01
-1.074906057048535257e-01
-1.074816095375340508e-01
-1.074724317649370653e-01
-1.086801930488193335e+01
-1.074989177275670199e-01
-1.074899317332670828e-01
-1.074812337415619601e-01
-1.074722737584695859e-01
-1.074632864304861518e-01
-1.074543079564289211e-01
-1.193480421070906417e+01
-1.074390405621354488e-01
-1.074300686840158059e-01
-1.074212131350793520e-01
-1.074123466460525922e-01
-1.074034482963934639e-01
-1.073945232654043708e-01
-1.073859533156846929e-01
-1.073770440498114931e-01
-1.073681077096550335e-01
-1.073751914522966533e-01
-1.073664494877547004e-01
-1.073576023305444771e-01
-1.073485668014172861e-01
-1.073395471321789835e-01
-1.073305038638295156e-01
-1.073216445106259936e-01
-1.073130700868599879e-01
-1.073042493491980359e-01
-1.072954332071976019e-01
-1.072866892997369898e-01
-1.072779243845705804e-01
-1.072688292041435038e-01
-1.072598960893969139e-01
-1.072509450109350032e-01
-1.072419845809175071e-01
-1.072329527352723633e-01
-1.072241803304287977e-01
-1.072153619034001831e-01
-1.072066061749702426e-01
-1.071981100177235441e-01
-1.071893389280705600e-01
-1.071803206609392156e-01
-1.071715476551942936e-01
-1.071624851229767417e-01
-1.071532989178320544e-01
-1.071441991581160019e-01
-1.071357818098687548e-01
-1.071268051339241967e-01
-1.071182330134895638e-01
-1.071096016689153940e-01
-1.071005716764544674e-01
-1.070917658467202688e-01
-1.156741064195151480e+01
-1.071346814991030183e-01
-1.071256390973247818e-01
-1.071165883883793413e-01
-1.071078333904880303e-01
-1.070993080884672100e-01
-1.070901923593311766e-01
-1.070816654195006351e-01
-1.070725392049612784e-01
-1.070636953123039053e-01
-1.070550213467913458e-01
-1.070461815971990721e-01
-1.070372344281966398e-01
-1.235579735592443029e+01
-1.181407131847174874e+01
-1.071504355106041168e-01
-1.071418356760290153e-01
-1.071327495860667361e-01
-1.071236856451098923e-01
-1.071150189185188784e-01
-1.071060973194663118e-01
-1.070975388195733041e-01
-1.070884608112162295e-01
-1.070798584653141067e-01
-1.070711073264640628e-01
-1.070533539501885428e-01
-1.711381574240269288e+01
-1.071873566450473048e-01
-1.071784130136124169e-01
-1.071696441580254761e-01
-1.071609954122406394e-01
-1.071520104409850044e-01
-1.071431016391799079e-01
-1.071343700296478463e-01
-1.071255009784540246e-01
-1.071165775787688429e-01
-1.071080673343302869e-01
-1.070994044511320020e-01
-1.070903355219580827e-01
-1.070812627107557841e-01
-1.070727206182912894e-01
-1.070640762563506848e-01
-1.070549688801874094e-01
-1.070462823350712550e-01
-1.070374334816264345e-01
-1.070288094897539483e-01
-1.070198531701337524e-01
-1.070108868996892532e-01
-1.070023066579231380e-01
-1.069933789900426729e-01
-1.069849963278999005e-01
-1.069759990807427757e-01
-1.069669664627544425e-01
-1.069585045926023381e-01
-1.069494752533841492e-01
-1.069406351371773728e-01
-1.069317217100808487e-01
-1.069231913898794073e-01
-1.200476389097589447e+01
-1.212787279585256783e+01
-1.070210838075306842e-01
-1.091633496747855858e+01
-1.070322779960547477e-01
-1.070232963809467641e-01
-1.070147103876964989e-01
-1.070061338395189160e-01
-1.069971581964478530e-01
-1.069882378724172772e-01
-1.069796789861189312e-01
-1.069709876224887168e-01
-1.069621112781074107e-01
-1.069532472360797681e-01
-1.069445529883989443e-01
-1.069361402738953221e-01
-1.069266087589731407e-01
-1.069180911122453448e-01
-1.069095393473415700e-01
-1.069007960021226694e-01
-1.068919309842652071e-01
-1.068831913646641901e-01
-1.068744705294832203e-01
-1.068657462363110794e-01
-1.068567770401725320e-01
-1.068480279301283614e-01
-1.068392381036712413e-01
-1.068305509727638936e-01
-1.068220299119885530e-01
-1.068133400280055073e-01
-1.068043377736984795e-01
-1.067956102387755818e-01
-1.067869464631637511e-01
-1.067780281345428600e-01
-1.067694992811649146e-01
-1.067606050384315025e-01
-1.067519898369739401e-01
-1.067430672754470095e-01
-1.067345936467709311e-01
-1.067257487058361487e-01
-1.067170962574402193e-01
-1.067082076192604756e-01
-1.066991760940737277e-01
-1.066906528421766170e-01
-1.066822674724944159e-01
-1.066735383694380618e-01
-1.066647739278290957e-01
-1.066558455171960351e-01
-1.066469809854256739e-01
-1.066381679634979818e-01
-1.066297076116115988e-01
-1.066210533465399846e-01
-1.066121856515631627e-01
-1.066034408560618540e-01
-1.065948285115135702e-01
