4.902716879477232226e+01
3.898407417826702925e+01
3.099829067986697240e+01
2.464837929475583422e+01
1.959923435770387457e+01
1.558439537698066424e+01
1.239198621214589480e+01
9.853533350178137695e+00
7.835075354554655647e+00
6.230092201203574653e+00
4.953884482649095311e+00
3.939103439381818728e+00
3.132196626997347355e+00
2.490581524494929422e+00
1.980398564468428546e+00
1.574724446356606133e+00
1.252150825396694200e+00
9.956548776353514318e-01
7.917008560672168516e-01
6.295257974076861052e-01
5.005714155776772589e-01
3.980326351423731368e-01
3.164983280068430771e-01
2.516658363448495694e-01
2.001138955874929293e-01
1.591220344197149528e-01
1.265270895973483745e-01
1.006089996475827003e-01
8.000004938523490317e-02
6.361269696420555897e-02
5.058217221375135852e-02
4.022085242826409224e-02
3.198196869925588881e-02
2.543075541134785095e-02
2.022150335166876534e-02
1.607932343149308732e-02
1.278563222047857974e-02
1.016662322539354027e-02
8.084091802432956733e-03
6.428144269742711026e-03
5.111397653380568562e-03
4.064369604164249847e-03
3.231812408139399587e-03
2.569796595250368586e-03
2.043391667707494634e-03
1.624820354303546264e-03
1.291992692033805097e-03
1.027342782587570584e-03
8.169038527049414956e-04
6.495710125752555530e-04
2.294358549802833283e-03
