9.643646965501910528e-02
2.928683674369129131e-01
2.363944603678202194e-01
1.970752363972747556e-01
1.873396778305606025e-01
1.577578924073238520e-01
1.487594947409617008e-01
1.598095813295453138e-01
2.180407126985903776e-01
1.771631977716696671e-01
1.678541781805878985e-01
1.741887446121855587e-01
1.813687995190570446e-01
1.745434176608747501e-01
1.541653089407146182e-01
1.614874271205835876e-01
1.593212299923203179e-01
1.521915422355419600e-01
1.462931937490196399e-01
1.552368994400258884e-01
1.362083241830998048e-01
2.685509716750557052e-01
1.987204908816856685e-01
1.800922068993202618e-01
1.691341562558945633e-01
1.694116834703567054e-01
1.544768413288881148e-01
1.794054067413449749e-01
1.487943878751350202e-01
1.440638902874033234e-01
1.480571118188582225e-01
1.452966364235140084e-01
1.518284048100413397e-01
1.361141761664199090e-01
1.517126576027552631e-01
1.408813503551457069e-01
1.420578471329262127e-01
2.011438536975722613e-01
1.590083309646811438e-01
2.733272367077895781e-01
2.633678201491428950e-01
2.112099616236659261e-01
1.908986880492312133e-01
1.735915514437512963e-01
1.733027054349778606e-01
1.622650659452131439e-01
1.580038869785768685e-01
1.740702394861247670e-01
1.494080390970125849e-01
1.466516135254704867e-01
1.543634141317461184e-01
1.554999583899420446e-01
1.384071687627126956e-01
1.453767543957090735e-01
1.540517269870051997e-01
1.381348261610328421e-01
1.360577163857248917e-01
2.164197981574428109e+00
7.447328402449362450e-01
4.831246670054443748e-01
4.433678329145560593e-01
3.313485776185510212e-01
3.056480014107690879e-01
2.611066743885392394e-01
2.543317766922333911e-01
2.472045521419697633e-01
2.301618040855666625e-01
2.183579539722516338e-01
2.082837818664623197e-01
2.307701935790599235e-01
2.043841685485082160e-01
2.121008896545933109e-01
1.931717678882056699e-01
1.820648451926380473e-01
1.734234922033854875e-01
1.863088143098001470e-01
2.832354451279777696e-01
2.252110006216597182e-01
2.056619268741134154e-01
1.875777037276824821e-01
1.933550437398042499e-01
1.729318320042055046e-01
1.653594139236684024e-01
1.546730355736755935e-01
1.686975616316495619e-01
1.599061040787312649e-01
2.607954405454098734e-01
3.201193507131382399e-01
2.115492368734832596e-01
1.948299806935731016e-01
1.885615847866891903e-01
1.633274565184723304e-01
1.885034025962162296e-01
1.615328748313995810e-01
1.958682225773722418e-01
1.854186957605082064e-01
1.794806582188396560e-01
1.645675692419759362e-01
1.635131664576792987e-01
1.659007397651654503e-01
1.889712093377717839e-01
1.792037281360145951e-01
1.826509583721683816e-01
1.631149206792495421e-01
1.679695706187897819e-01
1.656229889259309973e-01
1.965672251932496506e-01
1.812997472220108652e-01
1.612494957430038178e-01
1.627767094498701606e-01
1.545153059973276566e-01
1.797324504249061261e-01
1.744972991354791503e-01
3.126784920292423609e-01
2.564199676536437766e-01
1.980547982777470239e-01
1.978638832304486783e-01
1.878924872776006338e-01
1.768616020444514492e-01
1.812029704520486673e-01
1.657040920913158133e-01
1.717800390982841818e-01
1.587654769015613421e-01
1.555796057186542569e-01
1.632886620900516339e-01
1.558325384770075650e-01
1.529763268386686026e-01
1.630238304289702844e-01
1.511548121068687633e-01
1.545145591345910840e-01
1.481062097611510475e-01
1.647777859072916129e-01
1.464885598437530856e-01
1.561598927032842865e-01
1.567354428041848879e-01
1.434119211115363057e-01
1.577354234573904723e-01
1.415306873061923376e-01
1.412434398456172691e-01
1.504337490126068377e-01
1.450658482033717611e-01
1.484954738632172089e-01
1.497021302108210161e-01
1.381954129438396073e-01
1.358208957692237373e-01
1.487876063812411387e-01
1.407934196886628242e-01
1.412379401928690048e-01
1.443100362736278452e-01
1.464598073673002432e-01
1.417623229306976540e-01
1.310508949935688394e-01
1.466192007431346978e-01
1.332733912453323288e-01
1.336481536157492489e-01
1.476726163330122077e-01
1.332802610399849985e-01
1.349721067454065782e-01
1.554660595717796689e-01
1.380141674913539507e-01
1.375329983516864196e-01
1.402764333391252616e-01
1.417799636303302691e-01
1.424027920659948487e-01
1.311277411341954247e-01
1.406993553337905212e-01
1.221001455063723123e-01
1.499439522806876868e-01
1.405042438690284057e-01
1.367725749276943459e-01
1.365553158063047001e-01
1.313265639281988029e-01
1.423065921821587421e-01
1.410861630342675199e-01
1.425657387103917151e-01
1.912820460839177450e-01
1.368923085282781338e-01
1.231315121146523417e-01
1.494289595400396520e-01
1.336860565044355464e-01
1.385618343451661405e-01
1.338795648580122233e-01
1.383887525595570989e-01
1.387484623212352219e-01
1.278866723647696380e-01
1.291013327584305537e-01
1.323982854657836383e-01
1.318367821941114904e-01
1.351082063400437794e-01
1.392370355115990777e-01
1.395493660221548138e-01
1.264841380310149088e-01
1.338870417639445032e-01
1.305880597499257945e-01
1.412042379671067382e-01
1.455766195544561659e-01
1.233607721477307101e-01
1.551232256656045472e-01
1.536873658991150804e-01
1.502665561417607376e-01
1.288162190844531207e-01
1.398458639974766438e-01
1.222274636961459132e-01
1.386842869841975745e-01
1.525281467931965673e-01
1.416821755084073375e-01
1.255306878221255640e-01
1.267559611107466899e-01
2.816983729088993749e-01
1.640160612102648796e-01
1.505726790940667692e-01
1.496293595227115025e-01
1.354964991447278333e-01
1.315998719823775198e-01
1.543196336197515395e-01
1.499527722978137023e-01
1.368928589876342861e-01
1.302758041587337989e-01
1.314363724509244324e-01
1.404702350190770999e-01
1.433317342932913796e-01
1.336085994424748846e-01
1.427597914792707590e-01
1.439934172349082997e-01
1.410925505271043989e-01
1.299616332968367427e-01
1.240762230199237010e-01
1.283681080917209172e-01
2.206866916137388834e-01
1.935501820027882014e-01
1.660750804170454398e-01
1.640613523770309279e-01
1.520564172131617930e-01
1.433956222930587165e-01
1.594753532492679537e-01
1.540792984023661716e-01
1.333139612299666932e-01
1.636459730605134277e-01
1.660791705871014212e-01
1.401983095111610789e-01
1.505532222622518457e-01
1.625238408085857844e-01
1.508020487636684559e-01
2.097840945820797220e-01
2.613853426918025247e-01
1.925040203665872862e-01
2.357856483448022289e-01
1.784748995650510817e-01
1.735754267294807585e-01
1.590213616234258942e-01
1.563207813329207663e-01
1.553356748289705658e-01
1.574964230226189588e-01
1.556179987915437823e-01
2.645541049979934223e-01
1.836907998743922410e-01
1.681319296975128108e-01
2.248975185349994521e-01
1.793808745324139142e-01
1.753713186790973044e-01
1.612367784042375018e-01
1.612354599663228805e-01
1.574846492441294710e-01
1.494197765510827947e-01
1.676254011339258776e-01
1.520692056528613889e-01
1.427574458302823257e-01
1.933181420260551564e-01
1.588892233660325337e-01
1.459049709814231321e-01
1.494105911806926645e-01
1.442597603347255675e-01
1.591842685632501031e-01
1.602193625347388961e-01
1.543187717185347807e-01
1.498418113969627596e-01
1.502873261129071270e-01
1.365730494204315526e-01
1.449649688688514348e-01
1.510914352723298215e-01
1.411282178920666430e-01
1.409628005183906629e-01
1.432795616938292993e-01
1.328372466798800888e-01
1.522886909540661637e-01
1.112212024178671488e-01
1.390064903512941430e-01
1.389916743549216294e-01
1.350609527679058619e-01
1.425773070677330001e-01
1.467377128754127624e-01
1.511962203734485699e-01
1.384857595245210793e-01
1.418076072791370490e-01
1.345343591470252176e-01
1.335164399006974756e-01
1.482612855444175592e-01
1.461054458396154332e-01
1.278941290816017762e-01
1.397717928107711505e-01
1.354612202329300574e-01
1.414229341597654233e-01
1.409908696100417858e-01
1.358025500212372005e-01
1.307155729975657821e-01
1.435841303516084688e-01
1.262842489562540638e-01
1.317065501654367254e-01
1.357619650069215311e-01
1.295289778949565707e-01
1.339803200683071238e-01
1.360122250685291412e-01
1.362089628569376487e-01
1.373075234164750635e-01
1.228322662609297317e-01
1.254866990186680742e-01
1.318968673912334633e-01
1.315915438948233041e-01
1.294205587214073139e-01
1.883695932986217958e-01
1.549487702669266886e-01
1.362634174422951427e-01
1.938658913537475714e-01
1.538450024073340361e-01
1.613716535236879857e-01
1.421926291616169846e-01
1.400393605514298201e-01
1.398618545395431678e-01
6.175255982030281032e-01
3.621251646948565051e-01
2.932502625077081371e-01
2.453585878157921174e-01
2.163103660792010108e-01
4.188866941063347227e-01
2.985103082553762777e-01
2.564178277477884293e-01
2.359018405504116622e-01
2.116270814995691585e-01
1.854182726897837530e-01
1.962888124898355680e-01
1.782597794382040912e-01
1.926744174748764582e-01
1.794243067931932945e-01
1.715305845721997180e-01
1.672528276579867412e-01
1.618067712397007196e-01
1.717389503743200485e-01
1.750286593896710208e-01
1.558571209205414088e-01
1.573042546301230138e-01
1.624493482419653023e-01
1.457394083930527162e-01
1.602140822546292975e-01
1.521572105368936001e-01
1.445351535167484214e-01
1.454700786305644644e-01
1.400899397387363188e-01
1.439853228952491793e-01
1.560914878591431465e-01
1.399173200469293610e-01
1.452070682093246634e-01
1.429445447856863838e-01
1.470844447056837700e-01
1.522268967772710813e-01
1.529040852573493592e-01
1.473421288882618696e-01
1.440208051219621643e-01
1.510173115530571986e-01
1.482355845178266185e-01
1.393642936419561273e-01
1.403044319015501751e-01
1.320221157085379182e-01
1.475759468215659953e-01
1.444713374801507855e-01
1.307854786401968783e-01
1.517146448519607893e-01
1.424551291826402777e-01
1.363492271133681100e-01
1.480253330709467574e-01
1.326502216161006276e-01
1.454384194401757979e-01
1.400430043856729367e-01
1.293635992711345828e-01
1.345585580877138310e-01
1.410564001422474900e-01
1.458785191826413308e-01
1.344140770681662433e-01
1.344767185164417733e-01
1.303574881785636297e-01
2.154406288629892308e-01
1.653676278103022868e-01
1.516285824890874490e-01
1.412757836301235248e-01
1.451664168769556673e-01
1.341633320076273950e-01
1.456054826650878820e-01
1.271966528040076039e-01
1.335750562653958418e-01
1.398686609137888281e-01
1.831660134562788089e-01
1.653452735957239295e-01
1.556904813143399902e-01
1.342839860760973447e-01
1.426409612954453177e-01
1.344955414677642402e-01
1.482934462469535641e-01
1.481171700338436703e-01
1.344934926821250987e-01
1.468769284976931266e-01
1.323623843653963239e-01
1.295357711468923534e-01
1.385856952172964396e-01
1.258935465512506791e-01
1.299053923614055528e-01
1.330392356888986383e-01
1.425392720572066230e-01
1.301302014137105667e-01
1.241284796554475156e-01
1.331321998042987453e-01
1.218711790339802592e-01
1.589847709438774459e-01
1.929760777672132888e-01
1.525590065154276143e-01
1.933709561596551607e-01
1.599803492410786510e-01
1.456393707112212388e-01
1.605646902613467597e-01
1.431100000785795190e-01
1.335170898284026020e-01
1.427047959376009645e-01
1.357084974831729018e-01
1.342082138676196634e-01
1.344694040992287787e-01
1.399965896678070365e-01
1.335700143414657037e-01
1.361224918383881211e-01
1.520970144072730512e-01
1.325155116806425171e-01
1.375087483846806902e-01
1.244585277438291365e-01
1.329981758215124654e-01
1.683598961425732121e-01
1.408605971101433985e-01
1.456690169153306014e-01
1.410949998466914657e-01
1.334088336520610207e-01
1.365384915294227119e-01
1.230767235699217338e-01
1.321728673952057009e-01
1.325749315482983581e-01
1.276360867037364122e-01
1.325414836187596423e-01
1.252451157054142172e-01
1.405717492598124174e-01
1.368764820601615084e-01
1.298161344682556007e-01
1.275011675965613267e-01
1.287165308650939921e-01
1.354952225066348714e-01
1.333348164942752545e-01
1.426083431000763069e-01
1.378042163215686955e-01
1.273593144164928415e-01
1.604392845437463411e-01
1.403499497077597136e-01
1.303046130626031307e-01
1.310812075658195075e-01
1.362126203301907978e-01
5.416556408555855961e-01
2.367236289249703418e-01
1.621580097669410581e-01
1.517450606649880795e-01
1.505335884888890363e-01
1.661822876139691652e-01
1.545903057340076991e-01
1.438105608251737944e-01
1.332936125917544845e-01
1.275586500109108790e-01
1.372008309438819962e-01
1.359105634454148837e-01
1.332773748962905180e-01
1.452051708315073297e-01
1.374855961758343348e-01
1.362020632500873796e-01
1.400777320044149787e-01
1.293874938334357849e-01
1.306267173214536725e-01
1.261113847466311388e-01
1.265007742820999925e-01
1.233010292942876146e-01
1.300713989860452502e-01
1.450624022221922993e-01
1.336341823232640447e-01
1.220243189806250877e-01
1.441102292111469951e-01
1.330549832365069129e-01
2.004264499659383358e-01
1.780673268741324589e-01
1.502605836659072214e-01
1.458231519169581603e-01
1.489126752007458865e-01
1.455510682815902013e-01
1.357397888929754715e-01
1.364263427119443428e-01
1.355658119396373484e-01
1.376457798877404604e-01
1.268878484469020962e-01
1.265464499334412740e-01
1.330111161196131930e-01
1.243045053639354608e-01
1.296435491417252672e-01
1.347898643832712573e-01
1.303016427894247709e-01
1.384327967697168149e-01
1.274795576477185666e-01
1.223891187456235541e-01
1.261964482267537990e-01
1.259728947020755385e-01
1.347811828005466561e-01
1.166821971696761634e-01
1.304394916689519401e-01
1.365622110854032012e-01
1.353587283395122354e-01
1.215979808664989226e-01
1.265773263466749288e-01
1.241593788272424975e-01
1.205945343973247180e-01
1.315935420211334084e-01
1.224094833451931652e-01
1.301662772444102667e-01
1.243840915073296111e-01
1.511448148716475204e-01
1.447959943177354047e-01
1.383597189004301120e-01
1.335811897332772613e-01
1.671306410386388663e-01
1.529746043253102372e-01
1.398819096482509239e-01
1.390096920705151395e-01
1.345351290665417476e-01
1.312042833423984201e-01
2.364896037563117281e-01
2.015338405334725913e-01
1.797792256602946948e-01
1.866815684385868535e-01
1.624196339489373808e-01
1.571120682354352205e-01
1.461142729047451017e-01
1.609563876141576200e-01
1.520849841316921636e-01
1.423547513693956545e-01
1.688514169123933595e-01
1.371753287838610724e-01
1.440516792874746432e-01
1.377086025246119227e-01
1.308636488738826043e-01
1.369615649875823016e-01
1.449822823579918762e-01
1.346907436610048914e-01
1.412644471444613192e-01
1.301153597795383643e-01
2.672913098832149226e-01
1.617923793809940836e-01
1.695493633669841460e-01
1.941151393481693466e-01
1.737753283346318844e-01
1.660692252534289592e-01
1.451324581364308586e-01
1.387917991938860118e-01
1.631283490347074927e-01
1.380907270161899070e-01
1.297836969703944632e-01
1.733331068490659987e-01
1.684382617747199884e-01
1.489044039678275033e-01
1.452777689293137109e-01
1.378827235148050723e-01
1.396694461517919150e-01
1.519106067668427595e-01
1.267516914784416193e-01
1.330576444766430888e-01
1.486202774324884290e-01
1.268205063289995216e-01
1.379772730207686759e-01
1.321058217674274393e-01
1.328785221254430438e-01
1.951047673572271768e-01
1.520068722510238002e-01
1.508983555685580458e-01
1.303678230357693257e-01
1.433910624345539619e-01
1.327993368369861926e-01
1.258515214173258623e-01
1.303351713645656829e-01
1.258682548599725504e-01
1.407379632800659919e-01
1.360215321313436310e-01
1.294362582772380921e-01
1.397257628409118990e-01
1.303475445489569451e-01
1.230964115319837654e-01
1.411476676398024099e-01
1.250728716840286969e-01
1.418734478343065541e-01
1.221681050378094352e-01
1.277273451172529217e-01
1.359402357480297419e-01
1.720120538800057053e-01
1.423176334092265127e-01
1.435458279867851406e-01
1.291682116508159062e-01
1.186421187381406506e-01
1.328961603943735748e-01
1.372194519455282591e-01
1.278323436352488962e-01
1.205558371249604577e-01
1.211647764456422194e-01
1.364855319792765420e-01
1.767642212013510017e+00
9.768590579014156949e-01
7.061948639682230633e-01
5.732721061602971124e-01
5.294930223736289410e-01
4.298331173097530988e-01
4.360297462638047516e-01
4.341797377920957324e-01
3.965397077906173684e-01
3.717489972448187463e-01
3.376223204307199910e-01
2.773185541132563436e-01
2.934793198434397787e-01
2.695788999480618342e-01
2.393531819314410058e-01
2.375235426035723629e-01
2.483817832591153629e-01
2.114169281148833290e-01
2.167036728384168498e-01
3.960535021861557037e-01
2.923430044204394784e-01
2.543176967034425640e-01
2.271533568775737089e-01
2.440883914191458448e-01
2.206847766345964301e-01
1.990853491001268183e-01
2.177950763562470915e-01
2.084762003620557747e-01
1.871431212557376489e-01
1.932711836501387614e-01
2.096649092171088413e-01
1.786042453214198300e-01
1.741605490531936140e-01
1.907638088645060848e-01
1.924194261821242924e-01
1.905159765600775990e-01
1.788073271564124822e-01
1.881213086439464388e-01
1.693917676290525032e-01
1.759542505467451834e-01
2.142294448106731308e-01
1.789849080968755612e-01
1.774303277173125415e-01
1.738843102920382688e-01
1.684561348732986907e-01
1.752723138236087497e-01
1.660806786305835114e-01
1.616319715331324403e-01
1.511139902726395534e-01
1.738964802494708528e-01
1.567924824817158724e-01
1.613532484360735431e-01
1.451225842333403737e-01
1.569024950899909621e-01
1.591681132805819743e-01
1.637292941430565640e-01
1.610278689928092977e-01
1.752257834168171324e-01
1.490399996474713329e-01
1.452780158074525596e-01
1.573643453579347262e-01
1.768461243124060389e-01
1.419395257624348206e-01
1.540922483258608255e-01
1.518716263959828394e-01
1.645301705317335494e-01
1.746338899965063918e-01
1.441244017427704138e-01
1.442270560518944256e-01
1.419041778132333620e-01
1.562042916295470485e-01
1.674425754452593673e-01
1.484513483434756198e-01
1.557637310828467736e-01
1.412512896960205766e-01
1.431697602167448791e-01
1.368534700056801001e-01
1.478166439281014266e-01
1.488026810769802477e-01
1.392125343425255624e-01
1.404611974058365131e-01
1.748487053029037785e-01
1.643041911965071877e-01
1.533489314490387723e-01
3.764939896588326840e-01
1.687443298446666684e-01
1.750372830498689303e-01
1.643564954850134652e-01
1.485195422660667841e-01
1.465571611022167542e-01
1.496019450962042530e-01
1.522681328284518076e-01
1.402821851243710172e-01
1.703657747286632940e-01
1.617270313681088423e-01
1.437104972805103298e-01
1.451024538062951064e-01
1.491404460569537571e-01
1.336109997991910270e-01
1.604245880744239738e-01
1.413306380341227131e-01
1.409717564692954117e-01
1.583238183178742320e-01
1.430918234418180057e-01
1.460424337151837448e-01
1.394584446032686165e-01
1.517695142553201204e-01
1.488022936139773433e-01
1.436176184390892674e-01
1.527181834535823735e-01
1.388541779376447627e-01
1.473756664397300187e-01
1.329187457399925720e-01
1.489466719495432800e-01
1.335107689246181062e-01
1.401315268171017536e-01
1.391203322329580827e-01
2.490362542468101126e-01
1.573879387459132806e-01
1.553004540022590307e-01
1.545062711375823905e-01
1.497273485687566907e-01
1.589853127234940322e-01
1.468689701038942697e-01
1.496510438728309855e-01
1.255146522420492183e-01
1.408205197881227388e-01
1.299983175318076556e-01
1.565272853961885147e-01
1.357976427598700520e-01
1.422562379052468851e-01
1.419752935290847784e-01
1.383212894162456630e-01
1.368297630322216629e-01
1.323575027052963926e-01
1.373537117117792083e-01
1.457897314815054524e-01
1.441328282298393326e-01
1.254830133141754400e-01
1.414827964663329940e-01
1.255405240000769251e-01
1.374644880096862476e-01
1.269787798088286845e-01
1.369029389273331565e-01
1.370242510629494093e-01
1.465340127297173056e-01
1.271085383418819326e-01
1.359799788463484926e-01
1.237399988673535400e-01
1.405891248464326559e-01
1.439779944154748470e-01
1.334294299698409181e-01
1.364610153488629851e-01
1.424091919555791896e-01
1.416878544289699449e-01
1.431504012069682863e-01
1.333137256621038935e-01
1.367425148953246294e-01
1.330461797595058338e-01
1.420215950385797232e-01
1.342263881320245045e-01
1.355346895187929668e-01
1.416048516702787530e-01
1.420309989366453918e-01
1.318703404472960361e-01
1.278904810952574411e-01
1.243427410172462805e-01
7.913454797253844930e-01
4.220834410610151965e-01
3.121832197292170319e-01
2.653682325036912371e-01
2.512466431490747998e-01
2.154517162270657149e-01
2.043336413654361361e-01
2.109057671878383222e-01
1.830691826336164341e-01
1.748208652381520178e-01
1.801819404325405161e-01
1.637925331805685225e-01
1.744159355524710353e-01
1.650993079615035997e-01
1.761925695680689463e-01
1.724196075731662947e-01
1.576297763184001388e-01
1.555989690936398495e-01
1.719236365678287748e-01
1.540516043131989754e-01
1.455410736016927165e-01
1.459895166009939904e-01
1.567352498342071410e-01
1.453849024549474789e-01
1.525377383998793301e-01
1.450298843688078432e-01
1.576207293648543006e-01
1.507413646221403558e-01
1.443212251191320072e-01
1.326127873666058110e-01
1.448004016838023433e-01
1.441514575736612402e-01
1.319320355743945627e-01
1.466391465290558527e-01
1.397823830066784179e-01
2.427716785743782579e-01
1.778384119254550200e-01
1.454910340612868558e-01
1.506379292181742324e-01
1.612380977459725306e-01
1.472250585326022598e-01
1.398536728076852642e-01
1.540613413552634203e-01
1.381466654523270943e-01
1.442939588737645884e-01
1.528254890888147977e-01
1.458020428453529194e-01
1.447615736597531455e-01
1.351401248936631994e-01
1.431915279475162450e-01
1.394392138258592484e-01
1.460939278313236611e-01
1.407265849360670174e-01
1.356086555297224827e-01
1.335253008907439920e-01
1.422587201628809639e-01
1.779467074741501176e-01
1.400835525157243244e-01
1.387672915871399626e-01
1.383141440447575587e-01
1.423821078183932221e-01
1.354068321032845523e-01
1.427894737429836469e-01
1.397948732889220114e-01
1.426318609738539411e-01
1.280966130259495739e-01
1.303049339475711998e-01
1.354311119907318228e-01
1.386000808133646955e-01
1.365346232682642380e-01
1.290281225869503445e-01
1.314384615973548387e-01
1.724610634612832316e-01
2.241078200540840837e-01
2.509345317277641429e-01
2.978652729927095399e-01
2.233364074332676308e-01
1.867437461651111352e-01
1.826527629510492912e-01
1.697026227995071246e-01
1.901853440692209407e-01
2.251678878830661867e-01
2.060744014360760823e-01
1.823016060452955500e-01
1.824536353845194192e-01
1.955597737524657764e-01
1.648888685083472194e-01
1.662803706318259356e-01
2.098922913820426839e-01
1.609937939073575186e-01
1.481633635984947461e-01
1.507894864450229355e-01
1.539082093487699199e-01
1.619300693399990387e-01
1.440932614660180300e-01
1.463239899232204322e-01
1.453475739058968375e-01
1.391260063987892204e-01
1.462476257476353070e-01
1.279795074965346668e-01
1.421047187211812723e-01
1.477617295543909026e-01
1.950996041908561462e-01
1.672347835288067186e-01
1.554274063874022671e-01
1.375236355251104881e-01
1.398458013431834457e-01
1.452210838762067469e-01
1.775409626182805900e-01
1.570199834737222022e-01
1.660919545310689527e-01
1.386854024832691046e-01
1.377361348702456634e-01
1.435189257473545588e-01
1.524307733962084743e-01
1.553041865080284356e-01
1.340053584628180805e-01
1.403616637284103019e-01
1.340668088596273788e-01
1.400246529781732363e-01
1.320533516680644504e-01
1.387150072253884869e-01
1.769473730783152621e-01
1.641635560420326712e-01
1.486684966182977574e-01
1.442458389696142651e-01
1.440596743337273777e-01
1.315727614206195495e-01
1.362398561151328402e-01
1.267463695673009261e-01
1.426895762627755637e-01
1.501438213657306231e-01
1.485389695787548425e-01
1.920082353072614934e-01
1.650970228706001297e-01
1.462697645743608332e-01
1.292134632284672735e-01
1.567740334120403534e-01
1.435275357475084834e-01
1.395360831717837313e-01
1.434322545604473642e-01
1.424005719611942111e-01
1.544433517696298941e-01
1.753782197982715618e-01
1.458921792375129922e-01
1.514131996746622966e-01
1.377515998669357755e-01
1.363423258298993301e-01
1.531390227822313210e-01
1.943274806791172871e-01
1.543810568769715119e-01
2.010388809718952341e-01
1.755884803947287132e-01
1.679976264807961084e-01
1.492651571642562847e-01
1.389644036395052962e-01
1.454381948233958166e-01
1.067928409166172932e+00
4.638098489453334472e-01
3.090789458228994646e-01
2.647880802172710157e-01
2.261505776606120843e-01
2.146490997587308935e-01
2.028589178236996637e-01
1.752980880096151883e-01
1.942554497846647188e-01
1.775000258881686277e-01
1.857573133043208258e-01
1.740646802397203263e-01
1.741295352406603547e-01
1.591336729192790178e-01
1.624420911973863124e-01
1.611462395950634674e-01
1.381512801849096306e-01
2.164142374528919277e-01
1.898394222233574236e-01
1.651414443575272561e-01
1.619122755345893672e-01
1.696808071422131192e-01
1.743776872574548109e-01
1.530678356953285857e-01
1.503722181775472289e-01
1.467326037761358948e-01
1.453644499071057306e-01
1.498151290111356948e-01
1.413745483024513583e-01
1.675959199313335202e-01
1.624458698804413237e-01
1.550278966452526275e-01
1.322383633419784432e-01
1.403359577919117973e-01
1.375474731023349495e-01
1.350311661681531383e-01
1.338067300302940299e-01
1.494532933085567783e-01
1.516032082226195787e-01
1.317302195777361185e-01
1.459006597642234782e-01
1.447118880403449881e-01
1.336618197371562955e-01
1.500218619771135353e-01
1.441963837866669096e-01
1.253548751021699992e-01
1.349253734373702662e-01
1.466012767414763551e-01
1.255229128920680171e-01
1.312835032211740749e-01
1.512619636658667499e-01
1.422039227532151673e-01
1.303578574116746880e-01
1.303499786269267380e-01
1.438776955676378810e-01
1.355922064804095384e-01
1.352455911773969288e-01
1.290987875386891415e-01
1.741495490090117781e-01
1.499687518226026917e-01
1.451766917992418082e-01
1.708254415696254525e-01
1.518205809709014809e-01
1.555340586661558555e-01
1.435446134000115392e-01
1.384971565437893848e-01
1.495939219022123512e-01
1.245840378658285147e-01
1.261661544716662919e-01
1.340151356175597608e-01
2.812980829215900869e-01
1.707738255022175078e-01
1.556249624651351027e-01
1.543643957127360800e-01
1.597518264260340826e-01
1.366904576427549478e-01
1.343357673909426897e-01
1.512598963551219089e-01
1.386615678193788836e-01
1.298097310841830332e-01
1.300995908031781778e-01
1.300378697115157633e-01
1.311602649369747187e-01
1.410556039017126229e-01
1.300120803724704732e-01
1.399978605213649252e-01
1.285794885542141941e-01
1.341513330122851844e-01
1.269471859392571622e-01
1.289055589323217510e-01
1.316045334689633639e-01
1.252812754713087673e-01
1.225595372562922059e-01
1.285814600615616254e-01
1.177357346732327281e-01
1.204022575790785199e-01
1.328360287280342111e-01
1.291107543097390342e-01
1.344724635644982402e-01
1.189623557874665560e-01
1.183082176446105110e-01
1.266152966627361320e-01
1.244517120518497943e-01
1.190056113366947527e-01
1.215815047337908544e-01
1.292064913382267866e-01
1.278516647004186990e-01
1.155816170292721518e-01
1.313608133514909126e-01
1.203455698714064742e-01
1.294888089926375385e-01
1.207692849074651770e-01
1.318733604797435455e-01
1.463807711869906103e-01
1.576528649843234042e-01
1.508512365467084837e-01
1.365405840775323343e-01
1.379002622687977297e-01
1.765868576547257873e-01
1.527718826744871305e-01
1.443356817071634601e-01
1.542800871426601161e-01
1.345500306947838565e-01
1.384712957906403530e-01
1.324255707484978672e-01
1.363877016844748102e-01
1.303771936950791632e-01
1.402483530445281512e-01
1.289121463651460298e-01
1.298061592623422633e-01
1.238484806163275415e-01
1.369579662930822672e-01
1.289637700770018269e-01
1.346862017753610863e-01
1.219478378410276675e-01
1.290378142175751808e-01
1.230346903213398180e-01
1.264012988561757644e-01
1.334555770216310500e-01
1.290161482700168394e-01
1.299836617319713450e-01
1.264852146901396246e-01
1.135196895303032666e-01
1.229324648664607972e-01
1.307016053206428163e-01
1.313218189780001044e-01
1.207799910842768804e-01
1.078149646445195620e-01
1.243092159532230567e-01
1.257907242688339755e-01
1.164313698140109071e-01
1.222142433111407800e-01
1.221348668028413159e-01
1.193441189376621830e-01
1.321086199687895868e-01
1.355302400706088761e-01
1.157597989989836845e-01
1.236992187526881337e-01
1.165835218396281958e-01
1.214976743549133764e-01
1.156582001621776906e-01
1.313824009975476936e-01
1.177593768115462458e-01
1.251452156648600322e-01
1.162753165767728553e-01
1.074719363604860894e-01
1.284625825190049975e-01
1.253521908518406280e-01
1.297639555351458585e-01
1.515269481487849790e-01
1.528416267700430098e-01
1.484066953696115965e-01
1.313234816666355997e-01
1.462458150792411427e-01
1.551575743810144625e-01
1.374596752009706602e-01
1.428781146707307770e-01
1.445369383555645537e-01
1.712585867078593727e-01
1.599932034303262196e-01
2.046379581263575720e-01
1.568581276384065637e-01
1.491675650875073644e-01
1.484516935955980388e-01
1.440933205558459496e-01
1.358439521122724314e-01
1.579061333135299283e-01
1.314633613883546548e-01
1.371415901145227323e-01
1.411652408717536389e-01
1.352648388923574085e-01
1.327783066141005608e-01
1.308900291650278158e-01
1.358869376908820592e-01
1.186076973737423823e-01
1.394444976630086486e-01
1.256872844052210891e-01
1.314159757242486515e-01
1.199138077830222832e-01
1.286060644481574200e-01
1.378669637134476433e-01
1.501851458709005105e-01
1.412211597732052626e-01
1.322309968389064894e-01
1.263109577216320056e-01
1.400870746143952073e-01
1.288420954219168246e-01
1.436071937934090548e-01
1.364788030445891198e-01
1.368428358286578883e-01
1.317311545519849469e-01
1.346800547904403456e-01
1.203866095533358965e-01
1.314720958304928522e-01
1.211579402707107234e-01
1.292421208360761409e-01
1.183052918661265385e-01
1.320401474250247620e-01
1.420342113586421928e-01
1.301382170056426257e-01
1.247800298889100573e-01
1.203897529999684718e-01
1.331289942154106343e-01
1.713040105423590254e-01
1.369713905873131410e-01
1.351750944614168448e-01
1.465736499848700747e-01
1.380087827702282388e-01
1.187674240131660897e-01
2.086874924771497941e-01
1.680830557931245750e-01
2.048821156336021188e-01
1.544863289076356949e-01
1.417829465494661045e-01
1.392016474217130373e-01
1.413482000430982266e-01
1.351287286839610580e-01
1.372931235008259532e-01
1.243254705080804323e-01
1.395256794720698967e-01
1.260261969481885069e-01
1.292730839399750808e-01
1.546425962840186630e-01
1.564730047952760938e-01
1.568909131064271101e-01
1.311640468317390174e-01
1.311540846373067115e-01
1.414788433505073384e-01
1.352821984213750106e-01
1.305341897930391293e-01
1.379144165933227084e-01
1.259515890267757787e-01
1.278485600889229246e-01
1.237871262693719249e-01
1.297896691297344973e-01
1.352476688159301166e-01
1.121315949987399113e-01
1.235095024891634669e-01
1.262539529531665761e-01
1.144516754109152212e-01
1.279161903698431135e-01
1.258538579388221168e-01
1.290659677494276625e-01
1.389842815752024285e-01
1.262645331041366281e-01
1.186478335086238872e-01
1.229818519855974679e-01
1.237849278418466509e-01
1.202435097444070622e-01
1.274165229815819311e-01
1.196528851298183233e-01
1.147333548881846049e-01
1.287690222187394817e-01
1.231120355705504904e-01
1.157945036932706145e-01
1.308855392272511020e-01
1.180125642485239518e-01
1.216383365982816878e-01
1.416324818562704757e-01
1.274864398081665406e-01
1.338815290674195690e-01
1.187431918615282633e-01
1.307305637993517178e-01
1.270700002839981191e-01
1.256780267201880463e-01
1.176938420687087677e-01
1.285447243359266467e-01
1.212256080475680869e-01
1.221960364502334695e-01
1.531641030979431772e-01
1.379371498401362750e-01
1.264283584473501476e-01
1.239020562134956066e-01
1.198300073999968712e-01
1.251089980947150404e-01
1.620449987953789805e-01
1.388433020534396156e-01
1.606979646511713655e-01
1.395617063017932646e-01
1.353728369640537221e-01
1.291664494897627469e-01
1.268837370865741332e-01
1.177019889832067734e-01
1.334993198562148820e-01
1.197555387491156670e-01
1.324855966548828812e-01
1.221556297880468517e-01
1.322968664529284299e-01
1.382013757319122127e-01
1.319960238947475717e-01
1.228823982744971371e-01
1.217401536663978295e-01
1.663138015548042137e-01
1.487683251936348094e-01
1.351980962226826399e-01
1.277222312706045304e-01
1.343328447730418596e-01
1.306723412755265989e-01
1.353871801990778334e-01
1.191110117047816802e-01
1.121724980899017066e-01
1.324196432091417075e-01
1.332065481625970549e-01
1.174061797525303430e-01
1.124642101601624616e-01
1.188589069846923002e-01
1.228649675968088023e-01
1.177888049280239047e-01
1.176428871681047400e-01
1.417812199111954663e-01
2.967245502982839844e-01
1.765648940104843911e-01
1.483409385981508677e-01
2.065186905508133441e-01
1.867893363398087092e-01
2.217047057483637618e-01
2.156506239612920317e-01
1.841263725771661031e-01
1.660073669813247055e-01
1.972057517553583161e-01
1.627961214132600254e-01
1.765375188134164774e-01
1.547696631202380435e-01
2.172185719590907504e-01
2.001790369349893961e-01
1.786545328746382555e-01
1.454467554049115596e-01
1.496227087214704876e-01
1.559603615361817297e-01
1.526035720701205967e-01
1.473905728933903314e-01
1.355663245712047660e-01
1.446964099714855845e-01
1.320323922413375317e-01
1.268238888775272410e-01
1.493338631812065609e-01
1.347598862156074995e-01
1.262651986031121110e-01
1.447185644475647848e-01
1.320027350383012332e-01
1.400450116793415245e-01
1.675309384498436527e-01
1.464738751675757067e-01
1.480296388189156764e-01
1.468287957040585179e-01
1.482750541860670124e-01
1.341932923378970355e-01
1.282332599738396639e-01
1.370502623902246919e-01
1.405765752193501861e-01
1.225286688736600682e-01
1.250010032089198531e-01
1.281071554342192165e-01
1.423609008992370861e-01
1.325295034159031105e-01
1.250050569570154702e-01
1.269539454306088111e-01
1.360943950967711813e-01
1.209229749306259538e-01
1.233257282172492281e-01
1.259421340165975400e-01
1.261705339864278297e-01
1.299033236779461586e-01
1.328226548616389113e-01
5.751280664957375555e-01
2.073632061288591399e-01
1.751878023056923361e-01
1.567014344261412895e-01
1.933878856327204132e-01
1.627170844085475132e-01
1.543726355196042288e-01
1.569112487980558468e-01
2.276709537798319860e-01
1.698694565851257554e-01
1.705137216127928512e-01
1.646373938539169302e-01
1.453177067306912762e-01
1.502247339301155671e-01
1.514898775322979785e-01
1.465686986337473852e-01
1.459805759456399843e-01
1.427090286648089734e-01
1.377667074674105152e-01
1.281397258789636062e-01
1.296541380604095961e-01
1.345942377300271831e-01
1.284917599182730796e-01
1.254872527020309547e-01
1.339458668769469007e-01
1.591266125424420641e-01
1.405301999191487239e-01
1.391052174136935271e-01
1.360761143253454986e-01
1.428975749614733726e-01
1.265242616794756969e-01
1.299719983848687532e-01
1.446051331943306595e-01
1.185645567745585299e-01
1.781616046224394900e-01
1.756504795049310674e-01
1.560715312130145638e-01
1.339021553352664484e-01
1.374858962207153035e-01
1.410289093271344107e-01
1.405024791487045066e-01
1.298719237143589611e-01
1.335501665705596253e-01
1.313824191197919544e-01
1.411702084938565860e-01
1.212317391875587375e-01
1.181113308225016922e-01
1.236809680279261359e-01
1.377434889636107440e-01
1.281017660583359530e-01
1.395799803401839567e-01
1.265860439892204370e-01
1.152133432454207768e-01
1.297681079372321744e-01
1.342547701032391905e-01
1.210653791211002278e-01
1.282668423377278655e-01
1.294843838302152661e-01
1.261185688912392355e-01
1.167221257759932379e-01
1.134939102089554813e-01
1.234789894942841665e-01
1.203698346096033767e-01
1.391142971784290472e-01
1.311214141494189689e-01
1.227743596424377137e-01
1.185421669494719638e-01
1.340470578295533399e-01
1.275216587077669383e-01
1.305085421309352678e-01
1.176136144169919323e-01
1.179437739003825480e-01
1.183531471293899490e-01
1.249646776430218681e-01
1.280737696825356986e-01
1.205530732817847034e-01
1.205128864681379725e-01
1.250783592291313806e-01
1.251546919322345242e-01
1.247912535387059318e-01
1.225754111496718118e-01
1.220063994319998402e-01
1.148485912294444772e-01
1.143063960336504065e-01
1.226446317838412181e-01
1.226710078678350940e-01
1.190533325515639451e-01
1.202638563853676429e-01
1.266435811464334815e-01
1.098633205981080357e-01
1.218855213127225945e-01
1.109468848360933707e-01
1.239685424205876907e-01
1.225910787877931285e-01
1.119921388001557799e-01
1.219900934150583843e-01
1.193425440171049928e-01
1.116245565224043834e-01
1.149472047414725889e-01
1.124513364071493549e-01
1.179527707965684347e-01
2.406914703844362236e-01
1.362569834584716477e-01
1.369788214980370844e-01
1.401756488497030995e-01
1.253906955469784035e-01
1.296265318987981363e-01
1.242549155367646818e-01
1.183076179841480585e-01
1.174438587837539211e-01
1.244249278360356342e-01
1.275810200375627201e-01
1.165347017967449939e-01
1.154434642604592887e-01
1.249067894531095957e-01
2.601668630483544020e-01
1.864377633985753180e-01
1.754530136017703190e-01
1.543993493533004913e-01
1.453101084131675491e-01
1.345419571584701157e-01
1.496143111675390935e-01
1.415061362132264411e-01
1.357183798532386743e-01
1.383797712329856155e-01
1.324697127556657139e-01
1.301627241499675736e-01
1.204281538820909103e-01
1.297910038838434033e-01
1.292065408553311479e-01
1.300098862421091850e-01
1.239341711430633208e-01
1.257835901677583357e-01
1.124772829617155384e-01
1.196112671048830123e-01
1.163247372098503429e-01
1.312467860121187269e-01
1.202160961314328036e-01
1.300792855885978538e-01
1.132137422748014655e-01
1.172313346045403687e-01
1.280197556743871701e-01
5.871617262628565648e-01
1.804311168656985154e-01
1.594406552449774417e-01
1.493197109836142678e-01
1.476748350843200552e-01
1.430026077648311467e-01
1.390552295394445470e-01
1.349399641869312994e-01
1.279127209953768718e-01
1.195041874003739263e-01
1.368732048509990473e-01
1.319811062766011456e-01
2.163205455064554084e-01
1.482127400489660629e-01
4.074945504194253387e-01
1.854805044813077342e-01
1.743252531629190250e-01
1.504483461250770149e-01
1.416112701025350196e-01
1.334591283524822480e-01
1.393621425176760908e-01
1.346950308047730471e-01
1.216512717912079100e-01
1.279327797152969293e-01
1.715615590747356367e-01
1.454096373216168248e-01
1.732150542685963190e-01
1.335130193619807337e-01
2.517850876882598565e-01
1.954375524942542630e-01
1.757371718826102325e-01
