-1.239793916113811761e-01
-1.196254210276421404e+01
-1.284576602662245437e-01
-1.404459707928990830e-01
-1.235607153522386564e-01
-1.204008743766047523e-01
-1.148793195871496420e-01
-1.205838429356894892e+01
-1.341437216265317645e-01
-1.210965687435860416e-01
-1.160603802610232632e-01
-1.158940833932481235e-01
-1.117060806602294815e-01
-1.197511874988462566e+01
-1.254160201012903819e-01
-1.171821611574732774e-01
-1.146510438875060350e-01
-1.139719268153596698e-01
-8.976582886918249571e+00
-1.268602616637526381e-01
-1.465803314479008712e+01
-2.147371570508590233e-01
-1.551369242886049826e-01
-1.463307064665434754e-01
-1.353076314913943534e-01
-1.329040332393862101e-01
-1.280509103317226671e-01
-1.208960671253576091e-01
-1.338489859772990787e-01
-1.308327120006450295e-01
-1.338384705516725282e-01
-1.287945999981780776e-01
-1.276892927447270398e-01
-1.263840441295275563e-01
-1.240214991150855456e-01
-1.233094714456661189e-01
-1.187210652328036103e-01
-1.222218060453003907e-01
-1.154736069079463634e-01
-1.097012482034388225e-01
-1.140437774447777969e-01
-1.101954475722725785e-01
-1.091982042307591688e-01
-1.123603611179207207e-01
-1.087700904344347935e-01
-1.064577473108852812e-01
-1.060336633255960781e-01
-1.100756350411124240e-01
-1.032234284973830435e-01
-1.098584210354912050e-01
-1.107629523790931436e-01
-1.053640855864955150e-01
-1.026281044557116884e-01
-1.035689961167737122e-01
-1.061882754591166322e-01
-1.158759115597820938e-01
-1.100818710448918242e-01
-1.166397275857730675e-01
-1.189425506794002246e-01
-1.223221221469056180e-01
-1.127959026127468428e-01
-1.252822444655075640e-01
-1.156456542697595624e-01
-1.324088177806081457e-01
-1.241484774036794442e-01
-1.233000333854815528e-01
-1.285917916059877153e-01
-1.204608117972457010e-01
-1.133968736697208435e-01
-1.074623460728898333e-01
-1.036903945992123793e-01
-1.030240578185269845e-01
-1.030464822575188344e-01
-1.144090845969586434e-01
-1.088341415539519075e-01
-1.056555105872543088e-01
-1.150917686350754476e-01
-1.064752806089588333e-01
-1.043189874365660352e-01
-1.021882968046104595e-01
-1.074992600070541898e-01
-1.035915297182366246e-01
-1.058624265260920794e+01
-1.263244939947181233e-01
-1.141601647360781652e-01
-1.104966776242415211e-01
-1.060630087085719375e-01
-1.066507643356439244e-01
-1.039145948252118284e-01
-1.025990148481546599e-01
-1.053086156822144459e-01
-1.092016969836631102e-01
-1.120916639535452924e-01
-1.029880480356879791e-01
-1.038245363112782899e-01
-1.109460765972726110e-01
-1.027594985599644267e-01
-1.030579989328137686e-01
-1.041911686625752592e-01
-1.046228833811112813e-01
-1.119652977806450678e-01
-1.054749234143093767e-01
-1.028773608279803659e-01
-1.040938432154224352e-01
-1.077416449033925439e+01
-1.093675873400960369e-01
-1.025127835297049705e-01
-1.088145767242368472e-01
-1.110113608057047008e-01
-1.088533243463047639e-01
-1.085846564653728252e-01
-1.183329389716265001e-01
-1.124518896802890466e-01
-1.100003114340967619e-01
-1.148721456446476219e-01
-1.274501152136913795e+01
-1.971494323478988897e-01
-1.313352327496127847e-01
-1.184956138707434908e-01
-1.093481235380733135e-01
-1.055489725739415519e-01
-1.047831284728440032e-01
-1.109094702237889973e-01
-1.047650568213198824e-01
-1.087825009186813713e-01
-1.022368339410141685e-01
-1.042492361901126846e-01
-9.958745761522497242e-02
-1.032030293652694691e-01
-1.027655489318623078e-01
-1.002655841092304490e-01
-1.024976509854516188e-01
-9.927069606493076070e-02
-1.009658254938674421e-01
-1.001748783977282481e-01
-1.544622924460220403e+01
-1.336444703475825058e-01
-1.199227219351352708e-01
-1.237770314455765575e-01
-1.156899981633093821e-01
-1.138208283599309312e-01
-1.067446527273089169e-01
-1.072119876349972439e-01
-1.028292726463575502e-01
-1.006830058684634877e-01
-1.302366396746495170e+01
-1.061068619610651131e-01
-1.031563456693230518e-01
-1.076647065404957859e-01
-1.139939499939615630e-01
-7.314792473354546409e+00
-1.371804595284406680e+01
-1.480188632557335737e-01
-1.037473845509146031e+01
-1.324071034586600804e-01
-1.160816228938906791e-01
-1.116468121020637860e-01
-1.083001413329598706e-01
-1.062190345433156741e-01
-1.050928199007940822e-01
-1.047258667283498257e-01
-1.205435736081636300e+01
-1.903281750451664422e-01
-1.273849926434300894e-01
-1.842108148742709517e+01
-1.596741579847296699e-01
-1.227797219802648082e-01
-1.213192438394298939e-01
-1.180654269777274140e-01
-1.108865010334785517e-01
-1.070939510353534213e-01
-1.060780417807970361e-01
-1.061167712812922104e-01
-1.068160347163700924e-01
-1.274172295537295341e+01
-1.475797435625048615e-01
-1.175167077751887862e-01
-1.166305595964777370e-01
-1.240203224669395310e-01
-1.106847391498910760e-01
-1.141151487511500839e+01
-1.093472420748864415e-01
-1.062640450740184178e-01
-1.040857756554350866e-01
-1.022204088763957880e-01
-1.030863547638942446e-01
-9.922010831464683767e-02
-1.018741946179644448e-01
-1.113161090427672029e-01
-1.409961713227813052e-01
-1.170004041909999543e-01
-1.136025515708262018e-01
-1.076599134688192849e-01
-1.047718915624949176e-01
-1.051692898149211158e-01
-1.052726299790398001e-01
-1.056943435773830819e-01
-1.026772816317183951e-01
-9.215190902701939635e+00
-1.160889373929676754e-01
-1.075688217122381662e-01
-1.077837379910821375e-01
-1.173402008043370748e-01
-1.117153078755922235e-01
-1.108647053990993586e-01
-1.111735258915637070e-01
-1.035692657524317078e-01
-1.107584096775820204e-01
-1.033111518941165208e-01
-1.029228503847096077e-01
-1.021832849337091509e-01
-1.044308925490739365e-01
-1.024169060829654421e-01
-1.284063673586015031e-01
-1.346576322477844589e-01
-1.215227415588292365e-01
-1.089604973880142075e-01
-1.057364167338630673e-01
-1.119704646723871516e-01
-1.091093425540989592e-01
-1.084757286417440680e-01
-1.121386214772173845e-01
-1.122786681992432034e-01
-1.093913264345387354e-01
-1.059734897303195589e-01
-1.025668773303712172e-01
-1.255225873601123610e+01
-1.237370695209141225e-01
-1.098972766005353319e-01
-1.006485935337229698e+01
-1.403643100740162852e-01
-1.249473450944412062e-01
-1.171014788992021521e-01
-1.146460682569127587e-01
-1.113146446080946345e-01
-5.650283865271563144e+01
-5.354053040954330767e-01
-3.894879219540101079e-01
-2.397142321687278921e-01
-1.989518263791487107e-01
-1.505073434107262997e+01
-2.503189672942426891e-01
-1.856985355106144375e-01
-1.625150153910742690e-01
-1.535971133052684290e-01
-1.512868459002747190e-01
-2.305372687018383548e-01
-1.897956028347564661e-01
-1.417240420177627303e-01
-1.373881842264731146e-01
-1.461137522244093379e-01
-1.362512967278576292e-01
-1.327638574848229447e-01
-1.297606648646485727e-01
-1.243820338801738534e-01
-1.187842895858708669e-01
-1.143014399144448856e-01
-1.160621642221206923e-01
-1.132375013173993333e-01
-1.128284422169337498e-01
-1.108649102629077066e-01
-1.143745667245564673e-01
-1.201603091602726353e-01
-1.168096682132210573e-01
-1.167808248708338825e-01
-1.111252517406377122e-01
-1.118221378194356463e-01
-1.374756514484440084e-01
-1.244690054391051626e-01
-1.169208557993099556e-01
-1.124475865473576197e-01
-1.138107417300867064e-01
-1.155764474692948102e-01
-1.103559441120600948e-01
-1.076549611999240152e-01
-1.069027249951317038e-01
-1.151881923024586363e-01
-1.089832864424519071e-01
-1.059339463850534624e-01
-1.082139706760054249e-01
-1.164836856874565257e-01
-1.162817243942939754e-01
-1.105271827758288472e-01
-1.110644542804480744e-01
-1.067438617995403599e-01
-1.048509802094327731e-01
-1.022846019848663301e-01
-1.073430265922327154e-01
-1.068307058270764887e-01
-1.064904894563866722e-01
-1.071945544539020245e-01
-1.134817493325311899e-01
-1.092635256829853768e-01
-1.060898057845016396e-01
-1.150237408492683772e-01
-1.120708784546514541e-01
-1.283133377674341524e+01
-1.224092016663764909e-01
-1.070967480763527352e-01
-1.050543352043086381e-01
-1.038339653620157649e-01
-1.072785812708996617e-01
-1.049807691998635023e-01
-1.068759185217041108e-01
-1.042497863432399335e-01
-1.027892693715712763e-01
-1.353246098018238364e+01
-1.163345559480107594e-01
-1.154492209309884165e-01
-1.088739705702235078e-01
-1.061303193394026734e-01
-1.062108644268429103e-01
-1.042088937245166380e-01
-1.689173098152646213e-01
-1.588262415502185720e-01
-1.225679892228723616e-01
-1.189980330082743704e-01
-1.089834167588101810e-01
-1.077392779351919599e-01
-1.086835157557362735e-01
-1.089153648543983444e-01
-1.048643009024732842e-01
-1.038858723504771236e-01
-1.196324805784977213e-01
-1.147982494868520636e-01
-1.087332212387224079e-01
-1.127654934845876700e-01
-8.628021316556418796e+00
-8.628020687819629941e+00
-1.449195637520336033e-01
-1.220362933752439361e+01
-1.269026394461864049e-01
-1.224424476767708159e-01
-1.250351624615608226e-01
-1.213456311020207068e-01
-1.154995104724722971e-01
-1.135115877534938061e-01
-1.117654470260618788e-01
-1.077884412566124800e-01
-1.099771342439056221e-01
-1.065413650043047222e-01
-1.082596845376124217e-01
-1.047592545938076519e-01
-1.041146885347856710e-01
-1.080123261312483651e-01
-1.199371403764721150e-01
-1.101572352089830314e-01
-1.103765399052614171e-01
-1.032123683469158770e+01
-1.106030685220872056e-01
-1.056306094610448276e-01
-1.036644378595498184e-01
-1.085559652428906285e-01
-1.064124796052912658e-01
-1.176255159665515193e-01
-1.181734133395010294e-01
-1.145920068046924617e-01
-1.112145174500780292e-01
-1.083372829794713582e-01
-1.135203251530861185e-01
-1.046606553576617804e-01
-1.032219091372250652e-01
-1.037414006930716531e-01
-1.024475067099281655e-01
-1.067745975090146904e-01
-1.085142590590477824e-01
-1.052202039059404182e-01
-1.130723092816717235e-01
-1.076057607906897584e-01
-1.034267598574735575e-01
-1.160265638771434382e+01
-1.679788811337493970e-01
-1.253596245015163868e-01
-1.205855454575467944e-01
-1.214177639473153908e-01
-1.457105088475307220e+01
-3.016392010974325855e-01
-1.451950753294961038e-01
-1.290995609190405680e-01
-1.384929477621453242e-01
-1.337635568518561191e-01
-1.270024956828444129e-01
-1.358059571688096101e-01
-1.257244679081672700e-01
-1.283892943896229599e-01
-1.241343711034990083e-01
-1.257503758174045860e-01
-1.208442510774396794e-01
-1.232236708614912191e-01
-1.170141913794619792e-01
-1.147891850596509250e-01
-1.134430828094574323e-01
-1.086179929684005369e-01
-1.204832185576083653e-01
-1.162547831230568152e-01
-1.110045581694166228e-01
-1.131392740678293235e-01
-1.211199221682399546e-01
-1.169169471281052836e-01
-1.132711214740128036e-01
-1.083495464308068951e-01
-1.066346929840131935e-01
-1.114684702370900421e-01
-1.517511165305764642e+01
-1.359007550243016005e-01
-1.276194579621150460e-01
-1.157958369110517610e-01
-1.152246688656265866e-01
-1.212029469818964589e-01
-1.250772349425787189e-01
-1.144664887487739507e-01
-1.060728588275816897e-01
-1.042863260556907840e-01
-1.043366312516588040e-01
-1.050839137283333391e-01
-1.038741864261197995e-01
-1.050865256181368196e-01
-1.040295630968130075e-01
-1.060940152112835461e-01
-1.057675563519481221e-01
-1.016321768372597939e-01
-9.908714007303376370e-02
-1.024007110269558873e-01
-1.000904531049051638e-01
-9.880583411712591524e-02
-9.913913837474355728e-02
-1.058893140356134410e-01
-1.046761691015883206e-01
-1.066261845982605927e-01
-1.044827779027465292e-01
-1.028425513175945799e-01
-1.185296072255655753e-01
-1.119004334691962588e-01
-1.050315803216638338e-01
-1.063289863658793272e-01
-1.010686626408436456e-01
-9.958086005706399957e-02
-1.034889061799575544e-01
-1.266171370452035205e+01
-9.724956073600847517e-02
-1.049252715071016251e-01
-1.078963732477748738e-01
-1.214005481170273271e+01
-1.181754142604770075e-01
-1.034498627967863904e-01
-9.993386903359356699e-02
-1.040909273119725725e-01
-1.012469304033000173e-01
-9.808582733587606128e+00
-1.203977035401168827e+01
-1.375389696059499678e-01
-1.388618761228850573e+01
-1.284899547007107290e-01
-1.216477600464040409e-01
-1.173344298202652208e-01
-1.101784773084470703e-01
-1.144600883149323872e-01
-1.131617691490289512e-01
-1.131617691490289512e-01
-9.445024656865165014e+00
-9.445024656865165014e+00
-1.174565812968959427e-01
-1.174565812968959427e-01
-1.178855676158285098e-01
-1.178855676158285098e-01
-1.125854904867253647e-01
-1.125854904867253647e-01
-1.098941007997734226e-01
-1.098941007997734226e-01
-1.060528163419041381e-01
-1.060528163419041381e-01
-1.040405050816052140e-01
-1.040405050816052140e-01
-1.200194266431157675e-01
-1.200194266431157675e-01
-1.116209832140017677e-01
-1.116209832140017677e-01
-1.092251193405232856e-01
-1.092251193405232856e-01
-9.540395586252463644e+00
-9.540395586252463644e+00
-1.219250631398133139e-01
-1.219250631398133139e-01
-1.108766339267532597e-01
-1.108766339267532597e-01
-1.132918163070447548e+01
-1.132918163070447548e+01
-1.402231699024437395e-01
-1.402231699024437395e-01
-1.337583903858794443e-01
-1.337583903858794443e-01
-1.214656398023327977e-01
-1.214656398023327977e-01
-1.242992303800977416e-01
-1.242992303800977416e-01
-1.156414824865337337e-01
-1.156414824865337337e-01
-1.141475741141997347e-01
-1.141475741141997347e-01
-1.104054440406063847e-01
-1.104054440406063847e-01
-1.177407671601067030e+01
-1.177407671601067030e+01
-1.212395733361259775e-01
-1.212395733361259775e-01
-1.204206784366669836e-01
-1.204206784366669836e-01
-1.130435222203993589e-01
-1.130435222203993589e-01
-1.095418452226764733e-01
-1.095418452226764733e-01
-1.101297560565232536e-01
-1.101297560565232536e-01
-1.102655934425918749e-01
-1.102655934425918749e-01
-1.071550424271038304e-01
-1.071550424271038304e-01
-1.197823232398486232e-01
-1.197823232398486232e-01
-1.010291558506920540e-01
-9.868934160706926972e-02
-1.019105380563010976e-01
-1.006045875839689657e-01
-1.476620897283134060e-01
-1.414281000757818818e-01
-1.033843083350387687e-01
-1.091065563306573699e-01
-1.133757717474419141e-01
-5.715290989852149295e+01
-9.928536826678603378e-01
-5.079839970366297752e-01
-1.091192840072320003e+01
-8.795684824274735192e+00
-2.609494494972289247e-01
-7.893755392699517870e+00
-1.276124661509863145e+01
-7.525736851794698978e+00
-8.513124179391935442e+00
-2.250169016889749518e-01
-2.051885262518384767e-01
-1.886705747200052852e-01
-1.702309340925797776e-01
-1.592418587969923471e-01
-1.560808518437468706e-01
-1.473295687497614970e-01
-1.505840005829503225e-01
-1.441725063786465366e-01
-2.694087088589621359e+01
-2.940789468316160060e-01
-2.205705688142644005e-01
-1.773217312030689885e-01
-1.885823688782785057e-01
-1.525873412751479474e-01
-1.432189605296514123e-01
-1.410623186954967911e-01
-1.494784962325945155e-01
-1.247968624943148475e-01
-1.255452748927991524e-01
-1.270515845779181252e-01
-1.239058470520130462e-01
-1.181778946504654787e-01
-1.193285104133713359e-01
-1.163917717694147314e-01
-1.158495454581964512e-01
-1.148956140175053098e-01
-1.109706336707740743e-01
-1.090467903433510605e-01
-1.082374366936513510e-01
-9.404277910168417520e+00
-1.254523633861434617e-01
-1.292003085713560040e-01
-1.175591488121290884e-01
-1.148601074272538047e-01
-1.123340782573693658e-01
-1.125525807539061590e-01
-1.134733033724795725e-01
-1.194388025564570716e-01
-1.173392613160747361e-01
-1.174260194623753528e-01
-1.139374649209408258e-01
-1.096699606199701277e-01
-1.077463451404497563e-01
-1.074578443430997954e-01
-1.092145446267221570e-01
-1.070369159316111179e-01
-1.044939200095340581e-01
-1.117054822423887150e-01
-1.060939356223627311e-01
-1.054079994420654975e-01
-1.071056587009942135e-01
-1.062218617111844593e-01
-1.037201745209010567e-01
-1.094758705972061624e-01
-1.047901813440425545e-01
-1.032294357985725913e-01
-1.016101010543808136e-01
-1.005135876282436669e-01
-1.015377125599256497e-01
-1.057913460153610125e-01
-1.124586263931895980e-01
-1.009899188869283621e-01
-1.042123396853025935e-01
-1.009368545884774260e-01
-9.879717165888579622e-02
-1.027434371296103016e-01
-9.807933359259921047e-02
-1.010682133405987754e-01
-1.030858917805162756e-01
-1.008770279387567331e-01
-1.253425803458139143e+01
-1.038274528885249626e-01
-1.046335079951009883e-01
-2.134332577584199697e+01
-1.074356500839646483e-01
-1.206505265665920451e-01
-1.125164326723926550e-01
-1.102434307695383531e-01
-1.054655307887435445e-01
-1.043962768544555580e-01
-1.015361490515195725e-01
-1.021230303950383528e-01
-1.068991776955018347e-01
-1.160449808512979547e-01
-1.132729577549728278e-01
-1.185890884719138366e-01
-1.138768231119874214e-01
-1.110482286764755133e-01
-1.159939281704411573e-01
-1.115204688870195665e-01
-1.144602784490012098e-01
-1.102215038093760091e-01
-1.061802299975617425e-01
-1.102266922731865717e-01
-1.050638679000407694e-01
-1.034504748538006419e-01
-1.011193234623096460e-01
-1.743752143064630222e-01
-1.202511294019691090e-01
-1.170924506321832231e-01
-1.090880616015241916e-01
-1.065853983496392182e-01
-1.071996676148489064e-01
-1.078516590237970779e-01
-1.281666551731084625e-01
-1.179918632761592784e-01
-1.283125466093965095e+01
-1.603875949711015547e-01
-1.344022669291473626e-01
-1.423615560217122156e-01
-1.416675700406206106e-01
-1.272202952970204193e-01
-1.320589449389730774e-01
-1.210052267999739972e-01
-1.213072085709524101e-01
-1.231595228289617677e-01
-1.308232531852275005e-01
-1.296002520894525556e-01
-1.208284779281490612e-01
-1.190123783877312658e-01
-1.147911920301503685e-01
-1.098434145947591867e-01
-1.173871140844550548e-01
-1.156263997756977885e-01
-1.173327517596993441e-01
-1.136329988099807758e-01
-1.169232318508800772e-01
-1.131312412607405476e-01
-1.106421738321227838e-01
-1.103048280727758623e-01
-1.069195708229070119e-01
-1.119546114893009425e-01
-1.075815904170874665e-01
-1.114319002501892031e-01
-1.217248522307673164e-01
-1.133888069841431090e-01
-1.137821055118961311e-01
-1.068141860920726743e-01
-1.229905776765325975e-01
-1.202095240983038771e-01
-1.187213133381025548e-01
-1.115305649444935376e-01
-1.055581866817189296e-01
-1.047019570639081687e-01
-1.054238661023062518e-01
-1.082258494214141109e-01
-1.049740341368920471e-01
-1.074901680704072049e-01
-1.141081255057087851e-01
-1.070170836780086759e-01
-1.111568768468320367e-01
-1.187835742865060024e-01
-1.518734727061498146e-01
-1.308402611223420386e-01
-1.225918057739478484e-01
-1.191241527775594999e-01
-1.654297731569071672e+01
-4.114482235959482370e-01
-2.368255205421047616e-01
-2.175752306034395567e-01
-1.784667200481551141e-01
-1.629102693756049325e-01
-2.626729902180400811e-01
-1.540816531421189683e-01
-1.485755985196257345e-01
-1.419548652503214714e-01
-1.305860097665406672e-01
-1.286445067935845232e-01
-1.383358973531772784e-01
-1.254341436352996442e-01
-1.323934627439007983e+01
-1.293683140490456962e-01
-1.340398820943102254e-01
-1.373144077844047628e-01
-1.263811686834337145e-01
-1.263793985976521816e-01
-1.216723918410824168e-01
-1.147236354890211196e-01
-1.189132844823832802e-01
-1.354102721123019160e-01
-1.268273659233499218e-01
-1.295591683060600685e-01
-1.166695929023232742e-01
-1.124293225658747203e-01
-1.154540114039170201e-01
-1.120044376992280905e-01
-1.108971165807901144e-01
-1.088697128846459611e-01
-1.154301637439851119e-01
-3.540874950159950130e-01
-1.867562045624536760e-01
-1.338625070889425750e+01
-1.329277663851823332e-01
-1.297701871003357765e-01
-1.307020923107095611e-01
-1.728655105694421601e-01
-1.313480564047975752e-01
-1.193894154084193526e-01
-1.349004262498237072e-01
-1.315165178112323030e-01
-1.290494758574267653e-01
-1.241485859498762528e-01
-1.132670169020682377e-01
-1.257030039684626510e-01
-1.296290123411367734e-01
-1.167091761177601050e-01
-1.182587317113303199e-01
-1.383174024340327046e-01
-1.646148726446428345e-01
-1.310929022945623856e-01
-1.350467842597816159e-01
-1.154456413872080867e-01
-1.100259200198228093e+01
-1.247423750599956499e-01
-1.124032857827855364e-01
-1.236668718477696299e-01
-1.154289981296123258e-01
-1.172057740378209534e-01
-1.091526761789874678e-01
-1.147653147839448190e-01
-1.102985422242903218e-01
-1.107588381399524785e-01
-1.155383024340803227e-01
-1.041489634765889072e+01
-1.243560921587186646e-01
-1.274173498072200539e-01
-1.270130547366239426e-01
-1.153009672896041365e-01
-7.130129825722447912e+00
-1.169744225707213303e+01
-1.086617829886320941e+01
-9.196243732116297309e+00
-4.598190415466026360e-01
-3.489503363789248080e-01
-2.832294672708163263e-01
-2.717488088362621235e-01
-5.144869101410215251e+00
-6.391542694722268436e+00
-2.788754103898650749e-01
-2.310333966503897996e-01
-2.392482224740929975e-01
-5.131265087660277224e+00
-2.018974099285844037e-01
-1.730834924417556098e-01
-9.438074652275734167e+00
-5.359448259531392367e+00
-1.942826659569915904e-01
-1.883057244240591288e-01
-1.571390262326369802e-01
-1.511432161661759033e-01
-1.509197769073695738e-01
-1.369827088191876707e-01
-1.318306169511799242e-01
-1.234808721632779105e-01
-1.276448084825494989e-01
-1.279530281082564558e-01
-1.283465716692170633e-01
-1.219828953219361523e-01
-1.697308377678249158e+01
-1.855221124820023992e-01
-1.398349350533494850e-01
-1.518034087771928664e-01
-1.340104498804422783e-01
-1.367374552678899402e-01
-6.385135458212463533e+00
-1.566987198574913975e-01
-1.399337747085285799e-01
-1.412088288541557268e-01
-1.353645505863913800e-01
-1.753024856700669543e-01
-1.613833614071402134e-01
-1.453949414967866949e-01
-1.389800666883706792e-01
-1.372377323048384057e-01
-1.715034777148040646e-01
-1.513069047435441350e-01
-1.319106586094846156e-01
-1.269859189493411367e-01
-9.461134062305333714e+00
-1.457938987555962296e-01
-1.329313594826629918e-01
-1.210720829075242477e-01
-1.169938805073588994e-01
-1.199768680277604749e-01
-1.242990838429832295e-01
-1.244440913239882734e-01
-1.249292387082843320e-01
-1.228673232284947930e-01
-1.196931338991386734e-01
-1.776916905735086161e+01
-2.354103041558148479e-01
-2.133753631564876407e-01
-1.819903345266669636e-01
-1.579617758145661077e-01
-1.468273871224951288e-01
-1.326635114108245805e-01
-1.425911138886210017e-01
-1.242955557509313191e-01
-1.195966894017921195e-01
-9.538966226927907854e+00
-1.750455563971002604e-01
-1.385588391372922779e-01
-1.239377231638512239e-01
-1.267184537213988382e-01
-1.158717469078813372e-01
-1.196495093766241169e+01
-1.301952590396078246e-01
-7.304901096598610977e+00
-1.944180248846252845e-01
-1.366930213886811130e-01
-1.262344313301473619e-01
-1.268717051163694987e-01
-1.177505830738755088e-01
-1.224996937262477914e+01
-1.127191210641389141e+01
-3.016990110652454926e-01
-2.261932352766889975e-01
-2.033969244813550459e-01
-1.619962062242481238e-01
-1.538749116351970092e-01
-1.428632225666322253e-01
-1.386515253677095827e-01
-1.310886668248680553e-01
-1.317919854673428315e-01
-1.297498189552136749e-01
-1.351597164691702158e-01
-1.287464457823442598e-01
-1.220361186364714995e-01
-1.226831298131923764e-01
-1.258247257378048434e-01
-1.548784983146832417e+01
-1.453973576760334008e-01
-1.258495486894164739e-01
-1.333111752839734321e-01
-1.275658582997258317e-01
-1.203001536041012898e-01
-1.160228377784472825e-01
-1.295316604748693312e-01
-1.462350074857084459e-01
-1.296658710085011046e-01
-1.268325073331689479e-01
-1.156512927860841450e-01
-1.169005163625172206e-01
-1.239195179957596343e-01
-1.191377996824425356e-01
-1.211593612256955249e-01
-1.153990574775076716e-01
-1.099419461741532322e-01
-1.200500874100851045e-01
-1.203310231428944693e-01
-1.156890745363305661e-01
-1.114836980414206646e-01
-1.100173115675326524e-01
-1.104374043894450486e-01
-1.096815203101497993e-01
-1.162885901483840384e-01
-1.126598911560416222e-01
-1.077262732118031141e-01
-1.066960505534724213e-01
-1.071174690956712972e-01
-1.043209897271724224e-01
-1.006649743622163307e-01
-1.058058525027590763e-01
-1.020044162265165422e-01
-1.015194368281006204e-01
-9.800190603725267291e-02
-1.035869921057141207e-01
-9.985599983487888909e-02
-1.057167109577509256e-01
-1.084164313597024420e-01
-1.125695511790085757e-01
-1.101052801630660838e+01
-1.645234171692118996e-01
-1.118130790796235396e-01
-1.130120245484538977e+01
-1.144562853131600444e-01
-1.085557448092772242e-01
-1.060472209661355719e-01
-1.113619632385615676e-01
-1.082433699254219811e-01
-1.097881562470958000e-01
-1.050081652789371517e-01
-1.027502808380853228e-01
-1.880275180224528597e+01
-1.513958910474740849e-01
-1.207142229205351441e-01
-1.173283154703609610e-01
-1.141173197859218502e-01
-1.157297756510572984e-01
-1.121137999952230013e-01
-1.081133335141181429e-01
-1.053674356245851429e-01
-1.094563169139489284e-01
-1.039204749100755137e-01
-1.059025425411929677e-01
-1.125511211157369795e-01
-1.111471492791374777e-01
-1.073679205689566235e-01
-1.050451209695346805e-01
-1.048159325920550583e-01
-1.033374853607943872e-01
-1.061237997703680797e-01
-1.028116997533677635e-01
-1.070208330869858310e-01
-1.234659768378068984e-01
-1.147289946508304737e-01
-1.104275415579832609e-01
-1.062505999059776829e-01
-1.044648403191441727e-01
-1.323506723881162916e-01
-1.124919852022804589e-01
-1.172592408684408061e-01
-1.422152564681322950e-01
-1.307375201013920574e-01
-1.216041724746997760e-01
-1.258127732537550059e-01
-1.230574075102711107e-01
-1.129468426214295801e-01
-1.074205701631769372e-01
-1.052363558135940291e-01
-1.045149289328548975e-01
-1.049872802106468217e-01
-1.069297722662850419e-01
-1.061997909217564651e-01
-1.037011860519192891e-01
-1.136313814620584228e-01
-9.108687400565798953e+00
-1.286591572535097860e+01
-1.246548965353568295e-01
-1.181186983765858955e-01
-1.145618800401690535e-01
-1.257060179781640485e+01
-1.234196019470812783e-01
-1.150940808007891170e-01
-1.143531023531106638e-01
-1.124871287349692023e-01
-1.118445094205644530e-01
-1.124405684680360035e-01
-1.085384172781303502e-01
-1.196793613496386494e-01
-1.091904976229200880e-01
-1.122778430946087397e-01
-1.050104780754101269e-01
-1.093807016176500668e-01
-1.184037583957748552e-01
-1.219311337857000438e-01
-1.032596266486173475e-01
-9.932199184813277071e-02
-1.135582315856709795e-01
-1.100750016762635647e-01
-1.108976182857035198e-01
-1.063210500140921999e-01
-1.045403872512116611e-01
-1.116122707115733970e-01
-1.123544191026035199e-01
-1.070211404470644556e-01
-1.034986621448024113e-01
-1.057102701820197693e-01
-1.011988995703732575e-01
-1.008594099452337911e-01
-9.840337043731590960e-02
-9.926584933548719680e-02
-1.010779656874179894e-01
-1.005459552438199289e-01
-1.007172243433937242e-01
-9.776352624287851234e-02
-1.046407082782646325e-01
-1.066633041608919530e-01
-1.002660584112618353e-01
-1.078219096985161274e-01
-1.009418610752314260e-01
-9.783993362857863751e-02
-1.028822084409471288e-01
-1.001572701530241000e-01
-9.805700825265924181e-02
-9.760676563846625020e-02
-1.323314201074323182e-01
-1.127373529532471469e-01
-1.044865964301540801e-01
-1.065497564552159160e-01
-1.101662882780481967e-01
-1.071603078356028749e-01
-1.963463046885431140e+01
-1.942413269496274797e-01
-1.467590377722317041e-01
-1.295033202327046384e-01
-1.226145728969947751e-01
-1.213587641379364435e+01
-6.077993199752345532e+00
-1.436183088179710243e-01
-1.247075322485276527e-01
-1.162424700951783380e-01
-1.115728397721828108e-01
-7.209613532205673359e+00
-1.619229395290310292e-01
-1.343494867634833501e-01
-1.468971000236052038e-01
-1.185787770406796643e-01
-1.116983915876282457e-01
-1.180484694508525390e-01
-1.141406052370489976e-01
-1.096361399620393862e-01
-1.111181886781866662e-01
-1.097055186930071674e-01
-1.037949905446151483e-01
-1.020728240889337002e-01
-9.907948758938596445e-02
-1.035943060848992237e-01
-1.112009170675147401e-01
-1.152560239502402190e-01
-6.303514611183460126e+00
-1.276342744538913887e-01
-1.364502362451763540e-01
-1.227097813955703304e-01
-1.087668581110922794e+01
-1.206787572832694888e-01
-1.181991349318044920e-01
-1.153329686820773192e-01
-1.125846860358671458e-01
-1.096824715359578650e-01
-1.112919316161402883e-01
-1.111180310938337801e-01
-1.087908613468201169e-01
-1.033256399412288140e-01
-1.031395385797194697e-01
-9.920321324644107430e-02
-9.823322106825280176e-02
-1.020077893371296313e-01
-1.043732782836057082e-01
-1.350983638358076999e-01
-1.150412779323011364e-01
-1.017860542514332500e-01
-1.179595148675900013e-01
-1.133383793230043346e-01
-1.110997419567311684e-01
-1.096158134463181416e-01
-1.466898918434909405e+01
-1.157868900729991934e-01
-1.117571438724491856e-01
-1.132483620064098778e-01
-1.177164213742378229e-01
-1.290771415369603992e-01
-8.711752030424348092e+00
-1.877211053404323204e-01
-1.099256771528192012e+01
-1.557482579515107879e-01
-1.424725575245624209e-01
-1.216607034798529302e-01
-1.155048062806169756e-01
-1.187245844421117719e-01
-1.100303005531003409e-01
-1.132640356154620692e-01
-1.115876715370413413e-01
-1.134180177229617975e-01
-1.162886809095881602e-01
-5.964043374569567568e+00
-1.182863295403121656e-01
-6.372556976389111227e+00
-1.252249288617532375e-01
-1.129056640724607902e-01
-1.138160734101258120e-01
-1.085298375360904538e-01
-1.077350294632586358e-01
-1.158859315321889849e-01
-1.144789379362554094e-01
-1.081692427878015311e-01
-1.101970435195800957e-01
-1.085294486569017558e-01
-1.072834324833313868e-01
-1.050430117400204116e-01
-1.002727442378354844e-01
-9.895699856241602088e-02
-9.644816841770247062e-02
-1.255389155944535984e-01
-1.158815335781681749e-01
-1.027780654894149548e-01
-1.258125151459651148e-01
-1.200286715420588596e-01
-3.256003161780234856e-01
-1.211298256540757901e-01
-1.114226260124465129e-01
-1.097540292645991372e-01
-1.171069029298226760e-01
-1.252941988889884339e-01
-1.092494661198684797e-01
-1.158272790127485991e-01
-1.136094319826941590e-01
-1.153928584130152063e-01
-1.285018402707384100e-01
-1.165578876599947800e-01
-1.108280436260859897e-01
-1.125266116426035090e+01
-1.125231565724870292e-01
-1.207587361396553621e-01
-1.216384366397128824e-01
-1.193839862743220764e-01
-1.130149882144019929e-01
-1.076652423261644925e-01
-1.043897408002558425e-01
-1.036054933555635993e-01
-1.011580553543283689e-01
-9.873393918408115977e-02
-1.223799915156817164e+01
-1.135444879268831392e-01
-1.037197628836948465e-01
-1.006880599323710934e-01
-1.070044010297073467e-01
-1.044254494411249040e-01
-1.552740213560716320e+01
-1.481340889414821393e-01
-1.240414152297881351e-01
-1.211202276175287335e-01
-1.133674918876849541e-01
-1.084231267935545640e-01
-1.059478485102688522e-01
-1.069475663731317278e-01
-1.019666000348898593e-01
-1.022356508039020673e-01
-9.893043562597263196e-02
-9.643153865154158177e-02
-1.024351239658482515e-01
-9.809350892089116480e-02
-1.017616180690733008e-01
-1.078655451291369444e-01
-9.696997038096137611e-02
-7.916031633352308639e+00
-1.427492363393103869e-01
-1.043757684592537677e-01
-1.039912271435122354e-01
-1.046582934710140744e-01
-1.041780612879255885e-01
-1.007163765971505059e-01
-1.004104977239276969e-01
-1.024933542084844190e-01
-1.016349947366695927e-01
-1.157125118175004880e-01
-1.048515843372083145e-01
-1.013304883686057811e-01
-1.077381578845030968e-01
-1.239751881531697825e-01
-1.259667112304201642e-01
-1.190167734239332004e-01
-1.447440064101571799e+01
-8.812770583845347616e+00
-4.210426275967807941e-01
-1.608956970197238656e-01
-7.451542359757225675e+00
-1.763985334867844978e-01
-1.519739262955696013e+01
-1.080421113653540566e+01
-1.741083179862221997e-01
-1.396329625296225396e-01
-1.052380910286036375e+01
-6.707146360477414859e+00
-1.755323386371986094e-01
-1.537799842036438325e-01
-1.144373913102389650e+01
-1.000379313033977802e+01
-1.368198275679473885e-01
-1.280981749104100620e-01
-1.314324519581078488e-01
-1.218244999555625208e-01
-1.176209512734354840e-01
-1.208535734513742077e-01
-1.222428632884095256e-01
-1.355350750713307517e-01
-1.181465144435361742e-01
-1.147612862068213141e-01
-1.148616430059828247e-01
-1.127389904660598824e-01
-1.287437092752806433e-01
-1.363718764824856100e-01
-1.152712207238573705e-01
-1.172147561981052577e-01
-7.722046014652092616e+00
-1.261816109920912976e-01
-1.137349066262196562e-01
-1.109623548532547160e-01
-1.126457965472309197e-01
-1.059748094861980711e-01
-1.048455220557492906e-01
-1.047043171163284381e-01
-1.021800034146699010e-01
-1.046970468659620540e-01
-1.125769443625291855e-01
-1.033018094879062654e-01
-1.042242378446786022e-01
-1.035835921047706526e-01
-1.008996239421175445e-01
-1.003953953691439638e-01
-1.064332809737800617e-01
-1.009373432459004516e-01
-1.002066592688534430e-01
-9.833691630215793400e-02
-9.708403613556534917e-02
-1.029081981915497684e-01
-1.056141952932131700e-01
-2.714110948671135759e+01
-3.138785120402013962e-01
-1.400351369568677007e-01
-1.219225556103582381e-01
-1.269327972709525199e+01
-1.332780284757663636e-01
-1.226992100876495018e-01
-9.777492619059382051e+00
-1.597001091865006117e+01
-1.684878256394650720e-01
-1.492482228217357487e-01
-1.331461766729336305e-01
-1.287002156384133011e-01
-1.241983447518894002e-01
-1.221993053706401239e-01
-1.209086373743162024e-01
-1.200571475825700785e-01
-1.201599560224502761e-01
-1.134703807403467379e-01
-1.101228427361445883e-01
-1.114358714432922282e-01
-1.093186371929871781e-01
-1.101516124840981325e-01
-1.083002391589248797e-01
-1.096595503164907587e-01
-1.320467484373785538e+01
-1.307890350167461302e-01
-1.127660170906743253e-01
-1.131132078524697271e-01
-1.071898921623102713e-01
-1.064462841488363898e-01
-1.029687282191377312e-01
-1.092154381711491762e-01
-1.106573037636662538e-01
-1.186748523791731635e+01
-1.190600061517821828e+01
-1.282820763357161997e-01
-1.200240760686527852e-01
-1.152552337102451252e-01
-1.141395439009873225e-01
-1.078834650800792883e-01
-1.076644744577823776e-01
-1.071203345732871515e-01
-1.042735145468952906e-01
-1.087345032205534606e-01
-1.153561738624938326e-01
-1.081693929338830573e-01
-1.058262097055499007e-01
-1.038529416099001346e-01
-1.025059684808871940e-01
-1.075624350507919935e-01
-1.123583374619421815e-01
-1.086701831171165145e-01
-1.150012886980249366e-01
-1.086148332880112616e-01
-1.060276790026064425e-01
-1.077051878894616094e-01
-1.080034015603274777e-01
-1.095288900313511754e-01
-1.084395734601026617e-01
-1.098487140085624009e-01
-1.030285223177029447e-01
-1.049340176857381374e-01
-1.021142684301677289e-01
-1.060685867969851509e-01
-1.033488751991050308e-01
-1.115171899195869232e-01
-1.073866403651936308e-01
-1.101618640300133234e-01
-1.202460912283170591e-01
-1.084773838506373766e-01
-1.069835355353832146e-01
-1.028200013736754737e-01
-1.030790517191752242e-01
-1.045111310893849788e-01
-1.079835006792655983e-01
-1.053876156655723789e-01
-1.048941364595286918e-01
-1.059423313644204251e-01
-1.059061812192677587e-01
-1.408042031057391841e-01
-1.183022146913210032e-01
-1.085739616637538679e-01
-1.093467822652467725e-01
-1.122816986689077340e-01
-1.038590789640932294e-01
-1.070041655351144233e-01
-1.138351646282016044e-01
-1.118196454467713374e-01
-1.252142596140642106e-01
-1.147537662080448939e-01
-1.125322300244054607e-01
-1.102909579053239497e-01
-1.051904391186401777e-01
-1.017621488069245517e-01
-9.938746724804105315e-02
-9.737207858734150956e-02
-9.542091774438307694e-02
-9.491535306691339935e-02
-1.052998714352383763e-01
-9.994182448270408359e-02
-1.206715179361307300e+01
-1.413413583543538521e-01
-1.021884461091148860e-01
-1.007335021403251846e-01
-9.860487238665466281e-02
-9.586043951500630711e-02
-1.049991195975240738e-01
-1.109338929746923608e-01
-1.028990901492071591e-01
-9.990385673577069359e-02
-9.957642725744224321e-02
-9.546257764881846408e-02
-9.505548232452552815e-02
-9.586664565433379581e-02
-1.240295390705933265e+01
-2.041631483009226922e-01
-1.468299224498995914e-01
-1.284802986282090054e-01
-1.245741227902833481e-01
-1.328716074638627842e-01
-1.229132683497498879e-01
-1.163441566451965392e-01
-1.085314875700167797e-01
-1.036605598095161618e-01
-1.004524087471283245e-01
-9.859119454410272820e-02
-1.220232301918180856e-01
-1.069801180653437711e-01
-1.006974265487491221e-01
-9.806115774176779598e-02
-9.957925754061354440e-02
-9.755369481863769565e-02
-9.866516753739823509e-02
-9.820365791827834201e-02
-9.641271112254685971e-02
-9.463835275987950157e-02
-9.637695883674295139e-02
-9.611898278719868682e-02
-9.233333867451239130e-02
-9.069393213224037631e-02
-9.054438328511156542e-02
-2.218733496469363686e+01
-1.570125422765449863e-01
-1.113457529302030735e-01
-1.124180199968429078e-01
-9.923720317608943076e-02
-1.432854663968646247e-01
-1.030218286544671985e-01
-9.976595471780001778e-02
-9.673273619784690525e-02
-9.786919571162508436e-02
-9.760029994548928556e-02
-1.001534840705586710e-01
-6.866376482736656683e+00
-1.948555370633692774e-01
-1.461760029333833089e+01
-1.240884626736376145e-01
-1.308133136419701026e-01
-1.126002821292207412e-01
-1.038312699586739773e-01
-1.048103683426844374e-01
-1.003689636216649333e-01
-1.009771569195024032e-01
-1.059583499458825323e-01
-1.072053679530384634e-01
-1.155865165837671249e+01
-1.168058828488947182e-01
-1.059091209036383818e-01
-1.115832095792435724e-01
-1.612037243243106488e+01
-1.726803324765770198e-01
-1.352350166616426153e-01
-1.339078563265814203e-01
-1.106663573381616444e-01
-1.039115225110718993e-01
-1.284867343479635160e+01
-1.522696767285239006e-01
-1.225695307158419373e-01
-1.168861662748139074e-01
-1.371362900313770061e-01
-1.309000914988216469e-01
-1.249197365000833670e-01
-1.337785663581333162e-01
-1.141110482370442103e-01
-1.174055393417604981e-01
-1.105722321808969566e-01
-1.083508337041871467e-01
-1.244265372711619577e-01
-1.095150102593681202e-01
-1.123203056631529861e-01
-1.067409790654468282e-01
-1.049498010313782009e-01
-1.037995401737741158e-01
-1.421396667188604468e+01
-1.066138765634977309e-01
-1.061508418187970537e-01
-1.061428137939316035e-01
-1.053575571638352831e-01
-1.047498174355183664e-01
-1.074083364149160114e-01
-1.240378161927038897e-01
-1.135157001107008068e-01
-1.142796244535891070e-01
-1.109229689415359710e-01
-1.061131375269285387e-01
-1.056329147590372719e-01
-1.040512257673011226e-01
-1.101830019342279060e-01
-1.021754433034180454e-01
-1.079979654986516768e-01
-1.110191543447727469e-01
-1.029579301144571135e-01
-9.963458201435378137e-02
-1.002585869622053538e-01
-1.012676301928003703e-01
-1.045832046263192872e-01
