3.590641784036503736e+01
2.879381072955000320e+01
2.307980215160999649e+01
1.848827893552001100e+01
1.479871233912499306e+01
1.183591369669499471e+01
9.457505071905000449e+00
7.550118491804501453e+00
6.022067627339000140e+00
4.799050650882996649e+00
3.821191976063000872e+00
3.040259411410498824e+00
2.417104260598500254e+00
1.920462606864000055e+00
1.524953142471500600e+00
1.210318079922000134e+00
9.601703008480007018e-01
7.614637663975998283e-01
6.037463846943991186e-01
4.786261132942501995e-01
3.794465358995502413e-01
3.008599735836002820e-01
2.386246588014001579e-01
1.893571602601500647e-01
1.503643793208498947e-01
1.195121905583499400e-01
9.509871257994996496e-02
7.577898629591506285e-02
6.048081021977497890e-02
4.836110756190505067e-02
3.874871207008999396e-02
3.111740085697999036e-02
2.504780054654002358e-02
2.020787080506999261e-02
1.633391481082499888e-02
1.321469726873500047e-02
1.067875480206999760e-02
8.586407719257501542e-03
6.824565083918496602e-03
5.306815951388501283e-03
3.978274881886998716e-03
2.825301703347499714e-03
1.874822047541999798e-03
1.170043950672200418e-03
7.226791425573503075e-04
4.792412788398895881e-04
3.485791378866444964e-04
2.638431570824541824e-04
1.996444542544714826e-04
1.495102296914832508e-04
1.107303745479720970e-04
