1.239793916113828692e-01
1.197263115415378165e-01
1.284576602662266809e-01
1.404459707929009427e-01
1.235607153522392671e-01
1.204008743766083744e-01
1.148793195871512796e-01
1.131395113295163429e-01
1.341437216265352339e-01
1.210965687435859028e-01
1.160603802610218616e-01
1.158940833932501080e-01
1.117060806602273304e-01
1.133483047315019254e-01
1.254160201012893550e-01
1.171821611574718064e-01
1.146510438875057436e-01
1.139719268153596976e-01
1.099027201605844578e-01
1.268602616637520553e-01
1.189164412402925197e-01
2.147371570508654348e-01
1.551369242886092015e-01
1.463307064665469448e-01
1.353076314913963796e-01
1.329040332393910950e-01
1.280509103317258590e-01
1.208960671253565544e-01
1.338489859772998836e-01
1.308327120006485544e-01
1.338384705516754702e-01
1.287945999981771339e-01
1.276892927447278447e-01
1.263840441295263906e-01
1.240214991150866974e-01
1.233094714456661745e-01
1.187210652328058585e-01
1.222218060453045679e-01
1.154736069079473210e-01
1.097012482034389336e-01
1.140437774447792402e-01
1.101954475722739801e-01
1.091982042307609452e-01
1.123603611179214701e-01
1.087700904344403446e-01
1.064577473108877098e-01
1.060336633255974659e-01
1.100756350411122991e-01
1.032234284973834876e-01
1.098584210354946744e-01
1.107629523790950032e-01
1.053640855864965836e-01
1.026281044557111610e-01
1.035689961167724493e-01
1.061882754591173539e-01
1.158759115597857992e-01
1.100818710448941418e-01
1.166397275857743027e-01
1.189425506794002801e-01
1.223221221469072834e-01
1.127959026127466624e-01
1.252822444655086465e-01
1.156456542697598261e-01
1.324088177806098388e-01
1.241484774036830802e-01
1.233000333854855218e-01
1.285917916059926003e-01
1.204608117972470055e-01
1.133968736697225227e-01
1.074623460728923452e-01
1.036903945992103254e-01
1.030240578185250139e-01
1.030464822575187511e-01
1.144090845969593373e-01
1.088341415539517826e-01
1.056555105872521300e-01
1.150917686350789726e-01
1.064752806089599158e-01
1.043189874365681030e-01
1.021882968046096685e-01
1.074992600070591164e-01
1.035915297182370132e-01
1.065157210170592783e-01
1.263244939947155421e-01
1.141601647360789978e-01
1.104966776242430893e-01
1.060630087085764062e-01
1.066507643356458951e-01
1.039145948252180596e-01
1.025990148481582265e-01
1.053086156822184011e-01
1.092016969836675649e-01
1.120916639535467219e-01
1.029880480356877293e-01
1.038245363112807879e-01
1.109460765972739293e-01
1.027594985599687011e-01
1.030579989328153645e-01
1.041911686625757172e-01
1.046228833811120029e-01
1.119652977806446098e-01
1.054749234143121800e-01
1.028773608279808793e-01
1.040938432154265847e-01
1.006602879357517827e-01
1.093675873400979937e-01
1.025127835297081624e-01
1.088145767242373607e-01
1.110113608057051032e-01
1.088533243463063183e-01
1.085846564653747404e-01
1.183329389716273605e-01
1.124518896802904205e-01
1.100003114340959709e-01
1.148721456446472611e-01
1.112297887842617211e-01
1.971494323479019706e-01
1.313352327496168648e-01
1.184956138707447676e-01
1.093481235380729388e-01
1.055489725739432727e-01
1.047831284728467927e-01
1.109094702237920227e-01
1.047650568213206040e-01
1.087825009186838832e-01
1.022368339410155286e-01
1.042492361901119352e-01
9.958745761522833084e-02
1.032030293652724390e-01
1.027655489318660270e-01
1.002655841092341404e-01
1.024976509854563511e-01
9.927069606493434117e-02
1.009658254938740896e-01
1.001748783977323837e-01
9.824192339046802780e-02
1.336444703475836160e-01
1.199227219351396007e-01
1.237770314455786808e-01
1.156899981633161684e-01
1.138208283599323606e-01
1.067446527273109291e-01
1.072119876349990480e-01
1.028292726463602702e-01
1.006830058684688306e-01
1.042426590463259028e-01
1.061068619610683744e-01
1.031563456693248421e-01
1.076647065404996301e-01
1.139939499939662260e-01
1.049493590937657511e-01
1.054768513915843170e-01
1.480188632557333239e-01
1.160210356635455464e-01
1.324071034586685458e-01
1.160816228938915534e-01
1.116468121020655346e-01
1.083001413329622020e-01
1.062190345433198513e-01
1.050928199007956226e-01
1.047258667283519074e-01
1.052530475809912158e-01
1.903281750451646936e-01
1.273849926434314217e-01
1.270718865302347123e-01
1.596741579847323622e-01
1.227797219802653078e-01
1.213192438394325307e-01
1.180654269777293153e-01
1.108865010334775109e-01
1.070939510353561552e-01
1.060780417807977299e-01
1.061167712812967900e-01
1.068160347163739782e-01
1.033293700805435755e-01
1.475797435625133269e-01
1.175167077751926997e-01
1.166305595964813729e-01
1.240203224669425702e-01
1.106847391498925054e-01
1.137069897703561622e-01
1.093472420748878710e-01
1.062640450740193476e-01
1.040857756554375013e-01
1.022204088763980639e-01
1.030863547638945360e-01
9.922010831464699032e-02
1.018741946179651386e-01
1.113161090427681188e-01
1.409961713227842195e-01
1.170004041910020498e-01
1.136025515708267986e-01
1.076599134688217829e-01
1.047718915624955005e-01
1.051692898149227395e-01
1.052726299790419512e-01
1.056943435773831513e-01
1.026772816317208514e-01
1.133121300870408021e-01
1.160889373929708118e-01
1.075688217122388046e-01
1.077837379910838167e-01
1.173402008043378242e-01
1.117153078755952766e-01
1.108647053991024672e-01
1.111735258915647756e-01
1.035692657524353993e-01
1.107584096775822563e-01
1.033111518941194212e-01
1.029228503847092885e-01
1.021832849337102334e-01
1.044308925490741169e-01
1.024169060829697303e-01
1.284063673586034460e-01
1.346576322477881227e-01
1.215227415588283899e-01
1.089604973880160532e-01
1.057364167338644551e-01
1.119704646723910513e-01
1.091093425540999723e-01
1.084757286417455530e-01
1.121386214772190221e-01
1.122786681992443969e-01
1.093913264345408587e-01
1.059734897303213075e-01
1.025668773303734654e-01
1.028417918637953843e-01
1.237370695209172172e-01
1.098972766005389401e-01
1.153517374340382734e-01
1.403643100740219474e-01
1.249473450944425384e-01
1.171014788992061489e-01
1.146460682569162282e-01
1.113146446080971880e-01
1.178354893622090283e-01
5.354053040954515064e-01
3.894879219540421933e-01
2.397142321687314725e-01
1.989518263791556218e-01
1.782333428240103490e-01
2.503189672942524036e-01
1.856985355106162416e-01
1.625150153910777939e-01
1.535971133052703164e-01
1.512868459002798260e-01
2.305372687018448219e-01
1.897956028347596302e-01
1.417240420177655058e-01
1.373881842264784992e-01
1.461137522244108367e-01
1.362512967278640130e-01
1.327638574848273023e-01
1.297606648646528749e-01
1.243820338801766012e-01
1.187842895858732123e-01
1.143014399144464538e-01
1.160621642221224825e-01
1.132375013173977651e-01
1.128284422169368861e-01
1.108649102629112315e-01
1.143745667245559261e-01
1.201603091602747031e-01
1.168096682132244851e-01
1.167808248708350205e-01
1.111252517406418200e-01
1.118221378194378807e-01
1.374756514484481162e-01
1.244690054391070638e-01
1.169208557993098863e-01
1.124475865473601038e-01
1.138107417300883162e-01
1.155764474692966559e-01
1.103559441120613299e-01
1.076549611999238903e-01
1.069027249951318009e-01
1.151881923024609955e-01
1.089832864424526704e-01
1.059339463850570290e-01
1.082139706760113229e-01
1.164836856874590792e-01
1.162817243943004009e-01
1.105271827758324416e-01
1.110644542804480467e-01
1.067438617995441347e-01
1.048509802094373111e-01
1.022846019848724364e-01
1.073430265922371979e-01
1.068307058270788201e-01
1.064904894563893645e-01
1.071945544539047168e-01
1.134817493325349091e-01
1.092635256829902479e-01
1.060898057845017922e-01
1.150237408492724850e-01
1.120708784546556175e-01
1.060687452702420430e-01
1.224092016663825416e-01
1.070967480763590773e-01
1.050543352043121353e-01
1.038339653620187902e-01
1.072785812709037417e-01
1.049807691998674297e-01
1.068759185217045549e-01
1.042497863432417932e-01
1.027892693715769523e-01
1.022135580390700904e-01
1.163345559480134517e-01
1.154492209309915113e-01
1.088739705702267691e-01
1.061303193394061706e-01
1.062108644268450058e-01
1.042088937245192193e-01
1.689173098152694785e-01
1.588262415502208758e-01
1.225679892228745127e-01
1.189980330082779647e-01
1.089834167588137337e-01
1.077392779351958874e-01
1.086835157557387715e-01
1.089153648544040898e-01
1.048643009024766148e-01
1.038858723504801629e-01
1.196324805785023426e-01
1.147982494868561854e-01
1.087332212387254471e-01
1.127654934845924578e-01
1.083996811116610115e-01
1.136739987485228670e-01
1.449195637520376556e-01
1.226932560005003087e-01
1.269026394461901242e-01
1.224424476767746739e-01
1.250351624615630985e-01
1.213456311020212758e-01
1.154995104724764188e-01
1.135115877534966511e-01
1.117654470260662503e-01
1.077884412566188777e-01
1.099771342439095217e-01
1.065413650043084692e-01
1.082596845376169042e-01
1.047592545938081654e-01
1.041146885347899176e-01
1.080123261312535693e-01
1.199371403764783461e-01
1.101572352089875417e-01
1.103765399052670376e-01
1.044257379789531870e-01
1.106030685220914384e-01
1.056306094610486301e-01
1.036644378595530935e-01
1.085559652428958050e-01
1.064124796052947630e-01
1.176255159665526157e-01
1.181734133395031944e-01
1.145920068046963058e-01
1.112145174500814154e-01
1.083372829794766734e-01
1.135203251530898516e-01
1.046606553576669291e-01
1.032219091372301861e-01
1.037414006930766075e-01
1.024475067099334114e-01
1.067745975090177574e-01
1.085142590590545963e-01
1.052202039059427774e-01
1.130723092816751651e-01
1.076057607906929642e-01
1.034267598574766245e-01
1.299179173819723643e-01
1.679788811337542820e-01
1.253596245015246302e-01
1.205855454575521929e-01
1.214177639473206921e-01
1.168815955220678104e-01
3.016392010974651150e-01
1.451950753295079000e-01
1.290995609190462023e-01
1.384929477621516802e-01
1.337635568518562579e-01
1.270024956828515739e-01
1.358059571688202960e-01
1.257244679081718775e-01
1.283892943896319805e-01
1.241343711035045316e-01
1.257503758174070285e-01
1.208442510774466183e-01
1.232236708614960485e-01
1.170141913794672806e-01
1.147891850596572949e-01
1.134430828094582372e-01
1.086179929684069068e-01
1.204832185576150683e-01
1.162547831230623663e-01
1.110045581694176775e-01
1.131392740678336117e-01
1.211199221682425775e-01
1.169169471281080175e-01
1.132711214740162869e-01
1.083495464308131401e-01
1.066346929840179258e-01
1.114684702370978275e-01
1.130688199141758193e-01
1.359007550243147289e-01
1.276194579621220959e-01
1.157958369110559244e-01
1.152246688656311246e-01
1.212029469819043692e-01
1.250772349425867402e-01
1.144664887487805288e-01
1.060728588275874767e-01
1.042863260556945032e-01
1.043366312516633559e-01
1.050839137283382241e-01
1.038741864261224501e-01
1.050865256181407886e-01
1.040295630968192248e-01
1.060940152112892082e-01
1.057675563519541173e-01
1.016321768372616952e-01
9.908714007304271487e-02
1.024007110269590654e-01
1.000904531049109647e-01
9.880583411713241004e-02
9.913913837474905288e-02
1.058893140356203105e-01
1.046761691015953288e-01
1.066261845982665463e-01
1.044827779027512754e-01
1.028425513176004225e-01
1.185296072255730276e-01
1.119004334692002972e-01
1.050315803216688298e-01
1.063289863658820888e-01
1.010686626408468791e-01
9.958086005706871802e-02
1.034889061799641879e-01
1.003954195420178885e-01
9.724956073601490059e-02
1.049252715071053027e-01
1.078963732477788290e-01
1.212942794736045077e-01
1.181754142604828084e-01
1.034498627967913448e-01
9.993386903359552376e-02
1.040909273119752648e-01
1.012469304033035283e-01
1.015144202130326967e-01
1.983444220735002539e-01
1.375389696059606259e-01
1.289464924716557659e-01
1.284899547007119502e-01
1.216477600464073300e-01
1.173344298202700919e-01
1.101784773084508451e-01
1.144600883149345660e-01
1.131617691490336003e-01
1.131617691490336003e-01
1.108644729956774905e-01
1.108644729956774905e-01
1.174565812969013689e-01
1.174565812969013689e-01
1.178855676158328258e-01
1.178855676158328258e-01
1.125854904867297224e-01
1.125854904867297224e-01
1.098941007997775859e-01
1.098941007997775859e-01
1.060528163419078990e-01
1.060528163419078990e-01
1.040405050816092664e-01
1.040405050816092664e-01
1.200194266431208467e-01
1.200194266431208467e-01
1.116209832140059449e-01
1.116209832140059449e-01
1.092251193405265469e-01
1.092251193405265469e-01
1.100719155701765511e-01
1.100719155701765511e-01
1.219250631398208912e-01
1.219250631398208912e-01
1.108766339267541062e-01
1.108766339267541062e-01
1.347167718630021827e-01
1.347167718630021827e-01
1.402231699024490130e-01
1.402231699024490130e-01
1.337583903858840795e-01
1.337583903858840795e-01
1.214656398023346018e-01
1.214656398023346018e-01
1.242992303801019466e-01
1.242992303801019466e-01
1.156414824865348578e-01
1.156414824865348578e-01
1.141475741142034539e-01
1.141475741142034539e-01
1.104054440406102011e-01
1.104054440406102011e-01
1.074214386069534816e-01
1.074214386069534816e-01
1.212395733361298078e-01
1.212395733361298078e-01
1.204206784366711747e-01
1.204206784366711747e-01
1.130435222204072554e-01
1.130435222204072554e-01
1.095418452226815248e-01
1.095418452226815248e-01
1.101297560565255157e-01
1.101297560565255157e-01
1.102655934425950668e-01
1.102655934425950668e-01
1.071550424271076191e-01
1.071550424271076191e-01
1.197823232398507604e-01
1.197823232398507604e-01
1.010291558506938581e-01
9.868934160707235059e-02
1.019105380563052610e-01
1.006045875839724629e-01
1.476620897283200951e-01
1.414281000757822704e-01
1.033843083350423631e-01
1.091065563306583691e-01
1.133757717474450089e-01
1.104308819039254985e-01
9.928536826679006388e-01
5.079839970366663016e-01
3.564486359897356960e-01
2.959420229220155463e-01
2.609494494972455225e-01
2.420077023332922461e-01
2.294456344710075757e-01
2.194054874377013853e-01
2.111663701587520037e-01
2.250169016889844165e-01
2.051885262518471087e-01
1.886705747200210781e-01
1.702309340925915182e-01
1.592418587970021171e-01
1.560808518437572512e-01
1.473295687497679640e-01
1.505840005829605366e-01
1.441725063786545580e-01
1.444613146509688695e-01
2.940789468316264421e-01
2.205705688142676479e-01
1.773217312030731796e-01
1.885823688782869989e-01
1.525873412751604374e-01
1.432189605296560753e-01
1.410623186955039798e-01
1.494784962326059785e-01
1.247968624943214117e-01
1.255452748928062023e-01
1.270515845779243425e-01
1.239058470520212479e-01
1.181778946504710159e-01
1.193285104133763597e-01
1.163917717694192139e-01
1.158495454582015999e-01
1.148956140175111940e-01
1.109706336707821511e-01
1.090467903433608859e-01
1.082374366936591642e-01
1.165626665814576274e-01
1.254523633861506504e-01
1.292003085713596955e-01
1.175591488121339873e-01
1.148601074272587175e-01
1.123340782573760965e-01
1.125525807539100448e-01
1.134733033724885654e-01
1.194388025564622063e-01
1.173392613160803843e-01
1.174260194623796411e-01
1.139374649209452528e-01
1.096699606199734861e-01
1.077463451404566258e-01
1.074578443431040559e-01
1.092145446267315384e-01
1.070369159316176266e-01
1.044939200095421489e-01
1.117054822423938776e-01
1.060939356223675328e-01
1.054079994420698829e-01
1.071056587010031785e-01
1.062218617111894137e-01
1.037201745209053727e-01
1.094758705972123797e-01
1.047901813440486607e-01
1.032294357985788641e-01
1.016101010543883493e-01
1.005135876282492180e-01
1.015377125599324359e-01
1.057913460153702967e-01
1.124586263931939001e-01
1.009899188869333025e-01
1.042123396853099071e-01
1.009368545884867796e-01
9.879717165888916852e-02
1.027434371296137988e-01
9.807933359260524731e-02
1.010682133406054090e-01
1.030858917805263092e-01
1.008770279387617430e-01
9.751555632866069911e-02
1.038274528885308745e-01
1.046335079951041247e-01
1.036153016061358012e-01
1.074356500839686451e-01
1.206505265665974436e-01
1.125164326723971514e-01
1.102434307695467908e-01
1.054655307887494148e-01
1.043962768544589303e-01
1.015361490515235415e-01
1.021230303950444729e-01
1.068991776955074829e-01
1.160449808513039360e-01
1.132729577549776850e-01
1.185890884719210947e-01
1.138768231119901275e-01
1.110482286764786219e-01
1.159939281704438080e-01
1.115204688870243682e-01
1.144602784490082459e-01
1.102215038093822680e-01
1.061802299975668634e-01
1.102266922731923310e-01
1.050638679000468895e-01
1.034504748538075947e-01
1.011193234623160714e-01
1.743752143064666582e-01
1.202511294019781435e-01
1.170924506321885245e-01
1.090880616015322963e-01
1.065853983496432983e-01
1.071996676148566502e-01
1.078516590238030315e-01
1.281666551731150683e-01
1.179918632761656067e-01
1.143578916494441683e-01
1.603875949711119631e-01
1.344022669291549121e-01
1.423615560217172671e-01
1.416675700406315741e-01
1.272202952970256096e-01
1.320589449389797110e-01
1.210052267999788544e-01
1.213072085709577669e-01
1.231595228289685262e-01
1.308232531852356606e-01
1.296002520894584675e-01
1.208284779281603993e-01
1.190123783877364283e-01
1.147911920301543237e-01
1.098434145947624480e-01
1.173871140844572475e-01
1.156263997757003142e-01
1.173327517597025499e-01
1.136329988099838845e-01
1.169232318508852675e-01
1.131312412607459461e-01
1.106421738321278769e-01
1.103048280727802477e-01
1.069195708229086633e-01
1.119546114893062994e-01
1.075815904170917964e-01
1.114319002501923395e-01
1.217248522307759068e-01
1.133888069841513940e-01
1.137821055119042496e-01
1.068141860920776426e-01
1.229905776765369274e-01
1.202095240983067637e-01
1.187213133381096047e-01
1.115305649444985336e-01
1.055581866817234260e-01
1.047019570639135533e-01
1.054238661023121915e-01
1.082258494214208139e-01
1.049740341368987223e-01
1.074901680704132834e-01
1.141081255057140309e-01
1.070170836780124368e-01
1.111568768468349649e-01
1.187835742865086669e-01
1.518734727061590017e-01
1.308402611223499490e-01
1.225918057739525530e-01
1.191241527775640935e-01
1.338607282034646184e-01
4.114482235959874279e-01
2.368255205421207488e-01
2.175752306034520189e-01
1.784667200481658833e-01
1.629102693756191711e-01
2.626729902180649501e-01
1.540816531421237978e-01
1.485755985196355322e-01
1.419548652503339614e-01
1.305860097665491881e-01
1.286445067935893805e-01
1.383358973531814695e-01
1.254341436353013928e-01
1.194807796753113438e-01
1.293683140490447803e-01
1.340398820943175806e-01
1.373144077844113686e-01
1.263811686834405978e-01
1.263793985976531531e-01
1.216723918410866773e-01
1.147236354890252413e-01
1.189132844823881235e-01
1.354102721123081332e-01
1.268273659233548900e-01
1.295591683060651200e-01
1.166695929023307404e-01
1.124293225658804241e-01
1.154540114039215165e-01
1.120044376992338359e-01
1.108971165807949300e-01
1.088697128846514428e-01
1.154301637439894002e-01
3.540874950160309287e-01
1.867562045624628075e-01
1.417205825444763090e-01
1.329277663851901325e-01
1.297701871003435481e-01
1.307020923107171939e-01
1.728655105694514860e-01
1.313480564048027099e-01
1.193894154084244041e-01
1.349004262498342543e-01
1.315165178112367161e-01
1.290494758574329270e-01
1.241485859498810129e-01
1.132670169020704443e-01
1.257030039684681466e-01
1.296290123411404094e-01
1.167091761177654480e-01
1.182587317113337477e-01
1.383174024340359520e-01
1.646148726446500510e-01
1.310929022945672706e-01
1.350467842597832258e-01
1.154456413872099324e-01
1.156143178987204534e-01
1.247423750599982450e-01
1.124032857827898663e-01
1.236668718477744455e-01
1.154289981296151985e-01
1.172057740378235069e-01
1.091526761789923666e-01
1.147653147839485244e-01
1.102985422242966779e-01
1.107588381399575855e-01
1.155383024340840697e-01
1.154156708340604576e-01
1.243560921587207879e-01
1.274173498072238842e-01
1.270130547366299933e-01
1.153009672896068011e-01
1.102123856224766774e-01
1.881154282722390381e-01
4.955770077170098542e-01
5.405847640641211482e-01
4.598190415466361092e-01
3.489503363789611123e-01
2.832294672708416949e-01
2.717488088362890464e-01
2.456813042257488255e-01
2.756176272237919056e-01
2.788754103898792858e-01
2.310333966503903269e-01
2.392482224741011576e-01
1.949008547703834082e-01
2.018974099285862911e-01
1.730834924417567200e-01
1.616412781633547180e-01
1.817277469992977235e-01
1.942826659569903969e-01
1.883057244240650963e-01
1.571390262326429754e-01
1.511432161661815932e-01
1.509197769073720163e-01
1.369827088191926390e-01
1.318306169511832548e-01
1.234808721632797285e-01
1.276448084825531903e-01
1.279530281082560950e-01
1.283465716692213099e-01
1.219828953219383866e-01
1.236368921781873798e-01
1.855221124820030931e-01
1.398349350533520385e-01
1.518034087771983343e-01
1.340104498804471356e-01
1.367374552678921051e-01
1.228148390188367745e-01
1.566987198574948392e-01
1.399337747085325767e-01
1.412088288541630543e-01
1.353645505863931287e-01
1.753024856700708956e-01
1.613833614071447375e-01
1.453949414967961873e-01
1.389800666883728997e-01
1.372377323048408204e-01
1.715034777148052025e-01
1.513069047435521564e-01
1.319106586094869471e-01
1.269859189493472151e-01
1.258413254789269020e-01
1.457938987556035848e-01
1.329313594826636857e-01
1.210720829075273425e-01
1.169938805073611199e-01
1.199768680277631949e-01
1.242990838429854500e-01
1.244440913239942548e-01
1.249292387082880235e-01
1.228673232284984568e-01
1.196931338991388816e-01
1.193553186835323854e-01
2.354103041558196219e-01
2.133753631564933306e-01
1.819903345266694339e-01
1.579617758145759610e-01
1.468273871225037608e-01
1.326635114108291325e-01
1.425911138886280516e-01
1.242955557509336784e-01
1.195966894017956444e-01
1.626136209245474529e-01
1.750455563971083095e-01
1.385588391372972183e-01
1.239377231638563587e-01
1.267184537214013085e-01
1.158717469078863055e-01
1.130536683645180368e-01
1.301952590396152631e-01
1.171480941300198919e-01
1.944180248846308079e-01
1.366930213886883017e-01
1.262344313301548282e-01
1.268717051163764375e-01
1.177505830738812542e-01
1.171498788445608646e-01
5.882335699947813801e-01
3.016990110652882362e-01
2.261932352767011545e-01
2.033969244813654820e-01
1.619962062242542022e-01
1.538749116352021162e-01
1.428632225666424116e-01
1.386515253677227111e-01
1.310886668248787412e-01
1.317919854673517688e-01
1.297498189552207526e-01
1.351597164691762942e-01
1.287464457823501718e-01
1.220361186364781331e-01
1.226831298131955961e-01
1.258247257378091732e-01
1.211703754065508176e-01
1.453973576760379527e-01
1.258495486894193882e-01
1.333111752839799546e-01
1.275658582997352686e-01
1.203001536041043706e-01
1.160228377784512377e-01
1.295316604748739664e-01
1.462350074857134419e-01
1.296658710085093758e-01
1.268325073331765807e-01
1.156512927860898904e-01
1.169005163625203431e-01
1.239195179957626597e-01
1.191377996824505986e-01
1.211593612257022834e-01
1.153990574775148881e-01
1.099419461741590054e-01
1.200500874100941806e-01
1.203310231428996457e-01
1.156890745363363948e-01
1.114836980414286166e-01
1.100173115675370517e-01
1.104374043894513213e-01
1.096815203101550035e-01
1.162885901483903944e-01
1.126598911560462574e-01
1.077262732118063754e-01
1.066960505534729625e-01
1.071174690956738645e-01
1.043209897271799858e-01
1.006649743622231863e-01
1.058058525027672225e-01
1.020044162265243276e-01
1.015194368281077952e-01
9.800190603726006977e-02
1.035869921057175763e-01
9.985599983488639697e-02
1.057167109577579062e-01
1.084164313597072299e-01
1.125695511790116982e-01
1.154965224110759137e-01
1.645234171692203373e-01
1.118130790796306867e-01
1.067375960038410704e-01
1.144562853131658314e-01
1.085557448092840382e-01
1.060472209661425108e-01
1.113619632385667163e-01
1.082433699254264636e-01
1.097881562471013789e-01
1.050081652789427028e-01
1.027502808380909849e-01
1.102940100602461393e-01
1.513958910474788588e-01
1.207142229205404871e-01
1.173283154703671644e-01
1.141173197859272348e-01
1.157297756510629605e-01
1.121137999952279141e-01
1.081133335141199886e-01
1.053674356245873356e-01
1.094563169139539244e-01
1.039204749100802599e-01
1.059025425411964094e-01
1.125511211157406294e-01
1.111471492791401977e-01
1.073679205689605509e-01
1.050451209695397042e-01
1.048159325920599155e-01
1.033374853607998134e-01
1.061237997703716046e-01
1.028116997533716909e-01
1.070208330869893698e-01
1.234659768378121442e-01
1.147289946508361219e-01
1.104275415579893393e-01
1.062505999059819989e-01
1.044648403191512642e-01
1.323506723881218983e-01
1.124919852022857186e-01
1.172592408684466625e-01
1.422152564681412878e-01
1.307375201014010224e-01
1.216041724747036062e-01
1.258127732537617505e-01
1.230574075102759263e-01
1.129468426214339932e-01
1.074205701631801846e-01
1.052363558135997745e-01
1.045149289328590192e-01
1.049872802106515818e-01
1.069297722662909955e-01
1.061997909217616831e-01
1.037011860519220369e-01
1.136313814620620172e-01
1.054226986047224479e-01
1.237011105719562493e-01
1.246548965353603128e-01
1.181186983765896564e-01
1.145618800401747711e-01
1.135023424840822526e-01
1.234196019470849559e-01
1.150940808007930444e-01
1.143531023531146329e-01
1.124871287349714921e-01
1.118445094205696017e-01
1.124405684680418738e-01
1.085384172781342221e-01
1.196793613496421743e-01
1.091904976229247509e-01
1.122778430946132638e-01
1.050104780754148731e-01
1.093807016176564922e-01
1.184037583957793932e-01
1.219311337857041516e-01
1.032596266486203174e-01
9.932199184813876591e-02
1.135582315856776825e-01
1.100750016762680056e-01
1.108976182857102089e-01
1.063210500140991943e-01
1.045403872512162546e-01
1.116122707115809742e-01
1.123544191026082245e-01
1.070211404470696598e-01
1.034986621448042710e-01
1.057102701820238078e-01
1.011988995703764216e-01
1.008594099452379961e-01
9.840337043731943456e-02
9.926584933549152667e-02
1.010779656874218058e-01
1.005459552438232873e-01
1.007172243433930026e-01
9.776352624288388304e-02
1.046407082782674219e-01
1.066633041608979898e-01
1.002660584112656100e-01
1.078219096985198466e-01
1.009418610752390727e-01
9.783993362858314780e-02
1.028822084409515419e-01
1.001572701530294429e-01
9.805700825266236431e-02
9.760676563847017762e-02
1.323314201074377860e-01
1.127373529532512131e-01
1.044865964301586181e-01
1.065497564552212867e-01
1.101662882780526515e-01
1.071603078356050814e-01
1.047173730812073211e-01
1.942413269496408579e-01
1.467590377722399753e-01
1.295033202327084965e-01
1.226145728969976895e-01
1.137936093832275924e-01
1.212562071570534444e-01
1.436183088179759926e-01
1.247075322485350218e-01
1.162424700951826401e-01
1.115728397721878623e-01
1.141340897090682288e-01
1.619229395290345264e-01
1.343494867634904555e-01
1.468971000236105051e-01
1.185787770406805525e-01
1.116983915876305633e-01
1.180484694508564941e-01
1.141406052370539520e-01
1.096361399620462002e-01
1.111181886781898304e-01
1.097055186930127324e-01
1.037949905446212684e-01
1.020728240889366562e-01
9.907948758939219558e-02
1.035943060849052605e-01
1.112009170675211656e-01
1.152560239502475742e-01
1.121797959475980960e-01
1.276342744538947194e-01
1.364502362451779360e-01
1.227097813955725369e-01
1.080863382941284617e-01
1.206787572832768995e-01
1.181991349318089468e-01
1.153329686820825650e-01
1.125846860358702267e-01
1.096824715359633606e-01
1.112919316161441879e-01
1.111180310938390120e-01
1.087908613468257929e-01
1.033256399412322279e-01
1.031395385797216208e-01
9.920321324644859606e-02
9.823322106825685407e-02
1.020077893371326289e-01
1.043732782836113704e-01
1.350983638358133898e-01
1.150412779323040646e-01
1.017860542514378158e-01
1.179595148675954136e-01
1.133383793230074987e-01
1.110997419567354566e-01
1.096158134463232903e-01
1.090383889672439516e-01
1.157868900730052580e-01
1.117571438724535432e-01
1.132483620064129032e-01
1.177164213742428051e-01
1.290771415369652286e-01
1.085478913593974359e-01
1.877211053404379548e-01
1.551443206503516081e-01
1.557482579515157839e-01
1.424725575245714970e-01
1.216607034798558862e-01
1.155048062806221520e-01
1.187245844421181418e-01
1.100303005531049760e-01
1.132640356154652611e-01
1.115876715370463373e-01
1.134180177229653225e-01
1.162886809095937668e-01
1.276157694414718768e-01
1.182863295403176335e-01
1.336062284207936435e-01
1.252249288617583167e-01
1.129056640724626637e-01
1.138160734101292954e-01
1.085298375360946449e-01
1.077350294632607869e-01
1.158859315321903311e-01
1.144789379362596005e-01
1.081692427878046120e-01
1.101970435195848141e-01
1.085294486569055028e-01
1.072834324833354669e-01
1.050430117400228264e-01
1.002727442378411743e-01
9.895699856242026748e-02
9.644816841770639804e-02
1.255389155944571788e-01
1.158815335781760020e-01
1.027780654894201728e-01
1.258125151459713598e-01
1.200286715420663536e-01
3.256003161780788302e-01
1.211298256540786350e-01
1.114226260124487333e-01
1.097540292646024818e-01
1.171069029298284214e-01
1.252941988889956504e-01
1.092494661198736700e-01
1.158272790127513607e-01
1.136094319826983223e-01
1.153928584130206048e-01
1.285018402707421015e-01
1.165578876599997898e-01
1.108280436260899587e-01
1.147488749275119013e-01
1.125231565724923721e-01
1.207587361396613157e-01
1.216384366397189887e-01
1.193839862743288766e-01
1.130149882144065449e-01
1.076652423261680869e-01
1.043897408002617405e-01
1.036054933555666108e-01
1.011580553543328653e-01
9.873393918408582270e-02
1.088902471783212283e-01
1.135444879268853596e-01
1.037197628836975111e-01
1.006880599323754233e-01
1.070044010297121345e-01
1.044254494411293310e-01
1.063066710563300155e-01
1.481340889414869688e-01
1.240414152297952266e-01
1.211202276175333548e-01
1.133674918876881738e-01
1.084231267935591436e-01
1.059478485102741258e-01
1.069475663731365017e-01
1.019666000348947443e-01
1.022356508039070355e-01
9.893043562597685081e-02
9.643153865154779902e-02
1.024351239658532337e-01
9.809350892089903351e-02
1.017616180690798788e-01
1.078655451291436612e-01
9.696997038096638599e-02
9.592936549191678763e-02
1.427492363393135510e-01
1.043757684592616086e-01
1.039912271435151220e-01
1.046582934710208607e-01
1.041780612879338597e-01
1.007163765971554048e-01
1.004104977239319296e-01
1.024933542084892207e-01
1.016349947366748246e-01
1.157125118175068162e-01
1.048515843372169326e-01
1.013304883686111935e-01
1.077381578845093418e-01
1.239751881531738209e-01
1.259667112304271031e-01
1.190167734239374331e-01
1.141631976612823146e-01
1.222005402471091906e-01
4.210426275968220944e-01
1.608956970197324698e-01
1.583910621118905793e-01
1.763985334867931021e-01
1.577067070964416062e-01
1.934898040845088041e-01
1.741083179862304431e-01
1.396329625296225951e-01
1.276785055547543790e-01
1.329830778534160374e-01
1.755323386372104055e-01
1.537799842036499387e-01
1.337606350580783088e-01
1.191528071558761032e-01
1.368198275679565479e-01
1.280981749104158629e-01
1.314324519581117623e-01
1.218244999555626734e-01
1.176209512734377460e-01
1.208535734513779686e-01
1.222428632884119959e-01
1.355350750713367192e-01
1.181465144435369791e-01
1.147612862068211198e-01
1.148616430059871824e-01
1.127389904660656139e-01
1.287437092752866108e-01
1.363718764824918550e-01
1.152712207238632131e-01
1.172147561981117109e-01
1.103298679395914028e-01
1.261816109920989026e-01
1.137349066262239305e-01
1.109623548532577969e-01
1.126457965472364292e-01
1.059748094862024981e-01
1.048455220557556605e-01
1.047043171163338504e-01
1.021800034146732455e-01
1.046970468659672443e-01
1.125769443625326272e-01
1.033018094879091381e-01
1.042242378446847917e-01
1.035835921047764951e-01
1.008996239421210139e-01
1.003953953691469475e-01
1.064332809737820740e-01
1.009373432459020059e-01
1.002066592688547475e-01
9.833691630216161161e-02
9.708403613556708389e-02
1.029081981915535432e-01
1.056141952932126149e-01
1.374684525614359443e-01
3.138785120402148854e-01
1.400351369568741955e-01
1.219225556103607916e-01
1.161451251810599050e-01
1.332780284757712486e-01
1.226992100876527492e-01
1.161984738428784858e-01
1.490525661360944110e-01
1.684878256394745089e-01
1.492482228217411055e-01
1.331461766729373219e-01
1.287002156384136620e-01
1.241983447518922173e-01
1.221993053706429688e-01
1.209086373743204074e-01
1.200571475825740198e-01
1.201599560224517055e-01
1.134703807403500825e-01
1.101228427361473500e-01
1.114358714432950870e-01
1.093186371929907863e-01
1.101516124841019073e-01
1.083002391589275581e-01
1.096595503164963098e-01
1.070051039326384013e-01
1.307890350167537352e-01
1.127660170906776560e-01
1.131132078524737516e-01
1.071898921623154755e-01
1.064462841488391931e-01
1.029687282191409786e-01
1.092154381711553102e-01
1.106573037636702783e-01
1.238919252121847836e-01
1.219261922109725754e-01
1.282820763357214455e-01
1.200240760686563934e-01
1.152552337102474289e-01
1.141395439009885576e-01
1.078834650800834516e-01
1.076644744577859580e-01
1.071203345732905932e-01
1.042735145468975388e-01
1.087345032205602469e-01
1.153561738625003830e-01
1.081693929338887195e-01
1.058262097055560763e-01
1.038529416099056163e-01
1.025059684808898586e-01
1.075624350507971005e-01
1.123583374619458175e-01
1.086701831171189570e-01
1.150012886980273374e-01
1.086148332880142037e-01
1.060276790026097732e-01
1.077051878894633441e-01
1.080034015603288516e-01
1.095288900313547559e-01
1.084395734601055622e-01
1.098487140085636776e-01
1.030285223177064974e-01
1.049340176857438411e-01
1.021142684301712261e-01
1.060685867969867330e-01
1.033488751991073484e-01
1.115171899195906702e-01
1.073866403651931589e-01
1.101618640300152385e-01
1.202460912283215000e-01
1.084773838506392363e-01
1.069835355353876971e-01
1.028200013736757651e-01
1.030790517191783745e-01
1.045111310893896417e-01
1.079835006792675689e-01
1.053876156655790958e-01
1.048941364595319115e-01
1.059423313644231729e-01
1.059061812192722551e-01
1.408042031057435972e-01
1.183022146913245976e-01
1.085739616637577537e-01
1.093467822652487709e-01
1.122816986689106761e-01
1.038590789640952000e-01
1.070041655351163384e-01
1.138351646282052820e-01
1.118196454467725309e-01
1.252142596140690678e-01
1.147537662080467952e-01
1.125322300244084445e-01
1.102909579053284184e-01
1.051904391186413157e-01
1.017621488069278268e-01
9.938746724804436994e-02
9.737207858734539534e-02
9.542091774438543617e-02
9.491535306691618878e-02
1.052998714352426368e-01
9.994182448270833019e-02
9.615443276240122350e-02
1.413413583543619012e-01
1.021884461091173424e-01
1.007335021403285569e-01
9.860487238665416321e-02
9.586043951500994309e-02
1.049991195975286673e-01
1.109338929746959967e-01
1.028990901492077975e-01
9.990385673577378833e-02
9.957642725744707268e-02
9.546257764882050412e-02
9.505548232452830371e-02
9.586664565433734853e-02
9.263349265488367290e-02
2.041631483009254677e-01
1.468299224499084454e-01
1.284802986282139736e-01
1.245741227902873033e-01
1.328716074638660316e-01
1.229132683497528439e-01
1.163441566451979547e-01
1.085314875700166132e-01
1.036605598095196590e-01
1.004524087471317245e-01
9.859119454410597561e-02
1.220232301918188489e-01
1.069801180653485173e-01
1.006974265487542430e-01
9.806115774177172340e-02
9.957925754061505708e-02
9.755369481864331616e-02
9.866516753739976164e-02
9.820365791828127022e-02
9.641271112254953812e-02
9.463835275988288775e-02
9.637695883674328445e-02
9.611898278720253097e-02
9.233333867451593013e-02
9.069393213224315187e-02
9.054438328511492384e-02
9.025582238244282685e-02
1.570125422765572820e-01
1.113457529302061405e-01
1.124180199968484312e-01
9.923720317609151242e-02
1.432854663968720355e-01
1.030218286544720557e-01
9.976595471780565216e-02
9.673273619785097144e-02
9.786919571163101017e-02
9.760029994549258847e-02
1.001534840705615992e-01
1.076212649401386001e-01
1.948555370633733297e-01
1.443099577545663148e-01
1.240884626736416946e-01
1.308133136419784293e-01
1.126002821292240719e-01
1.038312699586732418e-01
1.048103683426873656e-01
1.003689636216651693e-01
1.009771569195031388e-01
1.059583499458845723e-01
1.072053679530398790e-01
1.016391128466123395e-01
1.168058828488947459e-01
1.059091209036429060e-01
1.115832095792456541e-01
1.022616264467652719e-01
1.726803324765842917e-01
1.352350166616486105e-01
1.339078563265878319e-01
1.106663573381638371e-01
1.039115225110755492e-01
1.047479531009793408e-01
1.522696767285363073e-01
1.225695307158446573e-01
1.168861662748204994e-01
1.371362900313828626e-01
1.309000914988274478e-01
1.249197365000892929e-01
1.337785663581408935e-01
1.141110482370484708e-01
1.174055393417674509e-01
1.105722321808985109e-01
1.083508337041903108e-01
1.244265372711654272e-01
1.095150102593702435e-01
1.123203056631578711e-01
1.067409790654486462e-01
1.049498010313809349e-01
1.037995401737743933e-01
1.060968251751990971e-01
1.066138765635013946e-01
1.061508418187991215e-01
1.061428137939359750e-01
1.053575571638378089e-01
1.047498174355210449e-01
1.074083364149192310e-01
1.240378161927079004e-01
1.135157001107080649e-01
1.142796244535941863e-01
1.109229689415419107e-01
1.061131375269310229e-01
1.056329147590392564e-01
1.040512257673035096e-01
1.101830019342322636e-01
1.021754433034198356e-01
1.079979654986529952e-01
1.110191543447733853e-01
1.029579301144595144e-01
9.963458201436047046e-02
1.002585869622101278e-01
1.012676301928030764e-01
1.045832046263235060e-01
