1.177835545689999996e+01
1.177787551449999981e+01
1.178302074519999998e+01
1.178270988889999948e+01
1.178228350999999918e+01
1.178193694990000040e+01
1.178161341919999927e+01
1.178111840430000079e+01
1.178620083190000045e+01
1.178586106939999922e+01
1.178538996990000065e+01
1.178504851439999968e+01
1.178458435489999978e+01
1.178414630840000044e+01
1.178890582820000077e+01
1.178850021719999930e+01
1.211738215649999972e+01
1.211706304329999995e+01
1.211648490990000049e+01
1.212197556329999948e+01
1.212135346700000049e+01
1.212767559599999956e+01
1.212707080290000050e+01
1.212672467139999988e+01
1.212633398120000017e+01
1.212607467569999997e+01
1.212564690159999969e+01
1.212515955539999979e+01
1.212477500990000046e+01
1.213023485289999925e+01
1.212983604140000082e+01
1.212950073390000050e+01
1.212899894919999966e+01
1.212834229639999961e+01
1.212767950890000002e+01
1.212730058320000026e+01
1.212693631309999986e+01
1.212661163399999964e+01
1.212615093460000004e+01
1.212567279439999979e+01
1.212519446660000000e+01
1.212495568479999974e+01
1.212441081310000079e+01
1.212398455720000001e+01
1.212357042210000024e+01
1.212323971860000071e+01
1.212287225410000069e+01
1.212242672060000004e+01
1.212201715590000006e+01
1.212171240870000055e+01
1.212137760459999924e+01
1.212098482729999915e+01
1.212038774750000059e+01
1.212002065080000079e+01
1.211935737850000017e+01
1.211901383530000054e+01
1.211866733429999954e+01
1.211836603339999918e+01
1.211795860229999988e+01
1.211755901429999938e+01
1.211725010059999974e+01
1.211678864269999956e+01
1.211638880339999957e+01
1.211602004869999938e+01
1.210884880130000063e+01
1.211534650149999948e+01
1.211499574720000005e+01
1.211470741619999991e+01
1.211429850979999934e+01
1.211403135830000011e+01
1.211364280789999981e+01
1.211326852340000038e+01
1.211275346589999913e+01
1.211219917430000059e+01
1.211190374479999932e+01
1.211151805729999964e+01
1.211114888270000023e+01
1.211083814750000087e+01
1.211029648599999931e+01
1.210984170539999916e+01
1.210946687650000086e+01
1.210901453640000014e+01
1.210864907250000044e+01
1.211385427109999924e+01
1.211338776030000020e+01
1.211299583509999955e+01
1.211262820950000041e+01
1.211232150680000075e+01
1.211165075909999977e+01
1.211121813439999961e+01
1.211086669690000051e+01
1.211042773089999969e+01
1.211007996400000053e+01
1.210966731529999940e+01
1.210933473999999954e+01
1.210886662789999946e+01
1.210852338189999955e+01
1.210819405770000046e+01
1.210780371499999930e+01
1.210748187129999920e+01
1.210720573330000072e+01
1.210683548869999981e+01
1.210652951580000014e+01
1.210600649300000065e+01
1.210548282419999921e+01
1.210981302120000080e+01
1.210946701279999971e+01
1.210909006229999996e+01
1.210878772290000072e+01
1.210850545189999927e+01
1.210814388820000076e+01
1.210780543799999975e+01
1.210733064669999948e+01
1.210688704680000072e+01
1.210646136589999955e+01
1.210593666169999949e+01
1.212066985320000079e+01
1.212030296350000036e+01
1.211998869349999985e+01
1.211962908329999955e+01
1.211926154910000086e+01
1.211857490290000072e+01
1.211822517320000081e+01
1.211782249680000056e+01
1.211743827869999990e+01
1.211702739060000056e+01
1.211654153419999957e+01
1.211608175079999938e+01
1.211574811530000062e+01
1.211527059410000007e+01
1.211494144969999986e+01
1.211458331899999941e+01
1.211421425470000024e+01
1.211383577109999976e+01
1.211341272139999958e+01
1.211308570369999948e+01
1.211856402639999963e+01
1.211819576040000079e+01
1.211783443779999914e+01
1.211741851140000037e+01
1.211707555619999965e+01
1.211648013249999956e+01
1.211595659890000043e+01
1.211547317760000020e+01
1.211502234349999974e+01
1.211469702740000010e+01
1.211960990989999942e+01
1.211927774860000007e+01
1.213237612890000072e+01
1.213193009269999934e+01
1.213165862379999993e+01
1.213686351349999981e+01
1.214218198210000033e+01
1.214173721370000081e+01
1.214641574650000067e+01
1.214615306299999986e+01
1.214573408090000051e+01
1.214537688330000087e+01
1.214497173610000047e+01
1.214467772779999954e+01
1.214430312810000068e+01
1.214803866509999963e+01
1.215392681570000022e+01
1.215352959850000047e+01
1.215307416879999991e+01
1.216417185070000073e+01
1.216331643160000020e+01
1.216294206519999932e+01
1.216261438439999942e+01
1.216219550669999983e+01
1.216180473000000006e+01
1.216141968890000058e+01
1.216111136940000037e+01
1.216083485799999941e+01
1.216048116189999995e+01
1.216471348740000025e+01
1.216443337149999948e+01
1.216403082669999947e+01
1.216366054929999940e+01
1.216335288309999996e+01
1.216294202159999926e+01
1.216254765519999914e+01
1.216214834590000038e+01
1.216181646549999940e+01
1.216142486859999927e+01
1.216100751940000002e+01
1.216460389340000070e+01
1.216427620790000041e+01
1.216395649400000067e+01
1.216368314390000016e+01
1.216326430550000026e+01
1.216283346970000068e+01
1.216239522070000056e+01
1.216204833709999988e+01
1.216166287469999929e+01
1.216120438399999948e+01
1.216086676429999969e+01
1.216050984540000002e+01
1.215997146029999953e+01
1.216482588589999914e+01
1.216451252220000079e+01
1.216427210209999998e+01
1.216387192960000085e+01
1.216344657149999975e+01
1.216307835679999982e+01
1.216271547899999916e+01
1.216233374229999953e+01
1.216184959069999927e+01
1.216150743170000048e+01
1.216109563590000064e+01
1.216075930859999943e+01
1.216043779950000037e+01
1.215975652100000026e+01
1.215936783959999978e+01
1.215891183489999960e+01
1.215846824830000017e+01
1.215808075490000029e+01
1.215771982400000084e+01
1.215731787650000051e+01
1.215709548110000071e+01
1.215668910770000011e+01
1.215630284899999936e+01
1.215589785310000082e+01
1.215552031650000053e+01
1.215490554530000011e+01
1.215451116550000066e+01
1.215409309440000030e+01
1.215937937350000020e+01
1.215903029639999922e+01
1.215861940839999988e+01
1.216334765969999943e+01
1.216301053559999978e+01
1.216260004689999974e+01
1.216216899309999988e+01
1.216171885049999979e+01
1.216143319100000042e+01
1.219781110309999939e+01
1.219737382389999958e+01
1.219689761409999917e+01
1.219649443179999970e+01
1.219614913040000026e+01
1.220756098839999915e+01
1.220693297120000054e+01
1.220642563980000084e+01
1.220611704330000080e+01
1.220565591099999914e+01
1.221079520720000033e+01
1.221049998790000046e+01
1.221016227590000014e+01
1.220986708280000066e+01
1.220949775439999918e+01
1.220912921829999931e+01
1.220846470280000062e+01
1.220811061660000085e+01
1.220767397989999914e+01
1.220688311940000048e+01
1.220664338019999917e+01
1.220624405589999917e+01
1.220539802799999940e+01
1.220483236439999963e+01
1.220447733199999973e+01
1.220410051840000065e+01
1.220374138580000078e+01
1.220343459649999929e+01
1.220300175130000042e+01
1.220259225250000057e+01
1.220212532090000046e+01
1.220177738689999991e+01
1.220136199380000086e+01
1.220088665769999992e+01
1.220059711490000076e+01
1.220023078600000055e+01
1.219938920729999943e+01
1.221057791820000027e+01
1.221529140039999994e+01
1.221478641040000035e+01
1.221432056739999972e+01
1.221395890069999979e+01
1.221358638869999957e+01
1.221312938179999996e+01
1.221272630950000071e+01
1.221239837619999946e+01
1.221208535409999918e+01
1.221167208790000025e+01
1.221137656309999997e+01
1.221104040680000047e+01
1.221060269009999999e+01
1.221018334420000073e+01
1.220959895360000047e+01
1.220913685230000034e+01
1.220869089069999980e+01
1.220817988820000011e+01
1.220794035529999988e+01
1.220757829319999921e+01
1.220684585659999932e+01
1.220645588580000052e+01
1.220605211120000000e+01
1.221150087380000038e+01
1.221116093210000031e+01
1.221079010300000078e+01
1.222160972490000042e+01
1.222124386109999961e+01
1.222073576500000058e+01
1.222038209930000008e+01
1.220919996469999980e+01
1.220852078329999912e+01
1.220807577729999949e+01
1.221223971100000050e+01
1.221816928750000031e+01
1.221785495229999974e+01
1.221753942890000033e+01
1.221691829589999934e+01
1.221647730029999934e+01
1.221576172660000026e+01
1.222115283780000006e+01
1.222081511280000043e+01
1.222042905230000009e+01
1.221995226459999984e+01
1.221964364499999967e+01
1.221927439939999971e+01
1.221869577220000025e+01
1.221836226209999943e+01
1.221798642299999926e+01
1.221744061300000084e+01
1.221703781819999968e+01
1.221671079599999921e+01
1.221590763500000065e+01
1.221551169560000005e+01
1.222082580720000067e+01
1.222643865689999920e+01
1.222602731309999946e+01
1.221917906450000046e+01
1.221878849460000005e+01
1.221838908279999991e+01
1.221797647140000009e+01
1.221758540289999928e+01
1.221723516469999993e+01
1.221686910120000036e+01
1.221646102130000067e+01
1.221607921120000029e+01
1.221574981600000065e+01
1.221541955720000061e+01
1.221506687629999988e+01
1.221450784489999997e+01
1.221853788139999963e+01
1.221817061910000035e+01
1.221781415020000061e+01
1.221745773810000024e+01
1.221703973129999987e+01
1.222238794889999980e+01
1.222199066239999965e+01
1.222135332200000057e+01
1.222088494059999952e+01
1.222054754830000078e+01
1.222016884830000016e+01
1.221977377680000032e+01
1.221935896819999989e+01
1.221897776540000002e+01
1.221859628900000061e+01
1.221824785699999971e+01
1.221784668029999921e+01
1.221739426449999932e+01
1.221698350209999973e+01
1.221669398939999951e+01
1.221643722760000017e+01
1.221590687830000022e+01
1.221560706500000038e+01
1.221514118250000003e+01
1.221471268530000032e+01
1.221432167659999912e+01
1.221391546000000083e+01
1.221921505519999940e+01
1.221879815690000015e+01
1.221845106019999960e+01
1.221812609870000088e+01
1.221775876070000066e+01
1.222129827730000073e+01
1.222105394609999962e+01
1.222072665650000012e+01
1.222013538410000066e+01
1.221966477670000017e+01
1.221897051860000083e+01
1.221856422860000002e+01
1.221822479749999957e+01
1.221778172830000031e+01
1.221731313919999984e+01
1.221673144969999925e+01
1.221637219960000031e+01
1.221590529280000048e+01
1.221551677689999948e+01
1.221519116370000013e+01
1.221469211570000013e+01
1.221432373600000076e+01
1.221395980389999991e+01
1.221342631669999967e+01
1.221304991459999911e+01
1.221269639229999981e+01
1.221222212810000052e+01
1.221173306620000076e+01
1.221132676889999935e+01
1.221102572570000078e+01
1.221066393839999975e+01
1.221028470909999974e+01
1.220992184169999994e+01
1.221384705240000024e+01
1.221350904009999994e+01
1.221308442519999993e+01
1.221281794269999921e+01
1.221252968960000018e+01
1.221215619230000016e+01
1.221179822260000059e+01
1.221144213770000064e+01
1.221104032490000080e+01
1.221062505929999986e+01
1.220737686420000045e+01
1.220696709669999969e+01
1.220649614699999930e+01
1.220617904330000059e+01
1.220581422589999931e+01
1.220544448320000086e+01
1.220503079340000063e+01
1.220467754210000066e+01
1.220422116209999963e+01
1.220383915749999915e+01
1.220321798320000006e+01
1.220275934540000051e+01
1.220238421930000072e+01
1.220192978749999924e+01
1.220134018609999949e+01
1.220085792299999916e+01
1.220043250690000036e+01
1.219976143429999915e+01
1.219931450310000010e+01
1.219896264419999987e+01
1.219868038909999974e+01
1.219828646969999930e+01
1.219790121269999972e+01
1.219757203170000004e+01
1.219722787539999942e+01
1.220217635460000061e+01
1.220183758099999949e+01
1.220153278219999926e+01
1.220116702550000021e+01
1.220606980930000063e+01
1.220557722240000054e+01
1.220492511970000038e+01
1.220147467149999976e+01
1.220092129360000044e+01
1.219452440439999918e+01
1.217732375779999998e+01
1.218164953840000031e+01
1.218133342650000017e+01
1.218625136120000008e+01
1.218597387650000030e+01
1.218542598770000041e+01
1.218493881490000064e+01
1.218446677200000039e+01
1.218400646229999928e+01
1.218361110300000050e+01
1.220030300990000072e+01
1.219988600970000014e+01
1.219927043400000066e+01
1.219879956379999975e+01
1.219848949070000010e+01
1.219776366930000044e+01
1.219735440160000017e+01
1.219701271629999972e+01
1.219655680300000000e+01
1.219614210309999969e+01
1.220165454129999993e+01
1.220542921480000054e+01
1.220502018860000071e+01
1.221133921730000083e+01
1.221100681250000086e+01
1.221043738510000054e+01
1.221005840369999973e+01
1.220960285620000008e+01
1.220917037619999945e+01
1.220877928069999996e+01
1.220847347610000000e+01
1.220952947500000008e+01
1.220916334840000061e+01
1.220872674119999957e+01
1.220832409890000037e+01
1.220770821059999989e+01
1.220731760009999967e+01
1.220694569740000013e+01
1.220653483409999929e+01
1.220613419200000038e+01
1.220571833230000003e+01
1.220517549570000071e+01
1.220478115170000066e+01
1.220436880399999957e+01
1.220412125690000060e+01
1.220898569090000052e+01
1.218841823220000009e+01
1.218796742760000029e+01
1.218754046209999942e+01
1.218719290469999983e+01
1.218679849469999965e+01
1.218633184269999958e+01
1.218595896839999959e+01
1.218529193300000024e+01
1.218480684770000089e+01
1.218445198080000047e+01
1.218407532129999993e+01
1.218373146489999925e+01
1.218349427349999914e+01
1.218310695069999916e+01
1.218273930189999987e+01
1.218244021289999957e+01
1.218205474230000007e+01
1.218166499770000044e+01
1.218135248279999949e+01
1.218095847780000085e+01
1.218563688999999961e+01
1.218528708390000048e+01
1.218488652349999946e+01
1.218456245069999966e+01
1.218417047099999984e+01
1.218380984390000066e+01
1.218344690139999997e+01
1.218308423120000050e+01
1.218278859860000019e+01
1.218251355339999975e+01
1.218223637530000047e+01
1.220878339729999951e+01
1.220838044829999980e+01
1.220810960380000054e+01
1.221364411719999943e+01
1.222272501680000012e+01
1.222821432699999988e+01
1.223279816340000004e+01
1.223783064799999920e+01
1.224051182550000050e+01
1.224523458200000015e+01
1.224477429719999932e+01
1.224445677349999961e+01
1.224407446240000041e+01
1.224372578050000016e+01
1.224325565420000039e+01
1.224286510159999963e+01
1.224246642109999961e+01
1.224205638169999943e+01
1.224163392009999995e+01
1.225357779790000023e+01
1.225322801519999949e+01
1.225291570359999938e+01
1.225247576970000019e+01
1.225210466719999935e+01
1.225176449409999968e+01
1.225133785959999955e+01
1.225072657639999996e+01
1.225033313870000029e+01
1.225005010229999947e+01
1.224959407020000057e+01
1.224913757360000055e+01
1.224883979170000003e+01
1.224847683580000002e+01
1.224228453479999956e+01
1.224183661640000054e+01
1.224149004699999921e+01
1.224105963340000081e+01
1.224059576930000048e+01
1.224029102759999965e+01
1.224002100320000075e+01
1.224531693249999975e+01
1.224498943260000061e+01
1.224467534979999961e+01
1.224436794490000047e+01
1.224403583039999965e+01
1.224362765420000088e+01
1.224328001109999953e+01
1.224291556030000017e+01
1.224259553809999979e+01
1.224220681379999931e+01
1.224161823190000042e+01
1.224131377219999983e+01
1.224093062939999932e+01
1.224044935719999927e+01
1.223998096090000054e+01
1.223963692539999926e+01
1.223919708000000028e+01
1.223867701970000077e+01
1.223831166020000083e+01
1.223790424659999942e+01
1.223746796980000084e+01
1.223714967189999925e+01
1.223673516799999916e+01
1.223631242899999982e+01
1.223591456229999963e+01
1.223551795440000056e+01
1.223512833080000028e+01
1.223478470390000084e+01
1.223433498069999992e+01
1.223389986239999949e+01
1.223343079360000019e+01
1.223307516600000078e+01
1.223271436229999942e+01
1.223222286400000058e+01
1.223173627929999974e+01
1.223138464490000032e+01
1.223088217739999983e+01
1.223096825610000060e+01
1.223059809259999930e+01
1.223028336520000003e+01
1.222987138030000054e+01
1.223476572849999933e+01
1.223437552729999922e+01
1.223395826179999979e+01
1.224446355949999976e+01
1.224410395239999971e+01
1.224365665050000018e+01
1.224329986180000063e+01
1.224295588730000084e+01
1.224244729740000004e+01
1.224203659079999973e+01
1.224163787340000020e+01
1.224119295839999921e+01
1.224627204809999981e+01
1.224581801230000089e+01
1.224541919940000056e+01
1.224504168310000018e+01
1.224462142500000006e+01
1.224424660410000065e+01
1.224383718850000058e+01
1.224341418949999927e+01
1.224304466110000078e+01
1.224254199289999967e+01
1.224210072250000003e+01
1.224166575249999944e+01
1.224107574079999949e+01
1.224072840940000084e+01
1.224022748289999996e+01
1.223982850249999998e+01
1.223938736969999930e+01
1.223907216179999935e+01
1.223882117009999959e+01
1.223852923569999973e+01
1.223815345989999948e+01
1.223772756910000048e+01
1.222234951779999967e+01
1.223697076620000068e+01
1.224244077980000078e+01
1.224211153090000082e+01
1.224164373590000032e+01
1.224117510760000016e+01
1.224076349369999939e+01
1.224041811510000066e+01
1.224009085740000025e+01
1.223960268319999933e+01
1.223919069329999942e+01
1.223876385830000046e+01
1.223844677559999994e+01
1.223810084730000014e+01
1.223762710839999990e+01
1.223729767869999918e+01
1.223700601770000063e+01
1.223651754830000016e+01
1.223617703540000079e+01
1.223576926269999987e+01
1.223547206980000013e+01
1.223512159939999933e+01
1.223470903069999949e+01
1.223437868319999922e+01
1.223404890850000015e+01
1.223365013909999988e+01
1.223304857429999970e+01
1.223261298459999935e+01
1.223204062589999985e+01
1.223169513270000053e+01
1.223135271609999997e+01
1.223093135010000054e+01
1.223050761090000016e+01
1.223022096450000085e+01
1.222976776970000046e+01
1.222922859380000027e+01
1.222872146759999978e+01
1.222843117380000066e+01
1.222811681379999982e+01
1.222779458259999963e+01
1.222730093410000052e+01
1.222697558509999993e+01
1.222672088989999928e+01
1.222639713899999947e+01
1.222581778400000019e+01
1.222515248839999913e+01
1.222484919230000067e+01
1.222452106939999972e+01
1.222416807599999977e+01
1.222385559669999999e+01
1.222331444739999995e+01
1.222298769010000008e+01
1.223559175910000008e+01
1.223500727519999920e+01
1.223979416240000084e+01
1.223941734920000002e+01
1.223899303429999996e+01
1.223860120460000012e+01
1.223832037290000052e+01
1.223261905620000078e+01
1.223203826730000010e+01
1.223148760790000011e+01
1.223079429130000051e+01
1.223056745819999946e+01
1.223013142219999949e+01
1.222973886019999945e+01
1.223469531679999989e+01
1.223443778190000053e+01
1.223407718900000063e+01
1.223347890350000000e+01
1.223314410779999939e+01
1.223230540800000021e+01
1.223190944519999945e+01
1.223157056640000029e+01
1.223117930949999987e+01
1.223083597519999977e+01
1.223036260029999944e+01
1.223006632799999949e+01
1.223485645489999918e+01
1.223442257660000010e+01
1.223411662870000072e+01
1.223376427590000048e+01
1.223332498229999921e+01
1.223295443319999976e+01
1.223252361429999979e+01
1.223200830220000057e+01
1.223160788530000076e+01
1.223734104679999923e+01
1.224205778359999996e+01
1.224167128410000061e+01
1.224137607289999963e+01
1.224098058799999933e+01
1.224058716979999950e+01
1.224569218829999961e+01
1.224537860759999930e+01
1.225013463570000027e+01
1.224981155320000070e+01
1.224948002040000006e+01
1.224898040250000086e+01
1.224886499700000009e+01
1.224830230569999934e+01
1.224791847470000050e+01
1.224241206439999985e+01
1.224178486219999940e+01
1.224680405179999987e+01
1.224637768450000053e+01
1.224592870709999914e+01
1.224551292539999992e+01
1.225060640819999946e+01
1.225015375699999964e+01
1.224976474410000016e+01
1.224929673399999963e+01
1.224895898940000016e+01
1.224856116499999992e+01
1.224820620080000033e+01
1.224771764189999956e+01
1.224724575970000018e+01
1.224684078219999961e+01
1.224652236490000057e+01
1.225152252290000021e+01
1.225113141079999934e+01
1.225126709449999929e+01
1.225083847149999983e+01
1.225053398929999915e+01
1.225483445649999936e+01
1.226467643350000003e+01
1.228421424209999913e+01
1.229362129439999940e+01
1.229328452400000060e+01
1.228766796440000064e+01
1.229160025590000060e+01
1.229077161750000080e+01
1.229553102170000045e+01
1.229980399519999956e+01
1.229939427889999948e+01
1.229921489640000054e+01
1.229353760859999944e+01
1.229760045539999957e+01
1.229225825630000024e+01
1.229202161499999946e+01
1.229695707389999981e+01
1.230145359900000024e+01
1.230118561779999986e+01
1.230544325279999995e+01
1.230504483160000007e+01
1.230475459370000024e+01
1.230426862110000030e+01
1.230389389369999975e+01
1.230351938399999945e+01
1.230291351480000017e+01
1.230255459810000040e+01
1.230215710679999930e+01
1.230190484529999928e+01
1.230162315910000004e+01
1.230939264579999914e+01
1.230866218719999949e+01
1.231373278390000081e+01
1.231325285479999998e+01
1.231282933139999969e+01
1.231251123220000032e+01
1.231711053549999946e+01
1.231682034209999976e+01
1.231701296239999976e+01
1.231661425739999949e+01
1.231627867919999986e+01
1.231580338210000036e+01
1.231560222030000062e+01
1.231511272410000046e+01
1.231478955669999920e+01
1.231436593649999978e+01
1.231401307590000016e+01
1.231393055730000086e+01
1.231327441980000081e+01
1.231297226699999925e+01
1.231797665420000065e+01
1.231761514849999983e+01
1.231718644809999930e+01
1.231676809710000065e+01
1.231635461009999943e+01
1.231602941729999934e+01
1.231560353509999928e+01
1.231516268710000084e+01
1.230615770040000001e+01
1.230575142910000075e+01
1.230538390100000079e+01
1.232106839859999958e+01
1.232075141830000042e+01
1.232032680580000061e+01
1.231968774939999989e+01
1.231405110260000058e+01
1.231376419719999937e+01
1.231340056880000056e+01
1.231303394949999941e+01
1.231223964049999964e+01
1.231677617249999912e+01
1.232128122720000007e+01
1.232095778819999943e+01
1.232055665939999933e+01
1.232018705609999998e+01
1.231972278940000010e+01
1.232148373210000081e+01
1.232742002710000051e+01
1.232698538650000053e+01
1.233116359129999928e+01
1.233184773750000041e+01
1.233144978590000029e+01
1.233092074069999988e+01
1.233050039539999965e+01
1.233013180989999924e+01
1.233337233409999989e+01
1.234270609850000078e+01
1.234221327420000058e+01
1.234184849690000085e+01
1.234145838220000080e+01
1.234119114009999940e+01
1.234082929220000047e+01
1.234044748990000073e+01
1.234018064820000049e+01
1.233986965639999944e+01
1.233943983790000054e+01
1.233895792939999936e+01
1.233598032609999962e+01
1.233550455600000006e+01
1.233508055979999973e+01
1.233474978109999931e+01
1.233439497230000015e+01
1.234026932249999930e+01
1.233990829490000074e+01
1.233954384799999993e+01
1.233880108029999967e+01
1.233835198270000078e+01
1.233795586449999959e+01
1.233764938420000057e+01
1.233735234509999934e+01
1.233705745430000000e+01
1.233668368210000033e+01
1.233634397610000022e+01
1.233569801209999994e+01
1.233526586540000025e+01
1.233487059620000004e+01
1.234122374040000025e+01
1.234082476030000031e+01
1.234042637209999960e+01
1.234001459669999967e+01
1.233970684900000059e+01
1.233937675379999988e+01
1.233867549320000023e+01
1.233834537549999943e+01
1.233806801839999956e+01
1.233772455179999916e+01
1.233744161739999967e+01
1.233720198830000037e+01
1.233677945910000062e+01
1.233651073799999942e+01
1.233609740540000033e+01
1.233563953780000055e+01
1.233516532239999997e+01
1.233474689840000060e+01
1.233446539580000056e+01
1.233407281650000087e+01
1.233369093700000008e+01
1.233322756889999994e+01
1.233289198219999960e+01
1.234016904129999936e+01
1.233986351989999974e+01
1.233944575659999998e+01
1.233898424610000077e+01
1.234416907740000013e+01
1.234419704209999935e+01
1.233833953659999949e+01
1.234429914000000039e+01
1.234384594540000002e+01
1.234334416349999941e+01
1.234296538999999981e+01
1.234253880730000041e+01
1.234212342530000051e+01
1.234142742020000050e+01
1.234080450139999918e+01
1.234025969850000060e+01
1.235082795599999983e+01
1.235049704050000052e+01
1.235011296959999960e+01
1.234934569019999984e+01
1.234893002729999978e+01
1.234860053519999923e+01
1.234816536810000009e+01
1.234778945440000086e+01
1.234708620369999998e+01
1.234668807499999943e+01
1.234633857240000054e+01
1.234602162370000045e+01
1.234564255059999915e+01
1.234531486959999924e+01
1.234498598150000070e+01
1.234451075710000012e+01
1.234414211049999999e+01
1.234382137389999912e+01
1.234325781759999963e+01
1.234263014759999955e+01
1.234200422079999981e+01
1.234155809569999995e+01
1.234129473309999980e+01
1.234095444209999926e+01
1.234019492880000080e+01
1.233991830849999971e+01
1.233950397589999959e+01
1.233903870540000014e+01
1.233865567600000013e+01
1.233818172700000027e+01
1.233785073970000035e+01
1.233752473010000017e+01
1.233713033669999959e+01
1.233675588410000046e+01
1.233631596779999917e+01
1.233594439149999999e+01
1.233553812559999940e+01
1.233525465199999971e+01
1.233491706160000057e+01
1.233437560540000000e+01
1.233401451199999954e+01
1.233362509110000005e+01
1.233327684600000040e+01
1.233828348459999980e+01
1.234335651770000020e+01
1.234294540860000033e+01
1.234253273500000070e+01
1.234229172020000043e+01
1.234723275540000031e+01
1.234670880890000078e+01
1.234626945419999977e+01
1.234594729480000019e+01
1.234561699840000060e+01
1.234521104589999929e+01
1.234485413079999994e+01
1.234440768610000028e+01
1.234392521100000017e+01
1.234341033229999951e+01
1.234284924029999964e+01
1.234239593789999923e+01
1.234203848439999973e+01
1.234147375200000063e+01
1.249649106680000088e+01
1.249144044820000055e+01
1.248068676639999985e+01
1.248099311090000008e+01
1.230457409989999995e+01
1.230409360580000033e+01
1.230371492189999927e+01
1.230334956989999995e+01
1.230297220569999972e+01
1.230230447069999933e+01
1.230202163170000063e+01
1.230159293360000028e+01
1.230114486849999977e+01
1.230084109220000066e+01
1.230053235349999952e+01
1.230026554250000004e+01
1.229978381909999996e+01
1.229940899930000064e+01
1.229899275890000077e+01
1.229860940909999911e+01
1.229827985650000066e+01
1.229778254330000031e+01
1.229742404669999978e+01
1.229700809789999916e+01
1.229671720340000007e+01
1.229643136159999983e+01
1.229608226030000040e+01
1.229563975289999966e+01
1.229537409139999937e+01
1.229477200140000015e+01
1.229421423189999985e+01
1.231343117549999988e+01
1.231722534959999926e+01
1.232751204480000062e+01
1.232734626060000060e+01
1.232695679350000084e+01
1.232656421939999980e+01
1.233110678080000078e+01
1.233049952730000065e+01
1.232988626060000037e+01
1.233471758069999957e+01
1.233936708170000074e+01
1.234466030839999995e+01
1.234423663849999997e+01
1.234369463450000026e+01
1.234310335009999982e+01
1.234854871309999957e+01
1.234816647439999926e+01
1.235166715469999943e+01
1.235134889220000076e+01
1.235096270380000050e+01
1.235057671130000045e+01
1.235019509910000046e+01
1.234973667819999932e+01
1.234937247499999913e+01
1.234893619910000062e+01
1.234860451389999980e+01
1.234801869050000001e+01
1.234756448639999959e+01
1.234728202700000033e+01
1.234282039750000060e+01
1.234223387910000014e+01
1.234181910000000038e+01
1.234147444010000072e+01
1.234110789950000076e+01
1.234073299519999978e+01
1.234033674329999997e+01
1.233991202870000059e+01
1.234446737530000071e+01
1.234448997349999999e+01
1.234946345400000034e+01
1.234905635950000047e+01
1.234319795619999915e+01
1.234281435379999969e+01
1.234244251970000050e+01
1.234205859729999943e+01
1.234682959050000051e+01
1.234623067120000073e+01
1.234582622579999978e+01
1.234546975760000009e+01
1.234505372469999962e+01
1.234469217400000041e+01
1.234430552180000085e+01
1.234389875009999926e+01
1.234337389060000056e+01
1.234296547699999991e+01
1.234254815439999931e+01
1.234219259990000062e+01
1.234181289480000032e+01
1.232041359940000014e+01
1.235708182029999946e+01
1.236975906250000001e+01
1.236934599830000003e+01
1.236898616370000070e+01
1.236860207560000013e+01
1.236842762080000035e+01
1.236806293939999968e+01
1.237250847299999990e+01
1.231820081569999914e+01
1.234553942540000016e+01
1.234495843090000022e+01
1.234475093870000073e+01
1.234939184139999924e+01
1.234927930259999940e+01
1.235424893349999920e+01
1.233056238320000020e+01
1.233127979900000071e+01
1.233044316920000050e+01
1.233015538939999978e+01
1.232979518640000016e+01
1.233415248320000046e+01
1.233843324949999953e+01
1.233807748949999983e+01
1.233746019340000011e+01
1.233700350330000006e+01
1.233661484349999959e+01
1.233635585250000055e+01
1.233596191600000047e+01
1.233557132910000043e+01
1.233528421900000005e+01
1.233495930459999990e+01
1.233453756219999953e+01
1.233414575099999944e+01
1.233384196239999930e+01
1.233339680179999931e+01
1.233286149469999948e+01
1.233251311319999921e+01
1.233219469219999986e+01
1.233175759080000056e+01
1.233138150409999945e+01
1.233110056599999993e+01
1.233080508079999937e+01
1.233032054559999935e+01
1.232989630580000018e+01
1.232951134680000038e+01
1.232909374990000018e+01
1.232844476460000038e+01
1.232809757899999958e+01
1.232761396579999946e+01
1.232729852219999955e+01
1.232676046009999915e+01
1.232644520180000036e+01
1.233130370940000020e+01
1.233079060210000044e+01
1.233042953830000066e+01
1.232987470680000008e+01
1.233226414950000027e+01
1.233190529920000067e+01
1.233153979549999946e+01
1.233117713070000043e+01
1.233076413989999942e+01
1.233040424370000032e+01
1.233010326710000015e+01
1.232959617370000061e+01
1.232935656010000081e+01
1.232877847189999976e+01
1.232847003500000049e+01
1.233259013740000043e+01
1.233230219790000071e+01
1.233193682169999938e+01
1.233143890170000034e+01
1.233114030039999953e+01
1.233058771339999993e+01
1.234035523880000085e+01
1.234007071929999988e+01
1.233970747010000046e+01
1.233920222509999931e+01
1.233882017630000050e+01
1.233837201440000086e+01
1.233774599780000081e+01
1.233738402560000047e+01
1.233714446539999976e+01
1.233676600179999916e+01
1.233639309780000026e+01
1.233597001340000077e+01
1.233561550659999995e+01
1.233512809990000036e+01
1.233485419309999997e+01
1.233437403149999945e+01
1.233403130319999974e+01
1.233859023349999973e+01
1.233831476399999971e+01
1.233796234799999958e+01
1.233757018810000083e+01
1.233720270629999938e+01
1.233681393300000018e+01
1.233640531530000040e+01
1.233598822519999949e+01
1.233567519170000004e+01
1.233522107119999944e+01
1.233482339759999924e+01
1.233438497280000057e+01
1.233401044670000068e+01
1.233370283700000059e+01
1.233341402319999958e+01
1.233298829479999981e+01
1.233265568630000075e+01
1.233765041540000063e+01
1.234149904320000068e+01
1.234630426400000047e+01
1.234595821579999964e+01
1.234574227479999919e+01
1.235035442000000039e+01
1.235104621199999997e+01
1.235647201289999941e+01
1.235592572460000049e+01
1.235552911549999955e+01
1.236002397680000087e+01
1.236492785859999977e+01
1.236465909070000002e+01
1.236430724140000059e+01
1.236952682499999945e+01
1.237401914009999970e+01
1.237351105780000005e+01
1.237323792679999990e+01
1.237281325450000047e+01
1.237243278360000076e+01
1.237194384710000072e+01
1.237152681459999926e+01
1.237109358240000034e+01
1.237058756270000082e+01
1.237022210219999963e+01
1.236991850060000075e+01
1.236945664489999963e+01
1.236374566779999995e+01
1.236324215389999992e+01
1.236282085290000055e+01
1.236245941570000006e+01
1.236219719430000019e+01
1.236729962619999945e+01
1.236683833440000058e+01
1.236636366539999976e+01
1.236594387849999954e+01
1.236561560450000030e+01
1.236523363739999937e+01
1.236485237760000011e+01
1.236450594829999972e+01
1.236409828660000088e+01
1.236368316569999948e+01
1.236332372809999924e+01
1.236291383530000054e+01
1.236244586269999957e+01
1.236199500080000035e+01
1.236165481609999972e+01
1.236130795430000084e+01
1.236091346179999917e+01
1.236063027800000036e+01
1.236026958010000065e+01
1.236484670519999973e+01
1.236449373429999987e+01
1.236411191640000062e+01
1.236364434420000080e+01
1.237524132939999966e+01
1.236969879990000010e+01
1.236935121079999966e+01
1.236883299760000021e+01
1.237406863680000058e+01
1.237359325779999963e+01
1.237319923169999925e+01
1.242488666440000067e+01
1.243125470060000026e+01
1.243094266820000016e+01
1.243056326990000038e+01
1.243012738960000085e+01
1.242294654240000007e+01
1.242263170820000084e+01
1.242234086380000058e+01
1.242195535629999981e+01
1.242135898509999947e+01
1.242089022779999929e+01
1.242054522029999930e+01
1.242021714940000088e+01
1.241983533850000043e+01
1.241931774869999927e+01
1.241891968130000024e+01
1.241856832959999934e+01
1.241799878560000003e+01
1.242307858340000060e+01
1.242271698300000082e+01
1.242218067609999999e+01
1.242188093200000054e+01
1.242155906910000063e+01
1.242094533270000056e+01
1.242058495450000066e+01
1.241999434929999957e+01
1.241934864409999939e+01
1.242431501799999971e+01
1.242945544830000060e+01
1.242899427549999913e+01
1.242856037159999971e+01
1.242814909069999985e+01
1.242760120189999995e+01
1.242725937250000001e+01
1.242669752219999957e+01
1.242610400100000057e+01
1.242562955190000018e+01
1.242527451009999950e+01
1.242486972919999921e+01
1.242454174300000069e+01
1.242422195500000015e+01
1.242388923699999914e+01
1.242348532589999976e+01
1.242300908840000062e+01
1.242252383219999956e+01
1.242198821799999919e+01
1.242157956470000002e+01
1.242120723690000084e+01
1.242086850459999958e+01
1.242043128569999944e+01
1.241994298710000066e+01
1.241962614680000065e+01
1.241924860950000031e+01
1.241886956459999958e+01
1.241846498439999991e+01
1.241795321590000079e+01
1.241753193819999979e+01
1.241714693449999984e+01
1.241674975729999986e+01
1.241628936250000059e+01
1.241596300800000030e+01
1.241560313589999964e+01
1.241518795750000059e+01
1.241482850110000058e+01
1.241448197559999933e+01
1.241414736549999986e+01
1.241386627460000014e+01
1.241346560530000076e+01
1.241304435460000022e+01
1.241263371219999989e+01
1.241221287269999962e+01
1.241180039350000008e+01
1.241133062119999941e+01
1.241107607790000067e+01
1.241053877669999927e+01
1.240994523610000044e+01
1.240957231440000008e+01
1.240924824690000072e+01
1.240874094680000006e+01
1.240832659079999978e+01
1.240791186350000075e+01
1.241299832740000042e+01
1.241256832190000026e+01
1.241216083269999970e+01
1.241167333409999962e+01
1.241137828369999951e+01
1.241089482279999956e+01
1.241029876950000066e+01
1.240992480170000078e+01
1.240959194769999918e+01
1.240917232039999973e+01
1.240867969029999962e+01
1.240827642820000065e+01
1.240801106229999995e+01
1.240941898650000041e+01
1.240902436420000043e+01
1.240871297700000042e+01
1.240837682919999985e+01
1.240799008039999940e+01
1.240769906639999931e+01
1.240724912489999987e+01
1.240694738920000084e+01
1.240623684640000057e+01
1.240576696769999998e+01
1.240540429990000071e+01
1.240496755530000073e+01
1.240462195679999979e+01
1.240426577250000051e+01
1.240975553790000063e+01
1.240937595699999996e+01
1.240896819519999994e+01
1.240862388490000079e+01
1.240823051159999935e+01
1.240782010640000088e+01
1.240741609230000009e+01
1.240702319250000052e+01
1.240668561170000039e+01
1.240610659100000035e+01
1.240589410309999963e+01
1.240554785459999998e+01
1.240518458550000069e+01
1.240481390729999944e+01
1.240449043009999919e+01
1.240409932170000040e+01
1.240378020720000052e+01
1.240340817420000086e+01
1.240308361950000027e+01
1.240268422189999953e+01
1.240237719869999999e+01
1.240200794190000089e+01
1.240157018829999913e+01
1.240117582739999946e+01
1.240074317740000076e+01
1.240042263930000033e+01
1.240012063360000028e+01
1.241071478920000004e+01
1.241035769730000027e+01
1.240981883170000089e+01
1.240930073510000042e+01
1.240898697579999954e+01
1.240848389609999991e+01
1.240817649279999912e+01
1.240783033810000013e+01
1.240749637499999913e+01
1.240714338879999978e+01
1.240685475299999929e+01
1.240637095609999996e+01
1.241627966849999964e+01
1.241603338770000065e+01
1.241565620040000084e+01
1.241529381830000034e+01
1.241484772429999950e+01
1.241442028170000000e+01
1.241406129419999971e+01
1.241366491039999964e+01
1.241321656829999931e+01
1.241280728039999914e+01
1.241243455909999938e+01
1.241217328549999976e+01
1.241683107729999946e+01
1.241645307049999936e+01
1.242148327349999981e+01
1.242092203360000013e+01
1.243283939410000016e+01
1.243247074479999981e+01
1.243218284609999991e+01
1.243187435129999940e+01
1.243132803820000021e+01
1.243093726909999930e+01
1.243675063529999925e+01
1.243643438309999993e+01
1.243611057120000041e+01
1.243575928359999949e+01
1.243544044529999937e+01
1.243518906040000083e+01
1.243475229579999919e+01
1.243449576349999930e+01
1.243413170360000031e+01
1.243382262239999925e+01
1.243346811269999996e+01
1.243308726140000076e+01
1.243276037809999934e+01
1.243239990760000069e+01
1.243476559329999986e+01
1.243448117139999987e+01
1.243410564700000087e+01
1.243375439889999967e+01
1.243339305890000013e+01
1.243303622770000061e+01
1.243261746680000002e+01
1.243224159969999931e+01
1.243180171370000053e+01
1.243139113309999999e+01
1.242215480960000029e+01
1.242371806949999957e+01
1.242330063360000025e+01
1.242264754019999984e+01
1.242237489739999923e+01
1.242201891250000045e+01
1.242145544499999943e+01
1.242101643830000057e+01
1.242067514660000072e+01
1.242018198260000084e+01
1.241957844200000061e+01
1.241917295610000060e+01
1.242614374260000076e+01
1.241829541639999945e+01
1.241792251460000074e+01
1.241760745110000030e+01
1.241727441179999936e+01
1.241688439940000066e+01
1.241653265339999912e+01
1.241619046960000006e+01
1.241571703720000031e+01
1.241542851960000071e+01
1.241488160739999991e+01
1.242010097120000012e+01
1.243029335740000008e+01
1.242990349509999959e+01
1.242950844169999947e+01
1.242917313749999941e+01
1.242877292520000054e+01
1.242847174109999919e+01
1.242810142929999984e+01
1.242756677290000056e+01
1.242714839880000000e+01
1.242637026250000076e+01
1.242581170170000071e+01
1.242544819039999915e+01
1.242509178469999931e+01
1.242477363469999929e+01
1.242435794490000056e+01
1.242412179279999940e+01
1.242372767240000009e+01
1.242332554789999932e+01
1.242306872320000011e+01
1.242265121840000042e+01
1.242228610369999942e+01
1.242195314780000004e+01
1.242162187169999932e+01
1.242122411539999938e+01
1.242077543739999967e+01
1.242596754789999913e+01
1.242549763639999938e+01
1.242493127180000023e+01
1.242457618849999967e+01
1.242420513489999934e+01
1.242894910469999914e+01
1.242857756159999916e+01
1.242805384480000086e+01
1.242219826860000076e+01
1.242173162289999944e+01
1.242144073579999919e+01
1.242095036239999928e+01
1.242067357080000001e+01
1.242010197049999931e+01
1.241974927460000089e+01
1.242469067570000085e+01
1.242431655000000035e+01
1.242397133360000083e+01
1.242362587270000063e+01
1.242306936790000016e+01
1.242285792700000080e+01
1.242227442489999945e+01
1.242194625750000014e+01
1.242160117659999941e+01
1.242125990539999947e+01
1.242093297069999913e+01
1.242059023999999923e+01
1.242033769090000028e+01
1.241986869489999989e+01
1.241954815230000087e+01
1.241921140340000029e+01
1.241864249250000007e+01
1.241823331059999980e+01
1.241778751240000034e+01
1.241739743870000012e+01
1.241709363860000082e+01
1.241679256870000003e+01
1.241643776119999920e+01
1.241602774479999916e+01
1.241565464029999966e+01
1.241532025829999952e+01
1.241496744240000005e+01
1.241462385009999991e+01
1.241891844210000073e+01
1.242375284190000073e+01
1.242331340059999967e+01
1.242289819760000036e+01
1.242249071180000008e+01
1.242219891439999913e+01
1.242176186600000065e+01
1.242140403319999997e+01
1.242099911640000087e+01
1.242059768989999924e+01
1.243705349909999924e+01
1.243667469670000081e+01
1.243631711949999996e+01
1.243598273509999963e+01
1.243549403089999927e+01
1.243510694060000077e+01
1.243463281840000079e+01
1.243418058840000029e+01
1.243356754120000041e+01
1.243324680329999943e+01
1.243278072989999927e+01
1.243226524339999983e+01
1.243188642830000035e+01
1.243160383979999928e+01
1.245790123209999933e+01
1.245762472420000044e+01
1.245728229100000028e+01
1.245696958029999912e+01
1.245674624920000007e+01
1.245643950140000022e+01
1.245593121199999942e+01
1.245565478520000013e+01
1.245525423499999995e+01
1.245487807509999989e+01
1.245451853740000026e+01
1.245423202189999934e+01
1.245391382889999932e+01
1.245347784960000048e+01
1.245313381639999939e+01
1.245276802270000083e+01
1.245220850089999942e+01
1.245175195290000048e+01
1.245147061109999953e+01
1.245116003210000066e+01
1.243709577139999922e+01
1.245040491630000012e+01
1.245005983909999969e+01
1.243574408469999959e+01
1.243537751450000073e+01
1.243491008610000037e+01
1.243457044039999992e+01
1.243397659630000085e+01
1.243367745609999986e+01
1.243335680919999930e+01
1.243301945320000002e+01
1.243276615819999975e+01
1.243233146979999937e+01
1.243158711579999931e+01
1.243130911040000086e+01
1.243098912059999961e+01
1.243035768670000074e+01
1.242997596480000055e+01
1.242967035879999926e+01
1.242934316360000047e+01
1.242894359639999990e+01
1.242856480020000021e+01
1.242816822280000011e+01
1.242779047360000000e+01
1.242740338039999948e+01
1.242707685669999940e+01
1.242681606460000054e+01
1.242645982109999991e+01
1.242606332010000081e+01
1.242564195880000000e+01
1.242530487029999975e+01
1.242493848810000046e+01
1.242975765589999959e+01
1.242940714000000035e+01
1.242896767270000069e+01
1.242862627799999942e+01
1.242825994869999917e+01
1.242776147720000068e+01
1.242737952389999911e+01
1.242707176509999911e+01
1.242674295309999977e+01
1.242641630650000018e+01
1.242601592519999976e+01
1.242568862349999925e+01
1.242535535420000059e+01
1.242501295429999963e+01
1.242453697190000028e+01
1.242414902300000001e+01
1.242372520660000035e+01
1.242325525350000071e+01
1.242291903569999967e+01
1.242226328879999997e+01
1.242187957690000033e+01
1.242134660610000019e+01
1.242089522750000086e+01
1.242045203810000054e+01
1.242018840469999930e+01
1.241979350919999980e+01
1.241950183269999997e+01
1.241896945539999919e+01
1.241861841469999916e+01
1.242339875450000086e+01
1.242298670069999922e+01
1.242243485830000083e+01
1.242175173899999940e+01
1.242133961340000070e+01
1.242112717450000048e+01
1.242066806080000063e+01
1.242042150980000059e+01
1.241994008090000001e+01
1.242534286489999928e+01
1.242459458499999947e+01
1.242407695970000070e+01
1.242365125669999948e+01
1.242301703450000083e+01
1.242260006000000061e+01
1.242238445959999993e+01
1.242190863369999931e+01
1.242166123330000005e+01
1.242121061139999938e+01
1.242088017300000047e+01
1.242053473180000012e+01
1.242024366639999933e+01
1.241973273730000038e+01
1.241924982189999938e+01
1.241896737689999952e+01
1.241865998199999943e+01
1.241820663889999921e+01
1.241785152479999965e+01
1.241750612260000075e+01
1.241725780430000015e+01
1.241692103489999965e+01
1.241654318910000043e+01
1.241612851310000032e+01
1.241577043270000047e+01
1.241542113590000085e+01
1.241507781289999990e+01
1.241463297409999988e+01
1.241431492889999966e+01
1.241407374839999989e+01
1.241829510680000048e+01
1.241800682280000068e+01
1.241767155690000024e+01
1.241728441399999916e+01
1.241689586010000035e+01
1.241654276450000083e+01
1.241620904230000022e+01
1.241572348490000088e+01
1.241543772650000044e+01
1.241516572959999998e+01
1.241496224930000025e+01
1.241459563349999939e+01
1.241427319880000013e+01
1.241394345990000048e+01
1.241362408300000020e+01
1.241321956090000000e+01
1.241276768380000028e+01
1.241711828170000054e+01
1.242079206420000048e+01
1.242045335639999948e+01
1.242018706890000068e+01
1.241986849200000087e+01
1.241953725059999947e+01
1.241916604560000081e+01
1.241868016969999999e+01
1.241837292800000014e+01
1.241788336729999997e+01
1.241755332500000009e+01
1.241731430049999929e+01
1.241703733009999944e+01
1.241666887260000074e+01
1.241639280499999920e+01
1.241609350449999916e+01
1.241578681510000060e+01
1.241539151579999967e+01
1.241493437889999996e+01
1.241467902870000017e+01
1.241435353530000008e+01
1.241388474400000064e+01
1.241347749530000044e+01
1.241270538869999918e+01
1.241232000189999951e+01
1.241193052969999933e+01
1.241116938609999920e+01
1.241084715120000048e+01
1.241035803459999975e+01
1.240993614980000004e+01
1.240950560229999944e+01
1.240915799729999947e+01
1.240885932740000008e+01
1.240839301729999988e+01
1.240804019409999981e+01
1.240759416679999916e+01
1.240721680460000087e+01
1.240684310299999993e+01
1.241144770670000064e+01
1.241102255770000085e+01
1.241067239989999926e+01
1.242136053219999958e+01
1.242103772039999932e+01
1.242067600999999932e+01
1.242008148310000060e+01
1.241978095540000027e+01
1.241945353250000039e+01
1.241913325630000031e+01
1.241876838459999988e+01
1.241803050979999945e+01
1.241757161930000031e+01
1.241715623370000010e+01
1.241637025760000057e+01
1.241613028609999958e+01
1.241564038159999939e+01
1.241515966350000078e+01
1.241479055329999959e+01
1.241444816159999931e+01
1.241407635190000036e+01
1.241369557780000044e+01
1.241327867609999913e+01
1.241780238489999988e+01
1.241733197029999936e+01
1.241698334810000048e+01
1.241656214310000017e+01
1.241619517620000046e+01
1.241578479920000078e+01
1.241536235799999943e+01
1.241498543380000008e+01
1.241455615699999981e+01
1.241427380280000037e+01
1.241399753459999999e+01
1.241350140810000013e+01
1.241541050350000042e+01
1.241509477620000013e+01
1.241438661589999981e+01
1.241397694359999981e+01
1.241360734200000060e+01
1.241334964830000054e+01
1.241301549850000008e+01
1.241266443650000006e+01
1.241224868890000010e+01
1.241185791220000034e+01
1.241155591869999952e+01
1.241082149000000001e+01
1.241040427349999931e+01
1.240989854709999918e+01
1.241515010520000040e+01
1.241466721910000004e+01
1.241431090710000085e+01
1.241395907919999964e+01
1.241360198849999996e+01
1.241322460369999980e+01
1.241287419860000085e+01
1.241258185749999932e+01
1.241224653919999987e+01
1.241112687679999915e+01
1.241649042389999913e+01
1.241608789820000069e+01
1.241579422220000062e+01
1.241544464080000054e+01
1.241503908289999991e+01
1.241470661419999999e+01
1.241436442340000035e+01
1.241382061790000080e+01
1.241269206650000001e+01
1.241237327600000029e+01
1.241207083119999943e+01
1.241168524559999931e+01
1.241122972520000012e+01
1.241089042579999990e+01
1.241043143619999967e+01
1.241011310839999915e+01
1.240978497450000084e+01
1.240934910250000023e+01
1.240906568800000009e+01
1.240863262080000062e+01
1.240819252360000036e+01
1.240759712330000042e+01
1.240715676049999949e+01
1.240678165159999935e+01
1.240624337000000033e+01
1.240592234500000046e+01
1.240558994190000064e+01
1.240523924010000023e+01
1.240465296400000028e+01
1.240430103469999956e+01
1.240385580030000057e+01
1.240338084529999918e+01
1.240311109730000005e+01
1.240273381299999933e+01
1.240208114580000043e+01
1.240169889320000074e+01
1.240138141439999941e+01
1.240098747430000081e+01
1.240069223719999947e+01
1.240029821439999935e+01
1.239988817050000058e+01
1.239933220420000026e+01
1.239900298719999938e+01
1.239865400260000072e+01
1.239823916209999943e+01
1.239783927729999924e+01
1.239749081519999940e+01
1.239714225430000027e+01
1.239677134289999927e+01
1.240158577320000077e+01
1.240126942340000049e+01
1.240081334899999987e+01
1.240041685239999936e+01
1.240005245410000079e+01
1.239967138429999949e+01
1.239930250739999984e+01
1.239895777329999937e+01
1.239862678599999946e+01
1.239806463170000050e+01
1.239775240580000037e+01
1.239741872519999966e+01
1.239708938939999960e+01
1.239663272990000031e+01
1.240115533250000013e+01
1.240074950160000000e+01
1.240548013479999945e+01
1.240502077720000074e+01
1.240468530589999929e+01
1.240444819969999912e+01
1.240397542210000026e+01
1.240350053889999948e+01
1.240317028770000007e+01
1.240277343540000032e+01
1.240238254610000013e+01
1.240211080129999921e+01
1.240166335400000008e+01
1.240126529459999993e+01
1.240087739510000020e+01
1.240055250600000036e+01
1.240020522500000055e+01
1.239978943140000034e+01
1.239943473479999980e+01
1.239912183420000069e+01
1.240521946930000041e+01
1.240484987429999997e+01
1.240443925920000012e+01
1.240405419370000040e+01
1.240233085590000073e+01
1.239817943989999982e+01
1.239782708000000078e+01
1.239749199319999917e+01
1.239709601660000082e+01
1.239669405939999969e+01
1.239640532880000023e+01
1.239611301320000081e+01
1.240033570469999979e+01
1.240002268890000003e+01
1.239968056120000028e+01
1.239940171820000003e+01
1.239907295299999923e+01
1.239869182360000011e+01
1.239836237089999926e+01
1.240312741660000029e+01
1.240273429019999973e+01
1.240242771820000023e+01
1.240205542970000074e+01
1.240175615769999951e+01
1.240143683530000018e+01
1.240099557259999941e+01
1.240066302840000034e+01
1.240022265470000029e+01
1.239972714229999973e+01
1.239945305730000058e+01
1.239921551299999969e+01
1.239896105879999944e+01
1.240319740069999987e+01
1.240279746520000081e+01
1.240236263789999960e+01
1.240206207539999994e+01
1.240177670679999977e+01
1.240138861620000021e+01
1.240098789960000047e+01
1.240063140590000046e+01
1.240606084670000087e+01
1.240576523440000045e+01
1.240548657629999951e+01
1.240518149430000072e+01
1.240478788339999916e+01
1.240439828739999939e+01
1.240412101329999928e+01
1.240345839619999957e+01
1.240303896260000016e+01
1.240271435300000036e+01
1.240241357400000055e+01
1.240196094310000063e+01
1.240162405230000076e+01
1.240130433420000067e+01
1.240632362999999927e+01
1.240595050029999946e+01
1.240547887900000035e+01
1.240520271609999980e+01
1.240486769980000048e+01
1.240450963910000048e+01
1.240398695410000052e+01
1.240841647280000082e+01
1.240807477070000076e+01
1.240777133559999967e+01
1.240745997109999976e+01
1.240704170110000071e+01
1.240678762860000006e+01
1.240630514519999927e+01
1.240599626440000058e+01
1.240566211780000039e+01
1.240750437980000065e+01
1.240707126190000054e+01
1.240677914479999977e+01
1.240647874549999941e+01
1.240599922180000014e+01
1.240571817480000050e+01
1.240534165400000077e+01
1.240500469879999912e+01
1.240445649309999965e+01
1.240415281249999957e+01
1.240374772210000032e+01
1.240345280050000021e+01
1.240305243869999963e+01
1.240266966759999967e+01
1.240195182679999952e+01
1.240148424460000065e+01
1.240113153299999915e+01
1.240075002170000040e+01
1.240026293789999912e+01
1.239990410260000075e+01
1.239952321950000069e+01
1.239916542709999980e+01
1.239883448690000023e+01
1.239806836240000010e+01
1.239768703290000040e+01
1.239742201860000037e+01
1.239696855460000080e+01
1.239662459840000075e+01
1.239622710069999911e+01
1.239584309289999986e+01
1.239551548620000077e+01
1.239489528160000020e+01
1.239452404729999913e+01
1.239397558789999998e+01
1.239817702210000050e+01
1.239780854159999990e+01
1.239753430340000051e+01
1.239721069139999976e+01
1.239684242949999948e+01
1.239635989439999975e+01
1.239599858679999933e+01
1.239546138799999930e+01
1.239494280319999930e+01
1.239453038319999933e+01
1.239429921460000017e+01
1.239391776709999959e+01
1.239339817609999983e+01
1.239809140480000060e+01
1.239769912859999934e+01
1.239733432230000076e+01
1.239703160940000082e+01
1.239665497620000068e+01
1.239602983580000028e+01
1.239576723829999949e+01
1.239526023550000033e+01
1.239470655709999924e+01
1.239433290220000039e+01
1.239366127759999969e+01
1.239328380329999924e+01
1.239289118409999979e+01
1.239246938389999997e+01
1.239779257080000008e+01
1.239750098790000088e+01
1.239691285179999980e+01
1.239654904660000057e+01
1.239618510550000074e+01
1.239580756980000054e+01
1.239548848589999963e+01
1.239508878280000026e+01
1.239483952430000002e+01
1.239455325720000012e+01
1.239411094489999954e+01
1.239380613740000037e+01
1.239346663849999963e+01
1.239299056029999946e+01
1.239264962120000035e+01
1.239235206190000049e+01
1.239199560009999956e+01
1.239161549359999981e+01
1.239134048070000027e+01
1.239085231700000023e+01
1.239059518390000036e+01
1.239478101989999992e+01
1.239451822700000072e+01
1.239417221719999951e+01
1.239380410190000070e+01
1.239327654599999917e+01
1.239295596969999913e+01
1.239259747760000074e+01
1.239225721170000050e+01
1.239193758310000071e+01
1.239140454260000013e+01
1.239116138430000014e+01
1.239391712579999982e+01
1.239869463259999982e+01
1.239828344750000078e+01
1.240338813830000042e+01
1.240310650290000005e+01
1.240256355740000060e+01
1.240210107280000074e+01
1.240172591840000038e+01
1.240144716790000068e+01
1.240104869950000044e+01
1.240059671200000047e+01
1.240027054409999963e+01
1.239986962619999922e+01
1.239951440429999963e+01
1.239914232849999998e+01
1.239870681740000080e+01
1.239843193049999925e+01
1.239811250180000002e+01
1.239760153199999948e+01
1.239681719600000065e+01
1.239635313700000019e+01
1.239599898690000046e+01
1.239561433409999935e+01
1.239522301569999918e+01
1.239491609230000080e+01
1.239451837290000036e+01
1.239420987479999958e+01
1.239385177660000004e+01
1.239340680139999940e+01
1.239301862720000003e+01
1.239267987690000083e+01
1.239237156679999963e+01
1.239172823540000046e+01
1.239131214939999914e+01
1.239097473510000036e+01
1.239053557439999942e+01
1.239025279590000039e+01
1.238994383340000027e+01
1.238950572060000077e+01
1.238916302390000013e+01
1.238879017480000044e+01
1.238844183580000013e+01
1.238817296330000062e+01
1.238777534769999988e+01
1.238736674189999931e+01
1.238667967920000024e+01
1.238612352430000030e+01
1.238573157859999974e+01
1.238533965180000074e+01
1.238503511729999929e+01
1.238454925379999949e+01
1.238426096769999951e+01
1.238398191619999977e+01
1.238372025680000021e+01
