-1.177835545692394348e+01
-1.177787551453358894e+01
-1.178302074517771381e+01
-1.178270988893208404e+01
-1.178228351002850260e+01
-1.178193694986167550e+01
-1.178161341918669258e+01
-1.178111840427248680e+01
-1.178620083185321832e+01
-1.178586106935430244e+01
-1.178538996987713183e+01
-1.178504851438180978e+01
-1.178458435488734679e+01
-1.178414630842243938e+01
-1.178890582815113319e+01
-1.178850021723004637e+01
-1.211738215645516448e+01
-1.211706304331084638e+01
-1.211648490989066218e+01
-1.212197556325223502e+01
-2.096548604520345549e+01
-1.212767559595820188e+01
-1.212707080294885742e+01
-1.212672467139323373e+01
-1.212633398119111483e+01
-1.212607467568806108e+01
-1.212564690156513691e+01
-1.212515955535661938e+01
-1.212477500985269607e+01
-1.213023485289910930e+01
-1.212983604142863925e+01
-1.212950073392793193e+01
-1.212899894915583410e+01
-1.212834229635797278e+01
-1.212767950892444269e+01
-1.212730058321142401e+01
-1.212693631311594800e+01
-1.212661163402065689e+01
-1.212615093457394622e+01
-1.212567279444119883e+01
-1.212519446657505640e+01
-1.212495568483761232e+01
-1.212441081312473123e+01
-1.212398455715609202e+01
-1.212357042211097458e+01
-1.212323971863432170e+01
-1.212287225414436165e+01
-1.212242672063550053e+01
-1.212201715586290085e+01
-1.212171240874859812e+01
-1.212137760456437441e+01
-1.212098482732642424e+01
-1.212038774744976344e+01
-1.212002065078146096e+01
-1.211935737850023109e+01
-1.211901383531350085e+01
-1.211866733434691845e+01
-1.211836603339191676e+01
-1.211795860230946786e+01
-1.211755901433117444e+01
-1.211725010059738139e+01
-1.211678864271043388e+01
-1.211638880339457280e+01
-1.211602004865412496e+01
-1.210884880126565832e+01
-1.211534650154533033e+01
-1.211499574718192029e+01
-1.211470741619224611e+01
-1.211429850984028889e+01
-1.211403135828320465e+01
-1.211364280792769144e+01
-1.211326852342410909e+01
-1.211275346590115909e+01
-1.211219917426435089e+01
-1.211190374482368348e+01
-1.211151805734756870e+01
-1.211114888265839085e+01
-1.211083814748082332e+01
-1.211029648602895925e+01
-1.210984170542133675e+01
-1.210946687649187936e+01
-1.210901453641677428e+01
-1.210864907253600364e+01
-1.211385427113421542e+01
-1.211338776034878606e+01
-1.211299583514394840e+01
-1.211262820945692908e+01
-1.211232150684300812e+01
-1.211165075913245737e+01
-1.211121813437432237e+01
-1.211086669693956885e+01
-1.211042773087787339e+01
-1.211007996404010356e+01
-1.210966731528031204e+01
-1.210933473999440757e+01
-1.210886662790333901e+01
-1.210852338188661115e+01
-1.210819405767995605e+01
-1.210780371503461694e+01
-1.210748187126691100e+01
-1.210720573330997141e+01
-1.210683548873094573e+01
-1.210652951580423498e+01
-1.210600649297236764e+01
-1.210548282424720412e+01
-1.210981302117193259e+01
-1.210946701281942595e+01
-1.210909006234284924e+01
-1.210878772289472316e+01
-1.210850545190871586e+01
-1.210814388817848197e+01
-1.210780543798511211e+01
-1.210733064666366232e+01
-1.210688704676597105e+01
-1.210646136593313393e+01
-1.210593666166804105e+01
-1.212066985321300550e+01
-1.212030296346683045e+01
-1.211998869348344954e+01
-1.211962908333656763e+01
-1.211926154905914110e+01
-1.211857490287992967e+01
-1.211822517315969350e+01
-1.211782249675431977e+01
-1.211743827874412460e+01
-1.211702739057636613e+01
-1.211654153415901192e+01
-1.211608175082909966e+01
-1.211574811532931761e+01
-1.211527059405820417e+01
-1.211494144967960018e+01
-1.211458331903487995e+01
-1.211421425465395352e+01
-1.211383577109433674e+01
-1.211341272140391823e+01
-2.024501711950709648e+01
-1.211856402638084340e+01
-1.211819576040306856e+01
-1.211783443776522873e+01
-1.211741851136170567e+01
-1.211707555620351862e+01
-1.211648013253407363e+01
-1.211595659893631449e+01
-1.211547317758099851e+01
-1.211502234353974750e+01
-1.211469702738786758e+01
-1.211960990991358678e+01
-1.211927774860035711e+01
-1.213237612894590178e+01
-1.213193009268164779e+01
-1.213165862375845805e+01
-1.213686351346768433e+01
-1.214218198212156530e+01
-1.214173721371875558e+01
-1.214641574648548072e+01
-1.214615306304496656e+01
-1.214573408090532070e+01
-1.214537688327229503e+01
-1.214497173606676306e+01
-1.214467772775556043e+01
-1.214430312811072632e+01
-1.214803866508155927e+01
-1.215392681574657452e+01
-1.215352959851166581e+01
-1.215307416883826086e+01
-1.216417185073213680e+01
-1.216331643159512232e+01
-1.216294206515586218e+01
-1.216261438437374309e+01
-1.216219550670897398e+01
-1.216180472997296214e+01
-1.216141968894065606e+01
-1.216111136936888570e+01
-1.216083485798211505e+01
-1.216048116193824136e+01
-1.216471348738192582e+01
-1.216443337145346248e+01
-1.216403082668805880e+01
-1.216366054933807384e+01
-1.216335288309914375e+01
-1.216294202157657800e+01
-1.216254765518897152e+01
-1.216214834588995508e+01
-1.216181646545310358e+01
-1.216142486858554861e+01
-1.216100751942204639e+01
-1.216460389336137204e+01
-1.216427620786933339e+01
-1.216395649403837531e+01
-1.216368314394500949e+01
-1.216326430553206350e+01
-1.216283346972904056e+01
-1.216239522070648249e+01
-1.216204833705834076e+01
-1.216166287468067075e+01
-1.216120438400220749e+01
-1.216086676431840097e+01
-1.216050984535426949e+01
-1.215997146027241804e+01
-1.216482588585335733e+01
-1.216451252224565849e+01
-1.216427210211834975e+01
-1.216387192964066877e+01
-1.216344657149701902e+01
-1.216307835676798454e+01
-1.216271547897025762e+01
-1.216233374227616437e+01
-1.216184959074295868e+01
-1.216150743168065596e+01
-1.216109563588452502e+01
-1.216075930859664389e+01
-1.216043779954750548e+01
-1.215975652101200311e+01
-1.215936783959702971e+01
-1.215891183489078564e+01
-1.215846824831941575e+01
-1.215808075488731177e+01
-1.215771982400559637e+01
-1.215731787647433570e+01
-1.215709548110000426e+01
-1.215668910770924960e+01
-1.215630284897308222e+01
-1.215589785307552084e+01
-1.215552031649361453e+01
-1.215490554532711087e+01
-1.215451116553627209e+01
-1.215409309436730112e+01
-1.215937937350718023e+01
-1.215903029641519240e+01
-1.215861940840647648e+01
-1.216334765967809339e+01
-1.216301053560996870e+01
-1.216260004686343876e+01
-1.216216899306802901e+01
-1.216171885047680234e+01
-2.281466638485560239e+01
-1.219781110306063887e+01
-1.219737382393734215e+01
-1.219689761406793771e+01
-1.219649443181893744e+01
-1.219614913041036708e+01
-1.220756098843612314e+01
-1.220693297121154330e+01
-1.220642563977400208e+01
-1.220611704326016067e+01
-1.220565591095273916e+01
-1.221079520721274747e+01
-1.221049998791968427e+01
-1.221016227589179692e+01
-1.220986708280745958e+01
-1.220949775440879037e+01
-1.220912921827402187e+01
-1.220846470279210827e+01
-1.220811061660997332e+01
-1.220767397989420111e+01
-1.220688311938656945e+01
-1.220664338023797235e+01
-1.220624405589816419e+01
-1.220539802804431595e+01
-1.220483236436071373e+01
-1.220447733195557127e+01
-1.220410051836569210e+01
-1.220374138575202316e+01
-1.220343459651707008e+01
-1.220300175127002618e+01
-1.220259225244989310e+01
-1.220212532092695490e+01
-1.220177738689499591e+01
-1.220136199383041387e+01
-1.220088665773191217e+01
-1.220059711486702625e+01
-1.220023078603771616e+01
-1.219938920726730558e+01
-1.221057791815120375e+01
-1.221529140038435202e+01
-1.221478641036708268e+01
-1.221432056738380467e+01
-1.221395890074325763e+01
-1.221358638866248114e+01
-1.221312938176636287e+01
-1.221272630950486615e+01
-1.221239837618920454e+01
-1.221208535407932416e+01
-1.221167208786862446e+01
-1.221137656307049824e+01
-1.221104040681762370e+01
-1.221060269006120613e+01
-1.221018334423567708e+01
-1.220959895359017899e+01
-1.220913685230149426e+01
-1.220869089070351166e+01
-1.220817988822593847e+01
-1.220794035526281363e+01
-1.220757829316844578e+01
-1.220684585658427324e+01
-1.220645588579103169e+01
-1.220605211115231370e+01
-1.221150087378793536e+01
-1.221116093210637921e+01
-1.221079010298518952e+01
-1.222160972487861841e+01
-1.222124386109563510e+01
-1.222073576496381975e+01
-1.222038209927602814e+01
-1.220919996469014279e+01
-1.220852078327171597e+01
-1.220807577725162929e+01
-1.221223971100507022e+01
-1.221816928745117004e+01
-1.221785495225684492e+01
-1.221753942890258315e+01
-1.221691829594441181e+01
-1.221647730030822387e+01
-1.221576172658458503e+01
-1.222115283776742523e+01
-1.222081511279979082e+01
-1.222042905229006671e+01
-1.221995226460238371e+01
-1.221964364495433486e+01
-1.221927439942331794e+01
-1.221869577224705061e+01
-1.221836226210396603e+01
-1.221798642304293026e+01
-1.221744061297557771e+01
-1.221703781816153089e+01
-1.221671079594980824e+01
-1.221590763502893751e+01
-1.221551169563214678e+01
-1.222082580718285527e+01
-1.222643865685251541e+01
-1.222602731305561719e+01
-1.221917906445991164e+01
-1.221878849458040683e+01
-1.221838908278397007e+01
-1.221797647135714371e+01
-1.221758540293215489e+01
-1.221723516466353843e+01
-1.221686910124212133e+01
-1.221646102131267853e+01
-1.221607921116196493e+01
-1.221574981601285792e+01
-1.221541955718789652e+01
-1.221506687629620203e+01
-1.221450784494549247e+01
-1.221853788141487129e+01
-1.221817061906583390e+01
-1.221781415019925987e+01
-1.221745773813562330e+01
-1.221703973128012066e+01
-1.222238794893034886e+01
-1.222199066236257892e+01
-1.222135332203490421e+01
-1.222088494058907493e+01
-1.222054754830095646e+01
-1.222016884832695993e+01
-1.221977377675575838e+01
-1.221935896820859568e+01
-1.221897776543178971e+01
-1.221859628896214467e+01
-1.221824785699574356e+01
-1.221784668031364696e+01
-1.221739426446578136e+01
-1.221698350214482254e+01
-1.221669398939488893e+01
-1.221643722764784634e+01
-1.221590687832037148e+01
-1.221560706502324756e+01
-1.221514118245837111e+01
-1.221471268527546528e+01
-1.221432167658787371e+01
-1.221391545998998929e+01
-1.221921505518647599e+01
-1.221879815692335036e+01
-1.221845106020321658e+01
-1.221812609865778221e+01
-1.221775876072621791e+01
-1.222129827730249119e+01
-1.222105394610021634e+01
-1.222072665651278811e+01
-1.222013538412858225e+01
-1.221966477671281837e+01
-1.221897051857045113e+01
-1.221856422857331737e+01
-1.221822479747141088e+01
-1.221778172832575393e+01
-1.221731313921437945e+01
-1.221673144973037317e+01
-1.221637219961412768e+01
-1.221590529283133542e+01
-1.221551677691467219e+01
-1.221519116373494462e+01
-1.221469211565973900e+01
-1.221432373600012511e+01
-1.221395980393923786e+01
-1.221342631673554457e+01
-1.221304991461818368e+01
-1.221269639225442383e+01
-1.221222212806020480e+01
-1.221173306622756449e+01
-1.221132676892738367e+01
-1.221102572566159061e+01
-1.221066393839847208e+01
-1.221028470904976437e+01
-1.220992184167091388e+01
-1.221384705243276514e+01
-1.221350904008438931e+01
-1.221308442522033388e+01
-1.221281794273437171e+01
-1.221252968963534968e+01
-1.221215619230705585e+01
-1.221179822260545578e+01
-1.221144213774433318e+01
-1.221104032490927693e+01
-1.221062505928463970e+01
-1.220737686415619727e+01
-1.220696709667129909e+01
-1.220649614701810570e+01
-1.220617904327209580e+01
-1.220581422587807197e+01
-1.220544448324302600e+01
-1.220503079343480124e+01
-1.220467754205103894e+01
-1.220422116211271302e+01
-1.220383915749792969e+01
-1.220321798324968654e+01
-1.220275934536472562e+01
-1.220238421927486350e+01
-1.220192978745993528e+01
-1.220134018612071536e+01
-1.220085792296096550e+01
-1.220043250685244551e+01
-1.219976143430153925e+01
-1.219931450310780896e+01
-1.219896264416612830e+01
-1.219868038911860708e+01
-1.219828646967065922e+01
-1.219790121269983985e+01
-1.219757203170085269e+01
-1.219722787537412856e+01
-1.220217635463747641e+01
-1.220183758103357441e+01
-1.220153278222307236e+01
-1.220116702547475107e+01
-1.220606980929475149e+01
-1.220557722237463771e+01
-1.220492511974067895e+01
-1.220147467154101051e+01
-1.220092129363392885e+01
-1.219452440438634078e+01
-1.217732375781541521e+01
-1.218164953839128373e+01
-1.218133342654700435e+01
-1.218625136120740216e+01
-1.218597387653194453e+01
-1.218542598766772400e+01
-1.218493881486348762e+01
-1.218446677203191619e+01
-1.218400646226955253e+01
-1.218361110303784045e+01
-1.220030300993713013e+01
-1.219988600974219928e+01
-1.219927043399910715e+01
-1.219879956378832198e+01
-1.219848949067822019e+01
-1.219776366926966915e+01
-1.219735440160343387e+01
-1.219701271628961159e+01
-1.219655680299135625e+01
-1.219614210309259406e+01
-1.220165454132659200e+01
-1.220542921479592202e+01
-1.220502018860746141e+01
-1.221133921733477123e+01
-1.221100681247067499e+01
-1.221043738505953513e+01
-1.221005840368154161e+01
-1.220960285620811803e+01
-1.220917037624038315e+01
-1.220877928074198948e+01
-1.220847347611159783e+01
-1.220952947500830810e+01
-1.220916334844208428e+01
-1.220872674124646551e+01
-1.220832409885265513e+01
-1.220770821060230915e+01
-1.220731760005310207e+01
-1.220694569741061208e+01
-1.220653483411086171e+01
-1.220613419201986005e+01
-1.220571833232203218e+01
-1.220517549566220694e+01
-1.220478115170135425e+01
-1.220436880401224400e+01
-1.220412125690804217e+01
-1.220898569092647890e+01
-1.218841823224272325e+01
-1.218796742760802410e+01
-1.218754046206489683e+01
-1.218719290465630145e+01
-1.218679849473011600e+01
-1.218633184270647440e+01
-1.218595896835411274e+01
-1.218529193300655322e+01
-1.218480684772502975e+01
-1.218445198077209568e+01
-1.218407532133414861e+01
-1.218373146492104020e+01
-1.218349427348673331e+01
-1.218310695074300831e+01
-1.218273930186524368e+01
-1.218244021286054668e+01
-1.218205474228108542e+01
-1.218166499768108935e+01
-1.218135248284213468e+01
-1.218095847779934715e+01
-1.218563689004784045e+01
-1.218528708388349102e+01
-1.218488652348393408e+01
-1.218456245065286758e+01
-1.218417047098785844e+01
-1.218380984391465560e+01
-1.218344690136607689e+01
-1.218308423122798700e+01
-1.218278859859427321e+01
-1.218251355335632091e+01
-2.339211763127261534e+01
-1.220878339726026240e+01
-1.220838044829714697e+01
-1.220810960381317400e+01
-1.221364411716849041e+01
-1.222272501676324019e+01
-1.222821432698823862e+01
-1.223279816344223825e+01
-1.223783064803355103e+01
-1.224051182547130345e+01
-1.224523458202066095e+01
-1.224477429716892019e+01
-1.224445677349924644e+01
-1.224407446236547869e+01
-1.224372578054259009e+01
-1.224325565422294027e+01
-1.224286510159610586e+01
-1.224246642107802963e+01
-1.224205638173348376e+01
-1.955090150097008106e+01
-1.225357779788813062e+01
-1.225322801515557281e+01
-1.225291570364045413e+01
-1.225247576966733121e+01
-1.225210466716488789e+01
-1.225176449410295199e+01
-1.225133785955151211e+01
-1.225072657640403939e+01
-1.225033313868548923e+01
-1.225005010231507541e+01
-1.224959407015409241e+01
-1.224913757357936994e+01
-1.224883979169568526e+01
-1.224847683577619861e+01
-1.224228453477412693e+01
-1.224183661641133014e+01
-1.224149004702659838e+01
-1.224105963337368763e+01
-1.224059576933204241e+01
-1.224029102762721166e+01
-1.224002100323447983e+01
-1.224531693253347164e+01
-1.224498943263320072e+01
-1.224467534977232397e+01
-1.224436794494113201e+01
-1.224403583036321130e+01
-1.224362765420479704e+01
-1.224328001110446706e+01
-1.224291556028576444e+01
-1.224259553811616641e+01
-1.224220681384591281e+01
-1.224161823188167197e+01
-1.224131377224482620e+01
-1.224093062940033327e+01
-1.224044935718888993e+01
-1.223998096091141008e+01
-1.223963692542583104e+01
-1.223919708003566065e+01
-1.223867701965266441e+01
-1.223831166016555549e+01
-1.223790424658417741e+01
-1.223746796975211737e+01
-1.223714967188971059e+01
-1.223673516804938899e+01
-1.223631242896256666e+01
-1.223591456225240570e+01
-1.223551795439761847e+01
-1.223512833077295348e+01
-1.223478470392963757e+01
-1.223433498070284742e+01
-1.223389986236286475e+01
-1.223343079359858621e+01
-1.223307516598835498e+01
-1.223271436231843623e+01
-1.223222286396082659e+01
-1.223173627929339524e+01
-1.223138464487658261e+01
-1.223088217744395934e+01
-1.223096825605895610e+01
-1.223059809260734276e+01
-1.223028336523043968e+01
-1.222987138026576126e+01
-1.223476572848730015e+01
-1.223437552728223388e+01
-1.223395826183891266e+01
-1.224446355951844190e+01
-1.224410395241254257e+01
-1.224365665052371632e+01
-1.224329986181705365e+01
-1.224295588729147077e+01
-1.224244729739759840e+01
-1.224203659076186312e+01
-1.224163787337379006e+01
-1.224119295837132171e+01
-1.224627204812904324e+01
-1.224581801230933564e+01
-1.224541919940330104e+01
-1.224504168309158381e+01
-1.224462142495601391e+01
-1.224424660412178945e+01
-1.224383718845824554e+01
-1.224341418948341520e+01
-1.224304466114013756e+01
-1.224254199291033984e+01
-1.224210072246438408e+01
-1.224166575250985822e+01
-1.224107574081450167e+01
-1.224072840941597562e+01
-1.224022748288749440e+01
-1.223982850253876364e+01
-1.223938736970664465e+01
-1.223907216183334690e+01
-1.223882117008637849e+01
-1.223852923573105933e+01
-1.223815345985184777e+01
-1.223772756911311355e+01
-1.222234951777343070e+01
-1.223697076624084268e+01
-1.224244077979220435e+01
-1.224211153088436532e+01
-1.224164373586345711e+01
-1.224117510763864125e+01
-1.224076349370889893e+01
-1.224041811514059575e+01
-1.224009085738095948e+01
-1.223960268323105716e+01
-1.223919069326873377e+01
-1.223876385828588731e+01
-1.223844677557454297e+01
-1.223810084727831793e+01
-1.223762710838006562e+01
-1.223729767866346130e+01
-1.223700601771068541e+01
-1.223651754834854977e+01
-1.223617703541397006e+01
-1.223576926267159592e+01
-1.223547206978924784e+01
-1.223512159938206700e+01
-1.223470903068114701e+01
-1.223437868318799637e+01
-1.223404890846989090e+01
-1.223365013914681931e+01
-1.223304857429813808e+01
-1.223261298457426527e+01
-1.223204062591132235e+01
-1.223169513273760600e+01
-1.223135271605463181e+01
-1.223093135010695853e+01
-1.223050761091091410e+01
-1.223022096447618701e+01
-1.222976776972680391e+01
-1.222922859375349347e+01
-1.222872146758770029e+01
-1.222843117378186406e+01
-1.222811681376454729e+01
-1.222779458255524432e+01
-1.222730093408594776e+01
-1.222697558507152316e+01
-1.222672088986030658e+01
-1.222639713898285763e+01
-1.222581778396986607e+01
-1.222515248844749536e+01
-1.222484919232995182e+01
-1.222452106944582617e+01
-1.222416807600868438e+01
-1.222385559667690202e+01
-1.222331444741642237e+01
-2.308238027197086595e+01
-1.223559175914231467e+01
-1.223500727523557252e+01
-1.223979416235006035e+01
-1.223941734915889334e+01
-1.223899303425042007e+01
-1.223860120460360257e+01
-1.223832037288261887e+01
-1.223261905624903356e+01
-1.223203826726309984e+01
-1.223148760788787115e+01
-1.223079429133379570e+01
-1.223056745823447145e+01
-1.223013142219244997e+01
-1.222973886021507894e+01
-1.223469531682611233e+01
-1.223443778187608544e+01
-1.223407718897514407e+01
-1.223347890350503775e+01
-1.223314410778009531e+01
-1.223230540796541455e+01
-1.223190944517328482e+01
-1.223157056638256002e+01
-1.223117930945151421e+01
-1.223083597519882915e+01
-1.223036260028818667e+01
-1.223006632799060434e+01
-1.223485645486108275e+01
-1.223442257664288135e+01
-1.223411662865420091e+01
-1.223376427594745586e+01
-1.223332498232691634e+01
-1.223295443318099807e+01
-1.223252361425800494e+01
-1.223200830221445834e+01
-1.223160788527551901e+01
-1.223734104680049484e+01
-1.224205778362252772e+01
-1.224167128412726768e+01
-1.224137607288414920e+01
-1.224098058795552291e+01
-1.224058716983300243e+01
-1.224569218826619377e+01
-1.224537860760285213e+01
-1.225013463570607186e+01
-1.224981155315678549e+01
-1.224948002041783113e+01
-1.224898040246808684e+01
-1.224886499703517373e+01
-1.224830230571804535e+01
-1.224791847471630213e+01
-1.224241206437692675e+01
-1.224178486220601414e+01
-1.224680405183964815e+01
-1.224637768447877484e+01
-1.224592870714071147e+01
-1.224551292538670921e+01
-1.225060640820803037e+01
-1.225015375700210107e+01
-1.224976474414382643e+01
-1.224929673396923491e+01
-1.224895898943139017e+01
-1.224856116496787095e+01
-1.224820620084573441e+01
-1.224771764191871526e+01
-1.224724575967656826e+01
-1.224684078222037620e+01
-1.224652236485781209e+01
-1.225152252288455834e+01
-1.225113141081723533e+01
-1.225126709450440998e+01
-1.225083847152755645e+01
-1.225053398931516213e+01
-1.225483445653968317e+01
-1.226467643350621728e+01
-1.228421424212232438e+01
-1.229362129439997808e+01
-1.229328452395602334e+01
-1.228766796437548514e+01
-1.229160025585878380e+01
-1.229077161747890656e+01
-1.229553102166024381e+01
-1.229980399517723910e+01
-1.229939427886541203e+01
-1.229921489641694876e+01
-1.229353760858764488e+01
-1.229760045536765212e+01
-1.229225825631317903e+01
-1.229202161499405754e+01
-1.229695707392822968e+01
-1.230145359896395796e+01
-1.230118561782310671e+01
-1.230544325282959583e+01
-1.230504483163632301e+01
-1.230475459371166735e+01
-1.230426862110603992e+01
-1.230389389366103892e+01
-1.230351938397426181e+01
-1.230291351481087503e+01
-1.230255459807170126e+01
-1.230215710678918661e+01
-1.230190484530570494e+01
-1.230162315913165294e+01
-1.230939264580361758e+01
-1.230866218717469529e+01
-1.231373278386435643e+01
-1.231325285480496490e+01
-1.231282933137929270e+01
-1.231251123221813337e+01
-1.231711053545499723e+01
-1.231682034206952459e+01
-1.231701296237645415e+01
-1.231661425744233540e+01
-1.231627867924911968e+01
-1.231580338210730297e+01
-1.231560222030319807e+01
-1.231511272407939828e+01
-1.231478955673107123e+01
-1.231436593648281352e+01
-1.231401307590413907e+01
-1.231393055730806552e+01
-1.231327441978119452e+01
-1.231297226702826464e+01
-1.231797665421889221e+01
-1.231761514853479156e+01
-1.231718644814386820e+01
-1.231676809713538212e+01
-1.231635461008096044e+01
-1.231602941725123301e+01
-1.231560353508834815e+01
-1.231516268708686290e+01
-1.230615770039254997e+01
-1.230575142910398689e+01
-1.230538390096792511e+01
-1.232106839859444847e+01
-1.232075141832458343e+01
-1.232032680579357020e+01
-1.231968774943362455e+01
-1.231405110264952008e+01
-1.231376419718633741e+01
-1.231340056878164013e+01
-1.231303394952960062e+01
-1.231223964052743547e+01
-1.231677617249423839e+01
-1.232128122719882946e+01
-1.232095778817973653e+01
-1.232055665935625832e+01
-1.232018705614133403e+01
-1.231972278935873355e+01
-1.232148373209092895e+01
-1.232742002704964790e+01
-1.232698538649736442e+01
-1.233116359131706119e+01
-1.233184773751671237e+01
-1.233144978586707374e+01
-1.233092074065180377e+01
-1.233050039540405152e+01
-1.924642666941149116e+01
-1.233337233405220168e+01
-1.234270609848788425e+01
-1.234221327424783254e+01
-1.234184849694682207e+01
-1.234145838222391589e+01
-1.234119114006240459e+01
-1.234082929217300517e+01
-1.234044748993270346e+01
-1.234018064815842841e+01
-1.233986965639906508e+01
-1.233943983787103349e+01
-1.233895792937610736e+01
-1.233598032608426642e+01
-1.233550455598761886e+01
-1.233508055977520179e+01
-1.233474978113260789e+01
-1.233439497233966975e+01
-1.234026932247250663e+01
-1.233990829494721453e+01
-1.233954384798202142e+01
-1.233880108027709177e+01
-1.233835198270371158e+01
-1.233795586450845683e+01
-1.233764938415687418e+01
-1.233735234510131562e+01
-1.233705745428282796e+01
-1.233668368208981114e+01
-1.233634397612463829e+01
-1.233569801208147432e+01
-1.233526586540837755e+01
-1.233487059616943249e+01
-1.234122374043370485e+01
-1.234082476028345177e+01
-1.234042637209299365e+01
-1.234001459666017197e+01
-1.233970684896895698e+01
-1.233937675380592935e+01
-1.233867549320887846e+01
-1.233834537554911037e+01
-1.233806801841021361e+01
-1.233772455183305361e+01
-1.233744161738176537e+01
-1.233720198834902959e+01
-1.233677945914641683e+01
-1.233651073799797437e+01
-1.233609740535945853e+01
-1.233563953775805544e+01
-1.233516532242057018e+01
-1.233474689839239957e+01
-1.233446539582568136e+01
-1.233407281651497200e+01
-1.233369093701845642e+01
-1.233322756885116078e+01
-1.233289198220293237e+01
-1.234016904129923375e+01
-1.233986351991987718e+01
-1.233944575664459364e+01
-1.233898424613025391e+01
-1.234416907744426872e+01
-1.234419704207924440e+01
-1.233833953660417748e+01
-1.234429914002109641e+01
-1.234384594536069635e+01
-1.234334416351316754e+01
-1.234296539001191562e+01
-1.234253880734388531e+01
-1.234212342530064710e+01
-1.234142742016014083e+01
-1.234080450142234930e+01
-1.234025969850900850e+01
-1.235082795596801652e+01
-1.235049704045854213e+01
-1.235011296959309135e+01
-1.234934569018922090e+01
-1.234893002731311107e+01
-1.234860053523712864e+01
-1.234816536810150822e+01
-1.234778945435585662e+01
-1.234708620365607956e+01
-1.234668807499044796e+01
-1.234633857235540688e+01
-1.234602162374779866e+01
-1.234564255057267701e+01
-1.234531486958503343e+01
-1.234498598149095727e+01
-1.234451075707195677e+01
-1.234414211046677678e+01
-1.234382137385257394e+01
-1.234325781756520790e+01
-1.234263014758245625e+01
-1.234200422080148307e+01
-1.234155809567060480e+01
-1.234129473306052560e+01
-1.234095444211786052e+01
-1.234019492877242818e+01
-1.233991830850290761e+01
-1.233950397586713521e+01
-1.233903870536736669e+01
-1.233865567603775659e+01
-1.233818172695999316e+01
-1.233785073969277235e+01
-1.233752473013522000e+01
-1.233713033669147130e+01
-1.233675588408905455e+01
-1.233631596775382455e+01
-1.233594439147019806e+01
-1.233553812557135743e+01
-1.233525465203720728e+01
-1.233491706155141543e+01
-1.233437560542954081e+01
-1.233401451197991427e+01
-1.233362509105248428e+01
-1.233327684598486229e+01
-1.233828348459267055e+01
-1.234335651769226239e+01
-1.234294540856565980e+01
-1.234253273496082848e+01
-1.234229172021499998e+01
-1.234723275539287890e+01
-1.234670880888374178e+01
-1.234626945418250266e+01
-1.234594729481005082e+01
-1.234561699841074045e+01
-1.234521104588628404e+01
-1.234485413078341765e+01
-1.234440768605963967e+01
-1.234392521102247287e+01
-1.234341033225952700e+01
-1.234284924030294839e+01
-1.234239593789983758e+01
-1.234203848437546647e+01
-1.234147375196788410e+01
-1.249649106675021137e+01
-1.249144044821665744e+01
-1.248068676644238728e+01
-1.248099311087913144e+01
-1.230457409986243178e+01
-1.230409360576083522e+01
-1.230371492191963512e+01
-1.230334956986852291e+01
-1.230297220568093586e+01
-1.230230447074827893e+01
-1.230202163171393082e+01
-1.230159293356527250e+01
-1.230114486853687872e+01
-1.230084109224257283e+01
-1.230053235352504792e+01
-1.230026554247428727e+01
-1.229978381912809837e+01
-1.229940899925474262e+01
-1.229899275887261823e+01
-1.229860940910650768e+01
-1.229827985652995714e+01
-1.229778254334599907e+01
-1.229742404673877942e+01
-1.229700809792135274e+01
-1.229671720334951601e+01
-1.229643136162349215e+01
-1.229608226029096940e+01
-1.229563975293944011e+01
-1.229537409138702841e+01
-1.229477200140642523e+01
-1.229421423192421337e+01
-1.231343117551966060e+01
-1.231722534959590831e+01
-1.232751204480263674e+01
-1.232734626055061966e+01
-1.232695679350598539e+01
-1.232656421940048830e+01
-1.233110678082184108e+01
-1.233049952734171661e+01
-1.232988626062448567e+01
-1.233471758072491475e+01
-1.233936708166540441e+01
-1.234466030838370720e+01
-1.234423663846636998e+01
-1.234369463446511439e+01
-1.234310335014626858e+01
-1.234854871314456304e+01
-1.234816647439056680e+01
-1.235166715473420140e+01
-1.235134889222996613e+01
-1.235096270375320238e+01
-1.235057671129212231e+01
-1.235019509908687319e+01
-1.234973667817339660e+01
-1.234937247499159163e+01
-1.234893619913055396e+01
-1.234860451390872704e+01
-1.234801869049023182e+01
-1.234756448644120752e+01
-1.234728202696989463e+01
-1.234282039753292004e+01
-1.234223387906374647e+01
-1.234181910002559768e+01
-1.234147444005411742e+01
-1.234110789952712572e+01
-1.234073299524358625e+01
-1.234033674332378538e+01
-1.233991202873487225e+01
-1.234446737534876171e+01
-1.234448997350694910e+01
-1.234946345398174294e+01
-1.234905635952203440e+01
-1.234319795617506799e+01
-1.234281435377353731e+01
-1.234244251973119688e+01
-1.234205859729572552e+01
-1.234682959051935214e+01
-1.234623067119345663e+01
-1.234582622576524713e+01
-1.234546975760086340e+01
-1.234505372465950401e+01
-1.234469217403560570e+01
-1.234430552176264229e+01
-1.234389875007992288e+01
-1.234337389058533674e+01
-1.234296547700204982e+01
-1.234254815435008190e+01
-1.234219259994925366e+01
-1.234181289482653554e+01
-1.232041359938252789e+01
-1.235708182029745217e+01
-1.236975906248423840e+01
-1.236934599829985970e+01
-1.236898616366402237e+01
-1.236860207559499791e+01
-1.236842762082615721e+01
-1.236806293935842405e+01
-1.237250847296186507e+01
-1.231820081565418157e+01
-1.234553942544188843e+01
-1.234495843086224198e+01
-1.234475093865508910e+01
-1.234939184137682489e+01
-1.234927930257673090e+01
-1.235424893348903019e+01
-1.233056238317676012e+01
-1.233127979897297699e+01
-1.233044316922861938e+01
-1.233015538941111444e+01
-1.232979518644944328e+01
-1.233415248322669733e+01
-1.233843324951000398e+01
-1.233807748950063399e+01
-1.233746019344214062e+01
-1.233700350330115292e+01
-1.233661484350200332e+01
-1.233635585245716015e+01
-1.233596191596341107e+01
-1.233557132912077314e+01
-1.233528421904847683e+01
-1.233495930456245304e+01
-1.233453756224642817e+01
-1.233414575101562249e+01
-1.233384196237518715e+01
-1.233339680175613928e+01
-1.233286149467245352e+01
-1.233251311323510890e+01
-1.233219469217799258e+01
-1.233175759081711576e+01
-1.233138150408978362e+01
-1.233110056596567539e+01
-1.233080508080606208e+01
-1.233032054562954016e+01
-1.232989630575007745e+01
-1.232951134676548222e+01
-1.232909374991666596e+01
-1.232844476463785810e+01
-1.232809757903091530e+01
-1.232761396579354241e+01
-1.232729852218512789e+01
-1.232676046013160409e+01
-1.232644520178894609e+01
-1.233130370943569076e+01
-1.233079060210188693e+01
-1.233042953827587063e+01
-1.232987470683586828e+01
-1.233226414948506999e+01
-1.233190529923551360e+01
-1.233153979546554524e+01
-1.233117713067321830e+01
-1.233076413991425468e+01
-1.233040424372636323e+01
-1.233010326712708604e+01
-1.232959617374177697e+01
-1.232935656010367609e+01
-1.232877847186787434e+01
-1.232847003503195538e+01
-1.233259013742257260e+01
-1.233230219790807070e+01
-1.233193682168730732e+01
-1.233143890168089385e+01
-1.233114030040712628e+01
-1.233058771342666304e+01
-1.234035523882182872e+01
-1.234007071928241928e+01
-1.233970747005736968e+01
-1.233920222506960584e+01
-1.233882017630272010e+01
-1.233837201437569675e+01
-1.233774599776066516e+01
-1.233738402561602854e+01
-1.233714446542383847e+01
-1.233676600177169647e+01
-1.233639309782767768e+01
-1.233597001340764265e+01
-1.233561550663071849e+01
-1.233512809991049330e+01
-1.233485419309806730e+01
-1.233437403145402911e+01
-1.233403130320126628e+01
-1.233859023346669836e+01
-1.233831476399929983e+01
-1.233796234799731373e+01
-1.233757018810771910e+01
-1.233720270632018945e+01
-1.233681393300163975e+01
-1.233640531533334617e+01
-1.233598822516236027e+01
-1.233567519169811710e+01
-1.233522107120287359e+01
-1.233482339756787383e+01
-1.233438497276602952e+01
-1.233401044672489100e+01
-1.233370283695736447e+01
-1.233341402324011682e+01
-1.233298829481111625e+01
-1.233265568632889675e+01
-1.233765041537528084e+01
-1.234149904320074498e+01
-1.234630426396780223e+01
-1.234595821576679775e+01
-1.234574227475468966e+01
-1.235035441998446792e+01
-1.235104621203389108e+01
-1.235647201291970809e+01
-1.235592572460759619e+01
-1.235552911549576827e+01
-1.236002397680144504e+01
-1.236492785864169441e+01
-1.236465909067136160e+01
-1.236430724139398052e+01
-1.236952682503278567e+01
-1.237401914007780057e+01
-1.237351105778161831e+01
-1.237323792675496392e+01
-1.237281325446034863e+01
-1.237243278362144316e+01
-1.237194384707896155e+01
-1.237152681457486025e+01
-1.237109358236546974e+01
-1.237058756266108617e+01
-1.237022210215246076e+01
-1.236991850056221764e+01
-1.236945664488404972e+01
-1.236374566779297979e+01
-1.236324215385260672e+01
-1.236282085287226096e+01
-1.236245941566721207e+01
-1.236219719427089636e+01
-1.236729962618284695e+01
-1.236683833441667346e+01
-1.236636366535637599e+01
-1.236594387853561727e+01
-1.236561560449137431e+01
-1.236523363742292858e+01
-1.236485237759319133e+01
-1.236450594834210115e+01
-1.236409828662638155e+01
-1.236368316565311076e+01
-1.236332372812506541e+01
-1.236291383529839827e+01
-1.236244586269099521e+01
-1.236199500080312141e+01
-1.236165481611935668e+01
-1.236130795425739848e+01
-1.236091346183261486e+01
-1.236063027801708358e+01
-1.236026958012342902e+01
-1.236484670516439444e+01
-1.236449373431660348e+01
-1.236411191644322827e+01
-1.236364434424421255e+01
-1.237524132941186927e+01
-1.236969879988053123e+01
-1.236935121081722677e+01
-1.236883299759879939e+01
-1.237406863675753144e+01
-1.237359325778726493e+01
-1.237319923167702740e+01
-1.242488666436780420e+01
-1.243125470055890247e+01
-1.243094266821681337e+01
-1.243056326994940441e+01
-1.243012738963171238e+01
-1.242294654240595442e+01
-1.242263170822971219e+01
-1.242234086380087099e+01
-1.242195535628918535e+01
-1.242135898509556391e+01
-1.242089022779132890e+01
-1.242054522026586305e+01
-1.242021714942960742e+01
-1.241983533846779686e+01
-1.241931774872066185e+01
-1.241891968126266654e+01
-1.241856832960115575e+01
-1.241799878563544546e+01
-1.242307858339941795e+01
-1.242271698295037119e+01
-1.242218067607631049e+01
-1.242188093200802967e+01
-1.242155906909259500e+01
-1.242094533270427803e+01
-1.242058495445824562e+01
-1.241999434929068258e+01
-1.241934864409280870e+01
-1.242431501802882643e+01
-1.242945544830963200e+01
-1.242899427548844038e+01
-1.242856037157726057e+01
-1.242814909074838781e+01
-1.242760120191596407e+01
-1.242725937253066704e+01
-1.242669752217158674e+01
-1.242610400102054236e+01
-1.242562955194897967e+01
-1.242527451010168349e+01
-1.242486972921228450e+01
-1.242454174296255509e+01
-1.242422195496154913e+01
-1.242388923697326675e+01
-1.242348532586839305e+01
-1.242300908838381268e+01
-1.242252383217907408e+01
-1.242198821800094422e+01
-1.242157956469976021e+01
-1.242120723685043870e+01
-1.242086850458859182e+01
-1.242043128569778965e+01
-1.241994298708659095e+01
-1.241962614678269183e+01
-1.241924860954771859e+01
-1.241886956459280000e+01
-1.241846498438317248e+01
-1.241795321589474277e+01
-1.241753193820507839e+01
-1.241714693450925466e+01
-1.241674975727094932e+01
-1.241628936253520266e+01
-1.241596300800968855e+01
-1.241560313590692033e+01
-1.241518795749355952e+01
-1.241482850109427361e+01
-1.241448197564945488e+01
-1.241414736546510866e+01
-1.241386627464097714e+01
-1.241346560532439014e+01
-1.241304435458211053e+01
-1.241263371219621447e+01
-1.241221287268290752e+01
-1.241180039354381037e+01
-1.241133062120338870e+01
-1.241107607786871192e+01
-1.241053877673686401e+01
-1.240994523608342170e+01
-1.240957231438619424e+01
-1.240924824690963391e+01
-1.240874094679658413e+01
-1.240832659083391931e+01
-1.240791186345578723e+01
-1.241299832739347053e+01
-1.241256832189214521e+01
-1.241216083270706250e+01
-1.241167333405993212e+01
-1.241137828368978369e+01
-1.241089482275479305e+01
-1.241029876951899702e+01
-1.240992480167733980e+01
-1.240959194767174623e+01
-1.240917232041489626e+01
-1.240867969028797191e+01
-1.240827642822083376e+01
-1.240801106233525708e+01
-1.240941898645740871e+01
-1.240902436420327426e+01
-1.240871297699317388e+01
-1.240837682921196539e+01
-1.240799008041913964e+01
-1.240769906639932607e+01
-1.240724912493370979e+01
-1.240694738920093165e+01
-1.240623684637732183e+01
-1.240576696766312459e+01
-1.240540429994853078e+01
-1.240496755532048390e+01
-1.240462195683388025e+01
-1.915887754306979929e+01
-1.240975553792651631e+01
-1.240937595701024421e+01
-1.240896819519783278e+01
-1.240862388491401802e+01
-1.240823051161472712e+01
-1.240782010642666755e+01
-1.240741609226598641e+01
-1.240702319253679420e+01
-1.240668561172845230e+01
-1.240610659099930757e+01
-1.240589410314105479e+01
-1.240554785463259080e+01
-1.240518458547438385e+01
-1.240481390732711731e+01
-1.240449043008097796e+01
-1.240409932171336393e+01
-1.240378020723523811e+01
-1.240340817420615593e+01
-1.240308361954539329e+01
-1.240268422192669107e+01
-1.240237719868504129e+01
-1.240200794190226752e+01
-1.240157018832756997e+01
-1.240117582740291624e+01
-1.240074317743004251e+01
-1.240042263927995414e+01
-1.240012063362688899e+01
-1.241071478923140248e+01
-1.241035769731770699e+01
-1.240981883169031086e+01
-1.240930073513173859e+01
-1.240898697581675236e+01
-1.240848389605327462e+01
-1.240817649277032864e+01
-1.240783033810222946e+01
-1.240749637498641711e+01
-1.240714338877049272e+01
-1.240685475298292140e+01
-1.240637095611196905e+01
-1.241627966853872600e+01
-1.241603338766335618e+01
-1.241565620040075224e+01
-1.241529381831107592e+01
-1.241484772427013716e+01
-1.241442028167363354e+01
-1.241406129417518400e+01
-1.241366491043598685e+01
-1.241321656828923103e+01
-1.241280728038112002e+01
-1.241243455909090443e+01
-1.241217328553418575e+01
-1.241683107729012647e+01
-1.241645307048916358e+01
-1.242148327350762571e+01
-1.242092203359109348e+01
-1.243283939411284678e+01
-1.243247074478785485e+01
-1.243218284607289092e+01
-1.243187435129379814e+01
-1.243132803817721665e+01
-2.108752437222641518e+01
-1.243675063532359459e+01
-1.243643438314692062e+01
-1.243611057122267738e+01
-1.243575928357081928e+01
-1.243544044529330250e+01
-1.243518906041860106e+01
-1.243475229577176933e+01
-1.243449576353471997e+01
-1.243413170364027387e+01
-1.243382262240073999e+01
-1.243346811269998753e+01
-1.243308726140031695e+01
-1.243276037808553802e+01
-1.243239990762362268e+01
-1.243476559325017128e+01
-1.243448117135021569e+01
-1.243410564695578735e+01
-1.243375439894692214e+01
-1.243339305887185375e+01
-1.243303622770882200e+01
-1.243261746675049473e+01
-1.243224159970846543e+01
-1.243180171372471499e+01
-1.243139113308336974e+01
-1.242215480961773544e+01
-1.242371806954216495e+01
-1.242330063364591197e+01
-1.242264754021085338e+01
-1.242237489742302259e+01
-1.242201891251117551e+01
-1.242145544504061228e+01
-1.242101643825504276e+01
-1.242067514657293081e+01
-1.242018198258872452e+01
-1.241957844197680494e+01
-1.241917295610928385e+01
-1.242614374263550836e+01
-1.241829541644429113e+01
-1.241792251462446472e+01
-1.241760745111776032e+01
-1.241727441179421731e+01
-1.241688439939306221e+01
-1.241653265335049383e+01
-1.241619046959159434e+01
-1.241571703721155551e+01
-1.241542851963155059e+01
-1.241488160742660085e+01
-1.242010097124419232e+01
-1.243029335740401287e+01
-1.242990349511099524e+01
-1.242950844168781188e+01
-1.242917313753425290e+01
-1.242877292518999788e+01
-1.242847174113261310e+01
-1.242810142930562378e+01
-1.242756677287206379e+01
-1.242714839880826894e+01
-1.242637026249385457e+01
-1.242581170174490701e+01
-1.242544819042101878e+01
-1.242509178469237874e+01
-1.242477363470614193e+01
-1.242435794485957601e+01
-1.242412179276230511e+01
-1.242372767244888720e+01
-1.242332554785253329e+01
-1.242306872315262645e+01
-1.242265121837583841e+01
-1.242228610365617669e+01
-1.242195314783916160e+01
-1.242162187174961119e+01
-1.242122411538496429e+01
-1.242077543742115608e+01
-1.242596754794319480e+01
-1.242549763642663230e+01
-1.242493127183882606e+01
-1.242457618846733425e+01
-1.242420513485756217e+01
-1.242894910471682657e+01
-1.242857756164675109e+01
-1.242805384480694464e+01
-1.242219826861708931e+01
-1.242173162289777189e+01
-1.242144073577372687e+01
-1.242095036241554773e+01
-1.242067357075060130e+01
-1.242010197052294274e+01
-1.241974927454981703e+01
-1.242469067571751040e+01
-1.242431655000311963e+01
-1.242397133360785944e+01
-1.242362587274876695e+01
-1.242306936793569427e+01
-1.242285792698442748e+01
-1.242227442485707201e+01
-1.242194625745439041e+01
-1.242160117655517482e+01
-1.242125990540572111e+01
-1.242093297072521629e+01
-1.242059024004701051e+01
-1.242033769088619266e+01
-1.241986869486245126e+01
-1.241954815228647035e+01
-1.241921140338374663e+01
-1.241864249245310425e+01
-1.241823331056340507e+01
-1.241778751241229450e+01
-1.241739743869728407e+01
-1.241709363860051596e+01
-1.241679256871762504e+01
-1.241643776118955245e+01
-1.241602774484966609e+01
-1.241565464026729515e+01
-1.241532025833905273e+01
-1.241496744237702998e+01
-1.241462385012405001e+01
-1.241891844214332075e+01
-1.242375284190306317e+01
-1.242331340059770994e+01
-1.242289819756174829e+01
-1.242249071177831965e+01
-1.242219891438945290e+01
-1.242176186595001397e+01
-1.242140403322638953e+01
-1.242099911640830534e+01
-1.869927993642269470e+01
-1.243705349913795466e+01
-1.243667469672188020e+01
-1.243631711946933649e+01
-1.243598273506524698e+01
-1.243549403092157490e+01
-1.243510694055639476e+01
-1.243463281837803791e+01
-1.243418058839991325e+01
-1.243356754119381513e+01
-1.243324680333279808e+01
-1.243278072986093541e+01
-1.243226524341462458e+01
-1.243188642825359835e+01
-3.010996231618532804e+01
-1.245790123207631339e+01
-1.245762472424162937e+01
-1.245728229101938389e+01
-1.245696958032391954e+01
-1.245674624915019990e+01
-1.245643950143486656e+01
-1.245593121202129261e+01
-1.245565478518319047e+01
-1.245525423501556617e+01
-1.245487807509275058e+01
-1.245451853740660297e+01
-1.245423202185095057e+01
-1.245391382888481147e+01
-1.245347784962451243e+01
-1.245313381640281314e+01
-1.245276802267026106e+01
-1.245220850086191966e+01
-1.245175195289829873e+01
-1.245147061113795672e+01
-1.245116003208974220e+01
-1.243709577144657707e+01
-1.245040491630749102e+01
-1.245005983909767444e+01
-1.243574408467155124e+01
-1.243537751451574991e+01
-1.243491008606171100e+01
-1.243457044041216619e+01
-1.243397659631474816e+01
-1.243367745613162612e+01
-1.243335680918304753e+01
-1.243301945324374458e+01
-1.243276615819914710e+01
-1.243233146980460369e+01
-1.243158711576418796e+01
-1.243130911044100806e+01
-1.243098912055061689e+01
-1.243035768667641605e+01
-1.242997596481533762e+01
-1.242967035878640836e+01
-1.242934316357140290e+01
-1.242894359636162172e+01
-1.242856480020435406e+01
-1.242816822281044331e+01
-1.242779047361227995e+01
-1.242740338041825865e+01
-1.242707685667935813e+01
-1.242681606464134525e+01
-1.242645982108984981e+01
-1.242606332005550307e+01
-1.242564195877852740e+01
-1.242530487026247599e+01
-1.242493848809921531e+01
-1.242975765588739456e+01
-1.242940713998215685e+01
-1.242896767273525072e+01
-1.242862627799469699e+01
-1.242825994869717654e+01
-1.242776147715638757e+01
-1.242737952394609380e+01
-1.242707176514866951e+01
-1.242674295309892862e+01
-1.242641630650921414e+01
-1.242601592519151943e+01
-1.242568862352563741e+01
-1.242535535419557391e+01
-1.242501295425341290e+01
-1.242453697194072149e+01
-1.242414902296139623e+01
-1.242372520658031299e+01
-1.242325525345301074e+01
-1.242291903566675160e+01
-1.242226328881880271e+01
-1.242187957687284161e+01
-1.242134660609712427e+01
-1.242089522750745267e+01
-1.242045203814305765e+01
-1.242018840466334417e+01
-1.241979350923197245e+01
-1.241950183266783370e+01
-1.241896945538649710e+01
-1.241861841471769168e+01
-1.242339875452382536e+01
-1.242298670069993527e+01
-1.242243485833034455e+01
-1.242175173895964413e+01
-1.242133961339479242e+01
-1.242112717448464565e+01
-1.242066806078080887e+01
-1.242042150978383042e+01
-1.241994008088163781e+01
-1.242534286491935980e+01
-1.242459458497511626e+01
-1.242407695970561932e+01
-1.242365125666763426e+01
-1.242301703453024686e+01
-1.242260005999081152e+01
-1.242238445963022642e+01
-1.242190863370155007e+01
-1.242166123331579897e+01
-1.242121061135848414e+01
-1.242088017298472025e+01
-1.242053473179012713e+01
-1.242024366640470134e+01
-1.241973273728191351e+01
-1.241924982192669269e+01
-1.241896737689712715e+01
-1.241865998203304144e+01
-1.241820663894634613e+01
-1.241785152483515020e+01
-1.241750612256258179e+01
-1.241725780434760473e+01
-1.241692103493115162e+01
-1.241654318909165688e+01
-1.241612851314337540e+01
-1.241577043265068703e+01
-1.241542113591432184e+01
-1.241507781290036050e+01
-1.241463297413808675e+01
-1.241431492887983801e+01
-1.241407374838849265e+01
-1.241829510682840265e+01
-1.241800682277112600e+01
-1.241767155693315949e+01
-1.241728441399357230e+01
-1.241689586008659596e+01
-1.241654276449359884e+01
-1.241620904234214606e+01
-1.241572348487941824e+01
-1.241543772648845589e+01
-1.241516572957127984e+01
-1.241496224929682768e+01
-1.241459563349277317e+01
-1.241427319875230495e+01
-1.241394345986653214e+01
-1.241362408300556197e+01
-1.241321956091649525e+01
-1.241276768378880924e+01
-1.241711828167292708e+01
-1.242079206420641846e+01
-1.242045335643036807e+01
-1.242018706892215896e+01
-1.241986849195697751e+01
-1.241953725061865832e+01
-1.241916604557545156e+01
-1.241868016972038369e+01
-1.241837292797808701e+01
-1.241788336729279685e+01
-1.241755332499522169e+01
-1.241731430052312923e+01
-1.241703733008953847e+01
-1.241666887263018459e+01
-1.241639280497276054e+01
-1.241609350450042548e+01
-1.241578681514623561e+01
-1.241539151579190126e+01
-1.241493437885085172e+01
-1.241467902873129603e+01
-1.241435353531934460e+01
-1.241388474403756881e+01
-1.241347749530306821e+01
-1.241270538868514706e+01
-1.241232000191138773e+01
-1.241193052972208299e+01
-1.241116938608660369e+01
-1.241084715121867355e+01
-1.241035803456890108e+01
-1.240993614984025761e+01
-1.240950560228344735e+01
-1.240915799733588543e+01
-1.240885932736275521e+01
-1.240839301725852550e+01
-1.240804019409612202e+01
-1.240759416677577853e+01
-1.240721680458138643e+01
-1.240684310303426408e+01
-1.241144770672499753e+01
-1.241102255773437513e+01
-1.241067239990528392e+01
-1.242136053215150859e+01
-1.242103772038685250e+01
-1.242067600995572718e+01
-1.242008148309141191e+01
-1.241978095539210081e+01
-1.241945353253887419e+01
-1.241913325627885989e+01
-1.241876838461260313e+01
-1.241803050977942746e+01
-1.241757161932958375e+01
-1.241715623366081367e+01
-1.241637025761142610e+01
-1.241613028613495828e+01
-1.241564038155875593e+01
-1.241515966353146538e+01
-1.241479055331257797e+01
-1.241444816164191423e+01
-1.241407635190151026e+01
-1.241369557784967448e+01
-1.241327867613861180e+01
-1.241780238487919164e+01
-1.241733197032436919e+01
-1.241698334809701798e+01
-1.241656214306990513e+01
-1.241619517619459856e+01
-1.241578479916134903e+01
-1.241536235800026589e+01
-1.241498543375958974e+01
-1.241455615699161186e+01
-1.241427380279325199e+01
-1.241399753462489386e+01
-1.904729513006735431e+01
-1.241541050349118613e+01
-1.241509477624080304e+01
-1.241438661594783710e+01
-1.241397694361771897e+01
-1.241360734195132132e+01
-1.241334964828014442e+01
-1.241301549850947339e+01
-1.241266443645131368e+01
-1.241224868889879218e+01
-1.241185791216914325e+01
-1.241155591868160002e+01
-1.241082148997076828e+01
-1.241040427348525910e+01
-1.240989854709584961e+01
-1.241515010515830220e+01
-1.241466721908211923e+01
-1.241431090712558394e+01
-1.241395907924627728e+01
-1.241360198847365837e+01
-1.241322460367000957e+01
-1.241287419862312724e+01
-1.241258185747176945e+01
-1.241224653921289267e+01
-1.241112687684609028e+01
-1.241649042385251889e+01
-1.241608789819877678e+01
-1.241579422223945528e+01
-1.241544464078748256e+01
-1.241503908289209868e+01
-1.241470661420865085e+01
-1.241436442339682422e+01
-1.241382061791071045e+01
-1.241269206654245139e+01
-1.241237327601207241e+01
-1.241207083115605769e+01
-1.241168524560610642e+01
-1.241122972519384327e+01
-1.241089042578514068e+01
-1.241043143621771350e+01
-1.241011310837524562e+01
-1.240978497449426854e+01
-1.240934910247323941e+01
-1.240906568796687282e+01
-1.240863262081440332e+01
-1.240819252359510294e+01
-1.240759712330663689e+01
-1.240715676053583749e+01
-1.240678165156717760e+01
-1.240624337003132283e+01
-1.240592234504582692e+01
-1.240558994192376652e+01
-1.240523924013073120e+01
-1.240465296397908901e+01
-1.240430103473190293e+01
-1.240385580033883173e+01
-1.240338084532550056e+01
-1.240311109730118666e+01
-1.240273381304569433e+01
-1.240208114577606757e+01
-1.240169889319937901e+01
-1.240138141443202535e+01
-1.240098747426774040e+01
-1.240069223720221459e+01
-1.240029821441091151e+01
-1.239988817054232229e+01
-1.239933220420049764e+01
-1.239900298719524230e+01
-1.239865400263425954e+01
-1.239823916210928978e+01
-1.239783927729638968e+01
-1.239749081524164787e+01
-1.239714225431957217e+01
-1.239677134288055349e+01
-1.240158577322636901e+01
-1.240126942335447424e+01
-1.240081334899477028e+01
-1.240041685237482305e+01
-1.240005245413451185e+01
-1.239967138427071980e+01
-1.239930250738950868e+01
-1.239895777326173310e+01
-1.239862678602918500e+01
-1.239806463174774365e+01
-1.239775240576389237e+01
-1.239741872521074662e+01
-1.239708938939059557e+01
-1.239663272994178023e+01
-1.240115533251110946e+01
-1.240074950155464428e+01
-1.240548013477216571e+01
-1.240502077721088448e+01
-1.240468530585317630e+01
-1.240444819967865975e+01
-1.240397542211665893e+01
-1.240350053893291893e+01
-1.240317028767126928e+01
-1.240277343540633836e+01
-1.240238254606678048e+01
-1.240211080134541710e+01
-1.240166335404035713e+01
-1.240126529460765958e+01
-1.240087739512596166e+01
-1.240055250601419878e+01
-1.240020522498970479e+01
-1.239978943135323775e+01
-1.239943473477463876e+01
-1.239912183416553759e+01
-1.240521946932235764e+01
-1.240484987428920860e+01
-1.240443925924736135e+01
-1.240405419365700368e+01
-1.240233085591755291e+01
-1.239817943988821547e+01
-1.239782708002784339e+01
-1.239749199315420469e+01
-1.239709601661052396e+01
-1.239669405935541135e+01
-1.239640532876739520e+01
-1.239611301323644277e+01
-1.240033570474884250e+01
-1.240002268889246118e+01
-1.239968056120311601e+01
-1.239940171819818104e+01
-1.239907295302963419e+01
-1.239869182363958977e+01
-1.239836237093338767e+01
-1.240312741658625306e+01
-1.240273429022572671e+01
-1.240242771815245959e+01
-1.240205542974108077e+01
-1.240175615769769735e+01
-1.240143683528625473e+01
-1.240099557257135920e+01
-1.240066302838054924e+01
-1.240022265467304052e+01
-1.239972714234868256e+01
-1.239945305732015157e+01
-1.239921551296621338e+01
-1.239896105876902332e+01
-1.240319740071494081e+01
-1.240279746515481030e+01
-1.240236263792637139e+01
-1.240206207538736116e+01
-1.240177670684624012e+01
-1.240138861615665888e+01
-1.240098789955542280e+01
-1.240063140590110891e+01
-1.240606084672941556e+01
-1.240576523435591128e+01
-1.240548657632998264e+01
-1.240518149428711681e+01
-1.240478788338814020e+01
-1.240439828742184325e+01
-1.240412101332324113e+01
-1.240345839623571500e+01
-1.240303896256774863e+01
-1.240271435298892477e+01
-1.240241357402457467e+01
-1.240196094311809816e+01
-1.240162405229109410e+01
-1.240130433422973333e+01
-1.240632362998109883e+01
-1.240595050033860680e+01
-1.240547887904562430e+01
-1.240520271614462189e+01
-1.240486769982398840e+01
-1.240450963905916382e+01
-1.240398695406719298e+01
-1.240841647280270621e+01
-1.240807477073265552e+01
-1.240777133562535717e+01
-1.240745997109289789e+01
-1.240704170113362714e+01
-1.240678762860669515e+01
-1.240630514515351734e+01
-1.240599626441414749e+01
-1.240566211778999772e+01
-1.240750437979345655e+01
-1.240707126189056275e+01
-1.240677914484802891e+01
-1.240647874548491636e+01
-1.240599922175241332e+01
-1.240571817484767614e+01
-1.240534165404830702e+01
-1.240500469878712586e+01
-1.240445649310676934e+01
-1.240415281254537483e+01
-1.240374772209885279e+01
-1.240345280050183163e+01
-1.240305243869327789e+01
-1.240266966757324774e+01
-1.240195182683024377e+01
-1.240148424459875010e+01
-1.240113153302871929e+01
-1.240075002171862195e+01
-1.240026293785249045e+01
-1.239990410257981068e+01
-1.239952321952692138e+01
-1.239916542707458191e+01
-1.239883448687143641e+01
-1.239806836242438237e+01
-1.239768703287930940e+01
-1.239742201857531079e+01
-1.239696855463272129e+01
-1.239662459837262354e+01
-1.239622710069183498e+01
-1.239584309294670916e+01
-1.239551548619266086e+01
-1.239489528158646792e+01
-1.239452404734687541e+01
-1.239397558788617282e+01
-1.239817702208448758e+01
-1.239780854157310941e+01
-1.239753430336812023e+01
-1.239721069139566545e+01
-1.239684242947414816e+01
-1.239635989437338459e+01
-1.239599858676133692e+01
-1.239546138800602471e+01
-1.239494280317780195e+01
-1.239453038324131917e+01
-1.239429921457408668e+01
-1.239391776707350346e+01
-1.239339817608918004e+01
-1.239809140475213489e+01
-1.239769912855197909e+01
-1.239733432233880528e+01
-1.239703160935973791e+01
-1.239665497622506152e+01
-1.239602983583629481e+01
-1.239576723831695482e+01
-1.239526023548344824e+01
-1.239470655708846181e+01
-1.239433290216312678e+01
-1.239366127762072445e+01
-1.239328380331203583e+01
-1.239289118406268031e+01
-2.200960358091126423e+01
-1.239779257079721830e+01
-1.239750098787414423e+01
-1.239691285179089952e+01
-1.239654904655709089e+01
-1.239618510549703601e+01
-1.239580756978140741e+01
-1.239548848588042951e+01
-1.239508878276316040e+01
-1.239483952431504221e+01
-1.239455325722101975e+01
-1.239411094485830489e+01
-1.239380613743197124e+01
-1.239346663847893026e+01
-1.239299056030817248e+01
-1.239264962121312408e+01
-1.239235206185407634e+01
-1.239199560013035750e+01
-1.239161549359289971e+01
-1.239134048065513127e+01
-1.239085231695248979e+01
-1.239059518389835546e+01
-1.239478101992430048e+01
-1.239451822697614425e+01
-1.239417221714994710e+01
-1.239380410194535465e+01
-1.239327654595703443e+01
-1.239295596968761259e+01
-1.239259747756664432e+01
-1.239225721165704464e+01
-1.239193758311378168e+01
-1.239140454255241686e+01
-1.239116138434230407e+01
-1.239391712575504556e+01
-1.239869463263588933e+01
-1.239828344746061894e+01
-1.240338813830457809e+01
-1.240310650290780181e+01
-1.240256355739735206e+01
-1.240210107284434748e+01
-1.240172591844204675e+01
-1.240144716792993407e+01
-1.240104869949139932e+01
-1.240059671200219249e+01
-1.240027054408276719e+01
-1.239986962624325351e+01
-1.239951440434284891e+01
-1.239914232848641262e+01
-1.239870681744409353e+01
-1.239843193047664016e+01
-1.239811250182156854e+01
-1.239760153196338699e+01
-1.239681719601486876e+01
-1.239635313703067965e+01
-1.239599898693965230e+01
-1.239561433405750357e+01
-1.239522301565440898e+01
-1.239491609226044666e+01
-1.239451837294483383e+01
-1.239420987475825520e+01
-1.239385177657214498e+01
-1.239340680144638185e+01
-1.239301862718761882e+01
-1.239267987688993955e+01
-1.239237156682709085e+01
-1.239172823542858914e+01
-1.239131214941181724e+01
-1.239097473507036362e+01
-1.239053557440594844e+01
-1.239025279588360640e+01
-1.238994383340691918e+01
-1.238950572062142719e+01
-1.238916302392177826e+01
-1.238879017479438893e+01
-1.238844183582590119e+01
-1.238817296332179119e+01
-1.238777534773760713e+01
-1.238736674187867948e+01
-1.238667967918492607e+01
-1.238612352426969920e+01
-1.238573157858709806e+01
-1.238533965175663276e+01
-1.238503511728729833e+01
-1.238454925381037697e+01
-1.238426096765398299e+01
-1.238398191620742139e+01
-1.238372025674992472e+01
