5.159896606980346405e+03
4.122337661802172988e+03
3.293420479437668746e+03
2.631190510811517015e+03
2.102129732728592899e+03
1.679460186394581797e+03
1.341788651313759829e+03
1.072023856975343051e+03
8.565114286907286214e+02
6.843427840790204755e+02
5.468030007732617150e+02
4.369297094951469376e+02
3.491606856934510574e+02
2.790523017779112251e+02
2.230545877359001850e+02
1.783315119188835922e+02
1.426173808038844584e+02
1.141020820406004930e+02
9.133935116560597578e+01
7.317340232080427143e+01
5.868018582182451581e+01
4.712026792993341928e+01
3.790091096732624720e+01
3.054540327808800981e+01
2.466809312097119289e+01
1.995398206998181223e+01
1.614223062285870824e+01
1.301365854722999593e+01
1.038339651343963510e+01
8.101082028294067428e+00
6.061254326531432035e+00
4.222914125937589525e+00
2.625621163822168924e+00
1.372838820504033608e+00
5.564621538509666454e-01
1.566217209919341102e-01
2.639491419529903238e-02
2.181380672080300391e-03
6.729554629024609748e-05
5.285757862834125116e-07
7.267311452109271942e-10
