1.628000000000000003e-01
1.380000000000000115e-01
1.448000000000000120e-01
1.393000000000000071e-01
1.540999999999999870e-01
1.337000000000000133e-01
1.320000000000000062e-01
1.376999999999999891e-01
1.355999999999999983e-01
1.272999999999999965e-01
1.350999999999999979e-01
1.487999999999999878e-01
1.348000000000000032e-01
1.381999999999999895e-01
1.252999999999999947e-01
1.262999999999999956e-01
1.285999999999999921e-01
1.208999999999999936e-01
1.287999999999999978e-01
1.342000000000000137e-01
1.282999999999999974e-01
1.219999999999999973e-01
1.288999999999999868e-01
1.290999999999999925e-01
1.313999999999999890e-01
1.264000000000000123e-01
1.199999999999999956e-01
1.572000000000000064e-01
1.597000000000000086e-01
1.458000000000000129e-01
1.365000000000000102e-01
1.363999999999999935e-01
1.195999999999999980e-01
1.421999999999999931e-01
1.312000000000000111e-01
1.479000000000000037e-01
1.247000000000000053e-01
1.839999999999999969e-01
1.527999999999999914e-01
1.237000000000000044e-01
1.293999999999999873e-01
1.345999999999999974e-01
1.327000000000000124e-01
1.277000000000000079e-01
1.317000000000000115e-01
1.255000000000000004e-01
1.320999999999999952e-01
1.370000000000000107e-01
1.325000000000000067e-01
1.355000000000000093e-01
1.275999999999999912e-01
1.282000000000000084e-01
1.272000000000000075e-01
1.325000000000000067e-01
1.189000000000000057e-01
1.242999999999999938e-01
1.203999999999999931e-01
1.260000000000000009e-01
1.270000000000000018e-01
1.158000000000000002e-01
1.350999999999999979e-01
1.330999999999999961e-01
1.158000000000000002e-01
1.288999999999999868e-01
1.355000000000000093e-01
1.343000000000000027e-01
2.058999999999999997e-01
1.537999999999999923e-01
1.401999999999999913e-01
1.489000000000000046e-01
1.390000000000000124e-01
1.419999999999999873e-01
1.373000000000000054e-01
1.231000000000000011e-01
1.264000000000000123e-01
3.556000000000000272e-01
2.230999999999999928e-01
1.804999999999999938e-01
1.643000000000000016e-01
1.477999999999999869e-01
1.474000000000000032e-01
1.365999999999999992e-01
1.471000000000000085e-01
1.393999999999999961e-01
1.318999999999999895e-01
1.426000000000000045e-01
1.385000000000000120e-01
1.243999999999999967e-01
1.255000000000000004e-01
6.467000000000000526e-01
4.017000000000000015e-01
2.838999999999999857e-01
2.686000000000000054e-01
1.960999999999999965e-01
1.938000000000000000e-01
1.847999999999999921e-01
1.938999999999999890e-01
1.819999999999999951e-01
1.758000000000000118e-01
1.696000000000000008e-01
1.603999999999999870e-01
1.605999999999999928e-01
1.617000000000000104e-01
1.663999999999999924e-01
1.698000000000000065e-01
1.572999999999999954e-01
1.449000000000000010e-01
1.429999999999999882e-01
1.456000000000000072e-01
1.474999999999999922e-01
1.449000000000000010e-01
1.318999999999999895e-01
1.463000000000000134e-01
1.429999999999999882e-01
1.395000000000000129e-01
1.411999999999999922e-01
1.337000000000000133e-01
1.391999999999999904e-01
1.499000000000000055e-01
1.396000000000000019e-01
1.398999999999999966e-01
1.302000000000000102e-01
1.252999999999999947e-01
1.293999999999999873e-01
1.255000000000000004e-01
1.333000000000000018e-01
1.292999999999999983e-01
1.307000000000000106e-01
1.348999999999999921e-01
1.373000000000000054e-01
1.214999999999999969e-01
1.307999999999999996e-01
1.290999999999999925e-01
1.204999999999999960e-01
1.282000000000000084e-01
1.323999999999999899e-01
1.252999999999999947e-01
1.307999999999999996e-01
1.113999999999999990e-01
1.195999999999999980e-01
1.345000000000000084e-01
1.449000000000000010e-01
1.345999999999999974e-01
1.275000000000000022e-01
1.671999999999999875e-01
1.481000000000000094e-01
1.383999999999999952e-01
1.393999999999999961e-01
1.207000000000000017e-01
1.370000000000000107e-01
1.288999999999999868e-01
1.305999999999999939e-01
1.310000000000000053e-01
1.348999999999999921e-01
1.305000000000000049e-01
1.381000000000000005e-01
1.176999999999999991e-01
2.033000000000000085e-01
1.461999999999999966e-01
1.426999999999999935e-01
1.431000000000000050e-01
1.242999999999999938e-01
1.345999999999999974e-01
1.126999999999999946e-01
1.233999999999999958e-01
1.274000000000000132e-01
1.312000000000000111e-01
1.293999999999999873e-01
1.370000000000000107e-01
1.414999999999999869e-01
1.338999999999999913e-01
1.313999999999999890e-01
1.391999999999999904e-01
2.021999999999999909e-01
1.456999999999999962e-01
1.521000000000000130e-01
1.416999999999999926e-01
1.401000000000000023e-01
1.348999999999999921e-01
1.202000000000000013e-01
1.300000000000000044e-01
1.234999999999999987e-01
1.759999999999999898e-01
1.471000000000000085e-01
1.373000000000000054e-01
1.418999999999999984e-01
1.328000000000000014e-01
1.255999999999999894e-01
1.303999999999999881e-01
1.302000000000000102e-01
1.295999999999999930e-01
1.333000000000000018e-01
1.368999999999999939e-01
1.333000000000000018e-01
1.285000000000000031e-01
1.151999999999999968e-01
1.307999999999999996e-01
1.293999999999999873e-01
1.272000000000000075e-01
1.229999999999999982e-01
1.244999999999999996e-01
1.307000000000000106e-01
1.274000000000000132e-01
1.252999999999999947e-01
1.234999999999999987e-01
1.277000000000000079e-01
1.174000000000000044e-01
1.242000000000000048e-01
1.250000000000000000e-01
1.250000000000000000e-01
1.259000000000000119e-01
1.170000000000000068e-01
1.741000000000000048e-01
1.406000000000000028e-01
1.310000000000000053e-01
1.290999999999999925e-01
1.330000000000000071e-01
1.232000000000000040e-01
1.366999999999999882e-01
1.355999999999999983e-01
1.265999999999999903e-01
1.265999999999999903e-01
1.274000000000000132e-01
1.217000000000000026e-01
1.112999999999999962e-01
1.280999999999999917e-01
1.270000000000000018e-01
1.260999999999999899e-01
1.388999999999999957e-01
1.618999999999999884e-01
1.496000000000000107e-01
1.290999999999999925e-01
1.454999999999999905e-01
1.192000000000000004e-01
1.302000000000000102e-01
1.300000000000000044e-01
1.378999999999999948e-01
1.247000000000000053e-01
1.370000000000000107e-01
1.243999999999999967e-01
1.252999999999999947e-01
1.163000000000000006e-01
1.180999999999999966e-01
1.302999999999999992e-01
1.335999999999999965e-01
1.275000000000000022e-01
1.333000000000000018e-01
1.257999999999999952e-01
1.343000000000000027e-01
1.111000000000000043e-01
1.247999999999999943e-01
1.228000000000000064e-01
1.223999999999999949e-01
1.231000000000000011e-01
1.242000000000000048e-01
1.176999999999999991e-01
1.163000000000000006e-01
1.073000000000000065e-01
1.126000000000000056e-01
1.154000000000000026e-01
1.313999999999999890e-01
1.348000000000000032e-01
1.277999999999999969e-01
1.262000000000000066e-01
1.062000000000000027e-01
1.315999999999999948e-01
1.205999999999999989e-01
2.243999999999999884e-01
1.444999999999999896e-01
1.385000000000000120e-01
2.212999999999999967e-01
1.711999999999999911e-01
1.449000000000000010e-01
1.472999999999999865e-01
1.396999999999999909e-01
1.378999999999999948e-01
1.398000000000000076e-01
1.363999999999999935e-01
1.406999999999999917e-01
1.282000000000000084e-01
1.292000000000000093e-01
1.388999999999999957e-01
1.406999999999999917e-01
1.355999999999999983e-01
1.479999999999999927e-01
1.137999999999999984e-01
1.267000000000000071e-01
1.350999999999999979e-01
1.270999999999999908e-01
1.166999999999999982e-01
1.713000000000000078e-01
1.534000000000000086e-01
1.274000000000000132e-01
1.308999999999999886e-01
1.164000000000000035e-01
1.449999999999999900e-01
1.312000000000000111e-01
1.238999999999999962e-01
1.255000000000000004e-01
1.202000000000000013e-01
1.236000000000000015e-01
1.295999999999999930e-01
2.645000000000000129e-01
1.806999999999999995e-01
1.461000000000000076e-01
1.492999999999999883e-01
1.449999999999999900e-01
1.259000000000000119e-01
1.327000000000000124e-01
1.368000000000000049e-01
1.277999999999999969e-01
1.121999999999999942e-01
1.333000000000000018e-01
1.193000000000000033e-01
1.315000000000000058e-01
1.232000000000000040e-01
1.676999999999999880e-01
1.610999999999999932e-01
1.386000000000000010e-01
1.287999999999999978e-01
1.269000000000000128e-01
1.295999999999999930e-01
1.234999999999999987e-01
1.272999999999999965e-01
1.385000000000000120e-01
1.293999999999999873e-01
2.116999999999999993e-01
1.454000000000000015e-01
1.376999999999999891e-01
1.320000000000000062e-01
1.265000000000000013e-01
1.260999999999999899e-01
1.228999999999999954e-01
1.265999999999999903e-01
1.282000000000000084e-01
1.290999999999999925e-01
1.366999999999999882e-01
1.180999999999999966e-01
1.264000000000000123e-01
1.203999999999999931e-01
1.290000000000000036e-01
1.242000000000000048e-01
1.226000000000000006e-01
1.207000000000000017e-01
1.179000000000000048e-01
1.308999999999999886e-01
1.302000000000000102e-01
1.250000000000000000e-01
1.160000000000000059e-01
1.264000000000000123e-01
1.112999999999999962e-01
1.223000000000000059e-01
1.315999999999999948e-01
1.197000000000000008e-01
1.232000000000000040e-01
1.173000000000000015e-01
1.238999999999999962e-01
1.282999999999999974e-01
1.145000000000000046e-01
1.155000000000000054e-01
1.226000000000000006e-01
1.170000000000000068e-01
1.140000000000000041e-01
1.247999999999999943e-01
1.217000000000000026e-01
1.156999999999999973e-01
1.135000000000000037e-01
1.218000000000000055e-01
1.203999999999999931e-01
1.228999999999999954e-01
1.170000000000000068e-01
1.322000000000000119e-01
1.063999999999999946e-01
1.160999999999999949e-01
1.200999999999999984e-01
1.703999999999999959e-01
1.479000000000000037e-01
1.373999999999999944e-01
1.214999999999999969e-01
1.174999999999999933e-01
1.170000000000000068e-01
1.338999999999999913e-01
1.282000000000000084e-01
1.254000000000000115e-01
1.272999999999999965e-01
1.212000000000000022e-01
1.170999999999999958e-01
1.320000000000000062e-01
1.197000000000000008e-01
1.199000000000000066e-01
1.185999999999999971e-01
2.127000000000000002e-01
1.522999999999999909e-01
1.219999999999999973e-01
1.179999999999999938e-01
1.223000000000000059e-01
1.282999999999999974e-01
1.218999999999999945e-01
1.154000000000000026e-01
1.252999999999999947e-01
1.199999999999999956e-01
1.205999999999999989e-01
1.174999999999999933e-01
1.208000000000000046e-01
1.252000000000000057e-01
1.236000000000000015e-01
1.223999999999999949e-01
1.139000000000000012e-01
1.197000000000000008e-01
2.152000000000000024e-01
1.441999999999999948e-01
1.428999999999999992e-01
1.164000000000000035e-01
1.345999999999999974e-01
1.285999999999999921e-01
1.239999999999999991e-01
1.257000000000000062e-01
1.112999999999999962e-01
1.195999999999999980e-01
1.272999999999999965e-01
1.295000000000000040e-01
1.279000000000000137e-01
1.176999999999999991e-01
1.087999999999999939e-01
1.259000000000000119e-01
1.193000000000000033e-01
1.203999999999999931e-01
1.173000000000000015e-01
1.122999999999999970e-01
1.210999999999999993e-01
1.093999999999999972e-01
1.170999999999999958e-01
1.310999999999999943e-01
1.418000000000000094e-01
1.373000000000000054e-01
1.242000000000000048e-01
1.267000000000000071e-01
1.140000000000000041e-01
1.265999999999999903e-01
1.345000000000000084e-01
1.773000000000000131e-01
1.340000000000000080e-01
1.418000000000000094e-01
1.406000000000000028e-01
1.340999999999999970e-01
1.310000000000000053e-01
1.244999999999999996e-01
1.252000000000000057e-01
1.305000000000000049e-01
1.042000000000000010e-01
1.243999999999999967e-01
1.175999999999999962e-01
1.203999999999999931e-01
1.250999999999999890e-01
1.295000000000000040e-01
1.164000000000000035e-01
1.246000000000000024e-01
1.292999999999999983e-01
1.215999999999999998e-01
1.189999999999999947e-01
1.202000000000000013e-01
1.854999999999999982e-01
1.400000000000000133e-01
1.351999999999999869e-01
2.096000000000000085e-01
1.598999999999999866e-01
1.370999999999999996e-01
1.390000000000000124e-01
1.335000000000000075e-01
1.213000000000000050e-01
1.247000000000000053e-01
1.229999999999999982e-01
1.275000000000000022e-01
1.260000000000000009e-01
1.212000000000000022e-01
1.718000000000000083e-01
1.413999999999999979e-01
1.355000000000000093e-01
1.436000000000000054e-01
1.368999999999999939e-01
1.305999999999999939e-01
1.223000000000000059e-01
1.719999999999999862e-01
1.507999999999999896e-01
1.310000000000000053e-01
1.429999999999999882e-01
1.295999999999999930e-01
1.395000000000000129e-01
1.323000000000000009e-01
1.365999999999999992e-01
1.323999999999999899e-01
1.305000000000000049e-01
1.168000000000000010e-01
1.308999999999999886e-01
1.395000000000000129e-01
1.145999999999999935e-01
1.194999999999999951e-01
1.320000000000000062e-01
1.208000000000000046e-01
1.188000000000000028e-01
1.049999999999999961e-01
1.187000000000000000e-01
1.237999999999999934e-01
1.152999999999999997e-01
1.232000000000000040e-01
1.287000000000000088e-01
1.252999999999999947e-01
1.077000000000000041e-01
1.233000000000000068e-01
1.165000000000000063e-01
1.219999999999999973e-01
1.197000000000000008e-01
1.227000000000000035e-01
1.149000000000000021e-01
1.203000000000000042e-01
1.193000000000000033e-01
1.209999999999999964e-01
1.247000000000000053e-01
1.178000000000000019e-01
1.180999999999999966e-01
1.233000000000000068e-01
1.210999999999999993e-01
1.270000000000000018e-01
1.084999999999999992e-01
1.151999999999999968e-01
1.514999999999999958e-01
1.453000000000000125e-01
1.315999999999999948e-01
1.300000000000000044e-01
1.241000000000000020e-01
1.366999999999999882e-01
1.144000000000000017e-01
1.270000000000000018e-01
1.210999999999999993e-01
1.228000000000000064e-01
1.179999999999999938e-01
1.150999999999999940e-01
1.174000000000000044e-01
1.933999999999999886e-01
2.202999999999999958e-01
1.680000000000000104e-01
1.648000000000000020e-01
1.582000000000000073e-01
1.446999999999999953e-01
1.348000000000000032e-01
1.409999999999999865e-01
1.423000000000000098e-01
1.300000000000000044e-01
1.310000000000000053e-01
1.219999999999999973e-01
1.338999999999999913e-01
4.257000000000000228e-01
2.295999999999999985e-01
1.792999999999999872e-01
1.723999999999999977e-01
1.395000000000000129e-01
1.280999999999999917e-01
1.318999999999999895e-01
1.406000000000000028e-01
1.332000000000000128e-01
1.308999999999999886e-01
1.307999999999999996e-01
1.358999999999999930e-01
1.358000000000000040e-01
1.292000000000000093e-01
1.386000000000000010e-01
1.275999999999999912e-01
1.237000000000000044e-01
1.346999999999999864e-01
1.315999999999999948e-01
1.250000000000000000e-01
1.199000000000000066e-01
1.233999999999999958e-01
1.195999999999999980e-01
1.125000000000000028e-01
1.260999999999999899e-01
1.264000000000000123e-01
1.257000000000000062e-01
1.174999999999999933e-01
1.300999999999999934e-01
1.204999999999999960e-01
1.292000000000000093e-01
1.139000000000000012e-01
3.086999999999999744e-01
1.976999999999999869e-01
1.688999999999999946e-01
1.776000000000000079e-01
1.506000000000000116e-01
1.383999999999999952e-01
1.391000000000000014e-01
1.474999999999999922e-01
1.474999999999999922e-01
1.318000000000000005e-01
1.411999999999999922e-01
1.383999999999999952e-01
1.310999999999999943e-01
1.308999999999999886e-01
1.229999999999999982e-01
1.386999999999999900e-01
1.238999999999999962e-01
1.396000000000000019e-01
1.223999999999999949e-01
1.137999999999999984e-01
1.086000000000000021e-01
1.246000000000000024e-01
1.250000000000000000e-01
1.205999999999999989e-01
1.224999999999999978e-01
1.178000000000000019e-01
1.247999999999999943e-01
1.192000000000000004e-01
1.255999999999999894e-01
1.178000000000000019e-01
1.246000000000000024e-01
1.200999999999999984e-01
1.386999999999999900e-01
1.131999999999999951e-01
1.136000000000000065e-01
1.160999999999999949e-01
1.140000000000000041e-01
1.221000000000000002e-01
1.165999999999999953e-01
1.242000000000000048e-01
1.146999999999999964e-01
1.238999999999999962e-01
1.222000000000000031e-01
1.116000000000000048e-01
1.214999999999999969e-01
1.209999999999999964e-01
1.328000000000000014e-01
1.322000000000000119e-01
1.199000000000000066e-01
1.117999999999999966e-01
1.194999999999999951e-01
1.042000000000000010e-01
1.207000000000000017e-01
1.302999999999999992e-01
