-1.627999999999952263e-01
-1.379999999999944604e-01
-1.447999999999940446e-01
-1.392999999999935679e-01
-1.540999999999954351e-01
-1.336999999999962663e-01
-1.319999999999947049e-01
-1.376999999999934665e-01
-1.355999999999941696e-01
-1.272999999999945842e-01
-1.350999999999945300e-01
-1.487999999999927991e-01
-1.347999999999937581e-01
-1.381999999999955764e-01
-1.252999999999957481e-01
-1.262999999999959710e-01
-1.285999999999946908e-01
-1.208999999999945674e-01
-1.287999999999953904e-01
-1.341999999999929083e-01
-1.282999999999949459e-01
-1.219999999999949181e-01
-1.288999999999956014e-01
-1.290999999999940806e-01
-1.313999999999952706e-01
-1.263999999999942392e-01
-8.318344259745353853e+00
-1.571999999999943998e-01
-1.596999999999929309e-01
-1.457999999999934071e-01
-1.364999999999914615e-01
-1.363999999999961910e-01
-1.195999999999957236e-01
-1.421999999999922215e-01
-1.311999999999928224e-01
-1.478999999999929815e-01
8.753000000000464853e-01
-1.839999999999913094e-01
-1.527999999999930525e-01
-1.236999999999943284e-01
-1.293999999999926598e-01
-1.345999999999940855e-01
-1.326999999999935731e-01
-1.276999999999950397e-01
-1.316999999999937110e-01
-1.254999999999945604e-01
-1.320999999999926400e-01
-1.369999999999960971e-01
-1.324999999999957601e-01
-1.354999999999939864e-01
-1.275999999999932188e-01
-1.281999999999939854e-01
-1.271999999999943454e-01
-1.324999999999944000e-01
-1.188999999999954815e-01
-1.242999999999946092e-01
-1.203999999999939841e-01
-1.259999999999942555e-01
-1.269999999999942841e-01
-1.157999999999955870e-01
-1.350999999999938361e-01
-1.330999999999953332e-01
-1.157999999999951846e-01
-1.288999999999944912e-01
-1.354999999999951521e-01
-1.131619083466509856e+01
-2.058999999999842623e-01
-1.537999999999916656e-01
-1.401999999999954671e-01
-1.488999999999959523e-01
-1.389999999999935731e-01
-1.419999999999957963e-01
-1.372999999999942877e-01
-1.230999999999962957e-01
-4.896002768008397510e+01
-3.555999999999747696e-01
-2.230999999999868644e-01
-1.804999999999903348e-01
-1.642999999999910365e-01
-1.477999999999956293e-01
-1.473999999999917598e-01
-1.365999999999941150e-01
-1.470999999999949848e-01
-1.393999999999948614e-01
-1.318999999999954931e-01
-1.425999999999939261e-01
-1.384999999999931009e-01
-1.243999999999936962e-01
1.874500000000035360e+00
-6.466999999999651916e-01
-4.016999999999849580e-01
-2.838999999999873847e-01
-2.685999999999907906e-01
-1.960999999999901988e-01
-1.937999999999917566e-01
-1.847999999999917209e-01
-1.938999999999907742e-01
-1.819999999999911688e-01
-1.757999999999877161e-01
-1.695999999999923125e-01
-1.603999999999931314e-01
-1.605999999999937478e-01
-1.616999999999952642e-01
-1.663999999999923596e-01
-1.697999999999915965e-01
-1.572999999999938336e-01
-1.448999999999932009e-01
-1.429999999999933824e-01
-1.455999999999958716e-01
-1.474999999999958844e-01
-1.448999999999941168e-01
-1.318999999999942718e-01
-1.462999999999936851e-01
-1.429999999999937432e-01
-1.394999999999942120e-01
-1.411999999999948019e-01
-1.336999999999956834e-01
-1.391999999999939674e-01
-1.498999999999939825e-01
-1.395999999999943120e-01
-1.398999999999938626e-01
-1.301999999999961244e-01
-1.252999999999930558e-01
-1.293999999999933814e-01
-1.254999999999950044e-01
-1.332999999999926466e-01
-1.292999999999960847e-01
-1.306999999999949869e-01
-1.348999999999958010e-01
-1.372999999999937881e-01
-1.214999999999936131e-01
-1.307999999999941987e-01
-1.290999999999954684e-01
-1.204999999999950833e-01
-1.281999999999937634e-01
-1.323999999999956323e-01
-1.252999999999952485e-01
-1.307999999999948371e-01
-1.113999999999947532e-01
-1.195999999999967506e-01
-1.344999999999951790e-01
-1.448999999999953103e-01
-1.345999999999948071e-01
-1.102689376861035520e+01
-1.671999999999920494e-01
-1.480999999999947636e-01
-1.383999999999957764e-01
-1.393999999999931405e-01
-1.206999999999946172e-01
-1.369999999999933216e-01
-1.288999999999946022e-01
-1.305999999999936934e-01
-1.309999999999935383e-01
-1.348999999999941357e-01
-1.304999999999952032e-01
-1.380999999999937278e-01
-9.867958922862086979e+00
-2.032999999999874075e-01
-1.461999999999931965e-01
-1.426999999999932489e-01
-1.430999999999935934e-01
-1.242999999999958444e-01
-1.345999999999956120e-01
-1.126999999999953733e-01
-1.233999999999938896e-01
-1.273999999999944066e-01
-1.311999999999952649e-01
-1.293999999999946304e-01
-1.369999999999932105e-01
-1.414999999999927704e-01
-1.338999999999936352e-01
-1.313999999999953816e-01
-9.381295580346433738e+00
-2.021999999999954112e-01
-1.456999999999926410e-01
-1.520999999999932961e-01
-1.416999999999954962e-01
-1.400999999999952839e-01
-1.348999999999935251e-01
-1.201999999999951302e-01
-1.299999999999949252e-01
-1.537522280229367233e+01
-1.759999999999928288e-01
-1.470999999999952901e-01
-1.372999999999938714e-01
-1.418999999999943362e-01
-1.327999999999958380e-01
-1.255999999999947714e-01
-1.303999999999950477e-01
-1.301999999999938762e-01
-1.295999999999941921e-01
-1.332999999999944785e-01
-1.368999999999933881e-01
-1.332999999999934237e-01
-1.284999999999966447e-01
-1.151999999999948482e-01
-1.307999999999940599e-01
-1.293999999999956296e-01
-1.271999999999947895e-01
-1.229999999999975419e-01
-1.244999999999964052e-01
-1.306999999999929607e-01
-1.273999999999949617e-01
-1.252999999999934999e-01
-1.234999999999925185e-01
-1.276999999999937074e-01
-1.173999999999963406e-01
-1.241999999999947313e-01
-1.249999999999948791e-01
-1.249999999999948513e-01
-1.258999999999960151e-01
-9.522395542398379931e+00
-1.740999999999908454e-01
-1.405999999999934802e-01
-1.309999999999938158e-01
-1.290999999999941084e-01
-1.329999999999931792e-01
-1.231999999999948692e-01
-1.366999999999928828e-01
-1.355999999999964456e-01
-1.265999999999945225e-01
-1.265999999999956049e-01
-1.273999999999942678e-01
-1.216999999999956450e-01
-1.112999999999940010e-01
-1.280999999999957728e-01
-1.269999999999942841e-01
-1.260999999999949939e-01
8.611000000000306187e-01
-1.618999999999936046e-01
-1.495999999999955976e-01
-1.290999999999945802e-01
-1.454999999999923854e-01
-1.191999999999957399e-01
-1.301999999999954305e-01
-1.299999999999935096e-01
-1.378999999999944437e-01
-1.246999999999956338e-01
-1.369999999999954310e-01
-1.243999999999954587e-01
-1.252999999999949154e-01
-1.162999999999965173e-01
-1.180999999999947370e-01
-1.302999999999942538e-01
-1.335999999999932519e-01
-1.274999999999950895e-01
-1.332999999999935070e-01
-1.257999999999940000e-01
-1.342999999999929805e-01
-1.110999999999945781e-01
-1.247999999999945819e-01
-1.227999999999947328e-01
-1.223999999999960536e-01
-1.230999999999946026e-01
-1.241999999999936904e-01
-1.176999999999954055e-01
-1.162999999999950324e-01
-1.072999999999957599e-01
-1.125999999999945933e-01
-1.153999999999951315e-01
-1.313999999999934665e-01
-1.347999999999933973e-01
-1.277999999999949177e-01
-1.261999999999945665e-01
-1.061999999999954647e-01
-1.315999999999946102e-01
-1.130536558206323505e+01
-2.243999999999873873e-01
-1.444999999999944662e-01
8.615000000000271330e-01
-2.212999999999898937e-01
-1.711999999999919420e-01
-1.448999999999930621e-01
-1.472999999999944909e-01
-1.396999999999918585e-01
-1.378999999999940551e-01
-1.397999999999938181e-01
-1.363999999999939150e-01
-1.406999999999946349e-01
-1.281999999999953455e-01
-1.291999999999938475e-01
-1.388999999999937784e-01
-1.406999999999933859e-01
-1.355999999999953909e-01
-1.479999999999941640e-01
-1.137999999999956824e-01
-1.266999999999944004e-01
-1.350999999999943080e-01
-1.270999999999938290e-01
8.833000000000107432e-01
-1.712999999999936518e-01
-1.533999999999937913e-01
-1.273999999999941568e-01
-1.308999999999945207e-01
-1.163999999999948826e-01
-1.449999999999943279e-01
-1.311999999999959865e-01
-1.238999999999947782e-01
-1.254999999999950600e-01
-1.201999999999950053e-01
-1.235999999999945198e-01
-4.849806629941033975e+01
-2.644999999999833595e-01
-1.806999999999901463e-01
-1.460999999999940957e-01
-1.492999999999937710e-01
-1.449999999999935785e-01
-1.258999999999938779e-01
-1.326999999999948499e-01
-1.367999999999925109e-01
-1.277999999999935576e-01
-1.121999999999963721e-01
-1.332999999999942564e-01
-1.192999999999935640e-01
-1.314999999999950930e-01
-1.353154106070335949e+01
-1.676999999999916613e-01
-1.610999999999931098e-01
-1.385999999999940890e-01
-1.287999999999940581e-01
-1.268999999999941009e-01
-1.295999999999929431e-01
-1.234999999999949610e-01
-1.272999999999941956e-01
-1.384999999999930731e-01
-3.020051685189446644e+01
-2.116999999999914783e-01
-1.453999999999942838e-01
-1.376999999999959368e-01
-1.319999999999925955e-01
-1.264999999999939506e-01
-1.260999999999955490e-01
-1.228999999999933479e-01
-1.265999999999954939e-01
-1.281999999999940687e-01
-1.290999999999934145e-01
-1.366999999999941873e-01
-1.180999999999955558e-01
-1.263999999999941837e-01
-1.203999999999954135e-01
-1.289999999999935365e-01
-1.241999999999949394e-01
-1.225999999999965728e-01
-1.206999999999943535e-01
-1.178999999999967851e-01
-1.308999999999946873e-01
-1.301999999999961244e-01
-1.249999999999956146e-01
-1.159999999999940246e-01
-1.263999999999929624e-01
-1.112999999999959994e-01
-1.222999999999946491e-01
-1.315999999999940273e-01
-1.196999999999951297e-01
-1.231999999999959516e-01
-1.172999999999951443e-01
-1.238999999999940149e-01
-1.282999999999947516e-01
-1.144999999999959106e-01
-1.154999999999962723e-01
-1.225999999999949769e-01
-1.169999999999940532e-01
-1.139999999999955910e-01
-1.247999999999945958e-01
-1.216999999999954230e-01
-1.156999999999956119e-01
-1.134999999999947579e-01
-1.217999999999954397e-01
-1.203999999999951914e-01
-1.228999999999944442e-01
-1.169999999999948581e-01
-1.321999999999950159e-01
-1.063999999999961504e-01
-1.160999999999950960e-01
-1.015619207493456067e+01
-1.703999999999892823e-01
-1.478999999999942028e-01
-1.373999999999941102e-01
-1.214999999999935160e-01
-1.174999999999931377e-01
-1.169999999999953300e-01
-1.338999999999937185e-01
-1.281999999999929030e-01
-1.253999999999926562e-01
-1.272999999999945286e-01
-1.211999999999944649e-01
-1.170999999999945557e-01
-1.319999999999955098e-01
-1.196999999999941999e-01
-1.198999999999948579e-01
8.814000000000334900e-01
-2.126999999999907576e-01
-1.522999999999944121e-01
-1.219999999999944323e-01
-1.179999999999951782e-01
-1.222999999999960091e-01
-1.282999999999945295e-01
-1.218999999999947070e-01
-1.153999999999954507e-01
-1.252999999999946656e-01
-1.199999999999959294e-01
-1.205999999999936012e-01
-1.174999999999948169e-01
-1.207999999999938567e-01
-1.251999999999955926e-01
-1.235999999999963933e-01
-1.223999999999944854e-01
-1.138999999999955742e-01
-1.221865519503717401e+01
-2.151999999999879010e-01
-1.441999999999925286e-01
-1.428999999999947257e-01
-1.163999999999942164e-01
-1.345999999999956676e-01
-1.285999999999939969e-01
-1.239999999999946978e-01
-1.256999999999949547e-01
-1.112999999999946255e-01
-1.195999999999936697e-01
-1.272999999999938625e-01
-1.294999999999948137e-01
-1.278999999999928527e-01
-1.176999999999957525e-01
-1.087999999999941653e-01
-1.258999999999939612e-01
-1.192999999999951183e-01
-1.203999999999959269e-01
-1.172999999999946169e-01
-1.122999999999965415e-01
-1.210999999999950866e-01
-1.093999999999946543e-01
-1.170999999999951663e-01
-1.472498706018383174e+01
-1.417999999999947913e-01
-1.372999999999940657e-01
-1.241999999999957444e-01
-1.266999999999956494e-01
-1.139999999999945363e-01
-1.265999999999948000e-01
-1.508055875843753846e+01
-1.772999999999899934e-01
-1.339999999999942903e-01
-1.417999999999945138e-01
-1.405999999999940908e-01
-1.340999999999938352e-01
-1.309999999999917619e-01
-1.244999999999931023e-01
-1.251999999999932334e-01
-1.304999999999948701e-01
-1.041999999999954490e-01
-1.243999999999954448e-01
-1.175999999999954165e-01
-1.203999999999958437e-01
-1.250999999999943824e-01
-1.294999999999953133e-01
-1.163999999999943413e-01
-1.245999999999955338e-01
-1.292999999999941141e-01
-1.215999999999948650e-01
-1.189999999999962199e-01
-1.085360005502393754e+01
-1.854999999999929206e-01
-1.399999999999937406e-01
-1.166814041642828670e+01
-2.095999999999890728e-01
-1.598999999999902999e-01
-1.370999999999944485e-01
-1.389999999999946556e-01
-1.334999999999952613e-01
-1.212999999999943707e-01
-1.246999999999951619e-01
-1.229999999999949745e-01
-1.274999999999921474e-01
-1.259999999999944498e-01
-1.005557615731955501e+01
-1.717999999999905991e-01
-1.413999999999959178e-01
-1.354999999999935145e-01
-1.435999999999945931e-01
-1.368999999999946648e-01
-1.305999999999948036e-01
8.777000000000135804e-01
-1.719999999999919094e-01
-1.507999999999923568e-01
-1.309999999999935383e-01
-1.429999999999923554e-01
-1.295999999999938868e-01
-1.394999999999934903e-01
-1.322999999999930898e-01
-1.365999999999910341e-01
-1.323999999999943555e-01
-1.304999999999937599e-01
-1.167999999999953242e-01
-1.308999999999944652e-01
-1.394999999999931850e-01
-1.145999999999959690e-01
-1.194999999999940138e-01
-1.319999999999955653e-01
-1.207999999999943563e-01
-1.187999999999953399e-01
-1.049999999999951666e-01
-1.186999999999950456e-01
-1.237999999999951639e-01
-1.152999999999943653e-01
-1.231999999999938145e-01
-1.286999999999958733e-01
-1.252999999999939718e-01
-1.076999999999955632e-01
-1.232999999999959545e-01
-1.164999999999959956e-01
-1.219999999999960977e-01
-1.196999999999934367e-01
-1.226999999999959096e-01
-1.148999999999961025e-01
-1.202999999999953967e-01
-1.192999999999963812e-01
-1.209999999999950837e-01
-1.246999999999945791e-01
-1.177999999999964770e-01
-1.180999999999948619e-01
-1.232999999999952745e-01
-1.210999999999941984e-01
-1.269999999999938955e-01
-1.084999999999944065e-01
-1.046629085785749780e+01
-1.514999999999935010e-01
-1.452999999999927405e-01
-1.315999999999953318e-01
-1.299999999999940370e-01
-1.240999999999957831e-01
-1.366999999999928828e-01
-1.143999999999948808e-01
-1.269999999999955886e-01
-1.210999999999950866e-01
-1.227999999999937197e-01
-1.179999999999961080e-01
-1.150999999999955947e-01
-1.797877222540940423e+01
-8.768833618740613289e+00
-2.202999999999863956e-01
-1.679999999999929605e-01
-1.647999999999884002e-01
-1.581999999999936790e-01
-1.446999999999935282e-01
-1.347999999999924536e-01
-1.409999999999947684e-01
-1.422999999999957632e-01
-1.299999999999931211e-01
-1.309999999999946485e-01
-1.219999999999942519e-01
8.661000000000316223e-01
-4.256999999999805384e-01
-2.295999999999876473e-01
-1.792999999999920213e-01
-1.723999999999923094e-01
-1.394999999999953499e-01
-1.280999999999939132e-01
-1.318999999999944106e-01
-1.405999999999953121e-01
-1.331999999999936568e-01
-1.308999999999937713e-01
-1.307999999999949758e-01
-1.358999999999966346e-01
-1.357999999999947305e-01
-1.291999999999937920e-01
-1.385999999999944221e-01
-1.275999999999939405e-01
-1.236999999999946892e-01
-1.346999999999936581e-01
-1.315999999999935555e-01
-1.249999999999942407e-01
-1.198999999999943167e-01
-1.233999999999946112e-01
-1.195999999999958763e-01
-1.124999999999963113e-01
-1.260999999999927179e-01
-1.263999999999952939e-01
-1.256999999999943995e-01
-1.174999999999942757e-01
-1.300999999999937207e-01
-1.204999999999945698e-01
-1.291999999999942361e-01
-1.205836802219690007e+01
-1.247262982680756593e+01
-1.976999999999946855e-01
-7.779691406894798433e+00
-1.775999999999921253e-01
-1.505999999999928229e-01
-1.383999999999938335e-01
-1.390999999999933678e-01
-1.474999999999936640e-01
-1.474999999999931366e-01
-1.317999999999949490e-01
-1.411999999999944966e-01
-1.383999999999931119e-01
-1.310999999999948873e-01
-1.308999999999946318e-01
-1.229999999999938920e-01
-1.386999999999960487e-01
-1.238999999999949725e-01
-1.395999999999940344e-01
-1.223999999999951099e-01
-1.137999999999952383e-01
-1.085999999999957971e-01
-1.245999999999941876e-01
-1.249999999999943101e-01
-1.205999999999944755e-01
-1.224999999999937667e-01
-1.177999999999961717e-01
-1.247999999999941378e-01
-1.191999999999937970e-01
-1.255999999999955763e-01
-1.177999999999947145e-01
-1.245999999999936464e-01
-1.200999999999944473e-01
-1.386999999999939115e-01
-1.131999999999957623e-01
-1.135999999999947191e-01
-1.160999999999945131e-01
-1.139999999999942587e-01
-1.220999999999948654e-01
-1.165999999999956654e-01
-1.241999999999950782e-01
-1.146999999999963743e-01
-1.238999999999954027e-01
-1.221999999999958814e-01
-1.115999999999964243e-01
-1.214999999999947927e-01
-1.209999999999954723e-01
-1.327999999999935621e-01
-1.321999999999948494e-01
-1.198999999999956767e-01
-1.117999999999949867e-01
-1.194999999999940832e-01
-1.041999999999957266e-01
-1.206999999999953249e-01
-1.302999999999953362e-01
