1.044466024093227752e+01
1.257279788120195541e+01
1.233246093904421414e+01
1.062559932104791471e+01
8.554674533090542710e+00
6.709207508743719295e+00
5.244853800614468042e+00
4.132939389250429585e+00
3.305886686107679662e+00
2.665998044439185755e+00
2.105319940768815457e+00
1.598858561455862359e+00
1.209636661699258431e+00
9.631645818795601111e-01
7.976421727882156976e-01
6.608315506013786589e-01
5.539582140398943144e-01
4.691688547386325125e-01
3.822122296871250380e-01
2.917029243752285450e-01
2.087543713247025090e-01
1.400793752291773775e-01
9.402211717167417715e-02
7.648995866224984896e-02
7.967938729646141527e-02
8.482280802705156886e-02
7.875581189925941195e-02
6.394068961808213603e-02
4.934987057736273802e-02
4.029958623696777015e-02
3.946734173528198414e-02
4.516993534328446469e-02
4.761460641588618342e-02
3.857293809448089639e-02
2.235979777507615673e-02
9.024455222494009998e-03
2.494494253484270344e-03
4.655139475918715873e-04
5.789490092942912780e-05
4.746373852886198487e-06
2.543335620562541370e-07
8.852404411467512865e-09
1.992693542993851004e-10
2.892373239558257175e-12
2.701752596240250288e-14
1.622000634022008818e-16
6.253220913778616563e-19
1.547270270004178821e-21
2.456319560975448733e-24
2.501272854984542151e-27
2.952229159569729077e-47
